438 2240
2 1 1791 1 2111
2 1 1468 1 2108
2 1 1466 1 1786
2 1 1786 1 2106
2 1 1784 1 2104
2 1 1454 1 1774
2 1 1466 1 2106
2 1 1774 1 2094
2 1 1464 1 1784
2 1 1464 1 2104
2 1 1454 1 2094
2 1 1773 1 2093
2 1 1448 1 1768
2 1 1768 1 2088
2 1 1772 1 2092
2 1 1448 1 2088
2 1 1767 1 2087
2 1 1452 1 2092
2 1 1447 1 2087
2 1 1445 1 2085
2 1 1765 1 2085
2 1 1452 1 1772
2 1 1445 1 1765
2 1 1764 1 2084
2 1 1444 1 2084
2 1 1444 1 1764
2 1 1447 1 1767
2 1 1443 1 2083
2 1 1762 1 2082
2 1 1441 1 2081
2 1 1434 1 2074
2 1 1755 1 2075
2 1 1435 1 2075
2 1 1435 1 1755
2 1 1431 1 2071
2 1 1748 1 2068
2 1 1428 1 1748
2 1 1428 1 2068
2 1 1747 1 2067
2 1 1427 1 1747
2 1 1427 1 2067
2 1 1426 1 2066
2 1 1422 1 1742
2 1 1742 1 2062
2 1 1422 1 2062
2 1 1421 1 2061
2 1 1420 1 2060
2 1 1411 1 2051
2 1 1731 1 2051
2 1 1411 1 1731
2 1 1410 1 2050
2 1 1424 1 1744
2 1 975 1 1615
2 1 1295 1 1615
2 1 975 1 1295
2 1 974 1 1294
2 1 967 1 1607
2 1 964 1 1604
2 1 1342 1 1662
2 1 1337 1 1657
2 1 1016 1 1656
2 1 1461 1 1781
2 1 1334 1 1654
2 1 1005 1 1645
2 1 1323 1 1643
2 1 1003 1 1643
2 1 1003 1 1323
2 1 1001 1 1641
2 1 998 1 1318
2 1 996 1 1316
2 1 995 1 1635
2 1 987 1 1627
2 1 1307 1 1627
2 1 987 1 1307
2 1 986 1 1626
2 1 1306 1 1626
2 1 986 1 1306
2 1 985 1 1625
2 1 985 1 1305
2 1 1305 1 1625
2 1 983 1 1623
2 1 1303 1 1623
2 1 983 1 1303
2 1 981 1 1621
2 1 977 1 1297
2 1 979 1 1299
2 1 978 1 1618
2 1 835 1 1155
2 1 834 1 1474
2 1 961 1 1281
2 1 1281 1 1601
2 1 961 1 1601
2 1 895 1 1215
2 1 894 1 1534
2 1 1212 1 1532
2 1 1020 1 1340
2 1 889 1 1529
2 1 1209 1 1529
2 1 889 1 1209
2 1 887 1 1527
2 1 1208 1 1528
2 1 1207 1 1527
2 1 887 1 1207
2 1 1459 1 1779
2 1 1332 1 1652
2 1 1205 1 1525
2 1 1012 1 1652
2 1 1012 1 1332
2 1 882 1 1202
2 1 1776 1 2096
2 1 1456 1 1776
2 1 1456 1 2096
2 1 1329 1 1649
2 1 1009 1 1649
2 1 1009 1 1329
2 1 1775 1 2095
2 1 878 1 1198
2 1 878 1 1518
2 1 1198 1 1518
2 1 1004 1 1324
2 1 877 1 1517
2 1 1324 1 1644
2 1 1004 1 1644
2 1 1192 1 1512
2 1 1191 1 1511
2 1 876 1 1516
2 1 871 1 1191
2 1 871 1 1511
2 1 874 1 1514
2 1 1446 1 2086
2 1 869 1 1509
2 1 1188 1 1508
2 1 868 1 1188
2 1 868 1 1508
2 1 1187 1 1507
2 1 867 1 1507
2 1 867 1 1187
2 1 1186 1 1506
2 1 866 1 1506
2 1 866 1 1186
2 1 865 1 1505
2 1 1185 1 1505
2 1 865 1 1185
2 1 1312 1 1632
2 1 992 1 1312
2 1 992 1 1632
2 1 1439 1 1759
2 1 1180 1 1500
2 1 1178 1 1498
2 1 858 1 1498
2 1 858 1 1178
2 1 1177 1 1497
2 1 857 1 1497
2 1 857 1 1177
2 1 1175 1 1495
2 1 854 1 1174
2 1 854 1 1494
2 1 1174 1 1494
2 1 1302 1 1622
2 1 852 1 1172
2 1 851 1 1491
2 1 1171 1 1491
2 1 851 1 1171
2 1 850 1 1170
2 1 850 1 1490
2 1 1170 1 1490
2 1 849 1 1489
2 1 1169 1 1489
2 1 849 1 1169
2 1 1168 1 1488
2 1 1166 1 1486
2 1 845 1 1485
2 1 845 1 1165
2 1 1165 1 1485
2 1 1738 1 2058
2 1 1164 1 1484
2 1 844 1 1164
2 1 844 1 1484
2 1 1291 1 1611
2 1 840 1 1160
2 1 1158 1 1478
2 1 1285 1 1605
2 1 965 1 1285
2 1 965 1 1605
2 1 1023 1 1663
2 1 832 1 1472
2 1 1087 1 2047
2 1 767 1 2047
2 1 767 1 1087
2 1 1919 1 2239
2 1 1086 1 2046
2 1 958 1 2238
2 1 1085 1 2045
2 1 765 1 1085
2 1 765 1 2045
2 1 1469 1 2109
2 1 1789 1 2109
2 1 1469 1 1789
2 1 1084 1 2044
2 1 764 1 1084
2 1 764 1 2044
2 1 957 1 2237
2 1 956 1 1916
2 1 956 1 2236
2 1 1916 1 2236
2 1 955 1 1915
2 1 1018 1 1338
2 1 891 1 1531
2 1 1467 1 1787
2 1 762 1 2042
2 1 1082 1 2042
2 1 762 1 1082
2 1 1081 1 2041
2 1 1914 1 2234
2 1 953 1 2233
2 1 1913 1 2233
2 1 953 1 1913
2 1 1465 1 2105
2 1 1465 1 1785
2 1 1785 1 2105
2 1 760 1 1080
2 1 1079 1 2039
2 1 1912 1 2232
2 1 952 1 2232
2 1 952 1 1912
2 1 951 1 1911
2 1 1911 1 2231
2 1 951 1 2231
2 1 758 1 2038
2 1 950 1 1910
2 1 1782 1 2102
2 1 886 1 1526
2 1 1013 1 1333
2 1 1333 1 1653
2 1 1013 1 1653
2 1 757 1 1077
2 1 948 1 2228
2 1 1908 1 2228
2 1 948 1 1908
2 1 1011 1 1651
2 1 884 1 1204
2 1 754 1 1074
2 1 1074 1 2034
2 1 754 1 2034
2 1 1010 1 1330
2 1 1906 1 2226
2 1 753 1 2033
2 1 1457 1 2097
2 1 1008 1 1648
2 1 945 1 2225
2 1 1905 1 2225
2 1 945 1 1905
2 1 1007 1 1327
2 1 1007 1 1647
2 1 1327 1 1647
2 1 1199 1 1519
2 1 879 1 1199
2 1 879 1 1519
2 1 1903 1 2223
2 1 750 1 1070
2 1 750 1 2030
2 1 1070 1 2030
2 1 1902 1 2222
2 1 749 1 2029
2 1 749 1 1069
2 1 1069 1 2029
2 1 941 1 1901
2 1 941 1 2221
2 1 1901 1 2221
2 1 1068 1 2028
2 1 940 1 2220
2 1 747 1 2027
2 1 939 1 2219
2 1 939 1 1899
2 1 1899 1 2219
2 1 875 1 1515
2 1 875 1 1195
2 1 1195 1 1515
2 1 1066 1 2026
2 1 1002 1 1642
2 1 937 1 2217
2 1 1000 1 1320
2 1 1449 1 2089
2 1 1449 1 1769
2 1 1769 1 2089
2 1 873 1 1193
2 1 744 1 1064
2 1 744 1 2024
2 1 1064 1 2024
2 1 743 1 1063
2 1 1895 1 2215
2 1 935 1 2215
2 1 935 1 1895
2 1 1317 1 1637
2 1 870 1 1510
2 1 934 1 2214
2 1 1894 1 2214
2 1 934 1 1894
2 1 1061 1 2021
2 1 1060 1 2020
2 1 740 1 2020
2 1 740 1 1060
2 1 932 1 2212
2 1 931 1 2211
2 1 1891 1 2211
2 1 931 1 1891
2 1 738 1 2018
2 1 738 1 1058
2 1 1058 1 2018
2 1 930 1 1890
2 1 737 1 1057
2 1 1057 1 2017
2 1 737 1 2017
2 1 929 1 2209
2 1 1889 1 2209
2 1 929 1 1889
2 1 928 1 1888
2 1 864 1 1504
2 1 1440 1 1760
2 1 991 1 1311
2 1 991 1 1631
2 1 1311 1 1631
2 1 990 1 1310
2 1 1887 1 2207
2 1 862 1 1182
2 1 1886 1 2206
2 1 1308 1 1628
2 1 988 1 1628
2 1 988 1 1308
2 1 1757 1 2077
2 1 1437 1 2077
2 1 1437 1 1757
2 1 861 1 1181
2 1 1052 1 2012
2 1 732 1 1052
2 1 732 1 2012
2 1 731 1 2011
2 1 1051 1 2011
2 1 731 1 1051
2 1 1884 1 2204
2 1 730 1 1050
2 1 1050 1 2010
2 1 730 1 2010
2 1 922 1 1882
2 1 1882 1 2202
2 1 922 1 2202
2 1 1049 1 2009
2 1 921 1 1881
2 1 728 1 1048
2 1 1048 1 2008
2 1 728 1 2008
2 1 1432 1 1752
2 1 1432 1 2072
2 1 1752 1 2072
2 1 1880 1 2200
2 1 920 1 2200
2 1 920 1 1880
2 1 727 1 1047
2 1 1047 1 2007
2 1 727 1 2007
2 1 726 1 1046
2 1 919 1 2199
2 1 918 1 1878
2 1 1300 1 1620
2 1 917 1 1877
2 1 1044 1 2004
2 1 723 1 1043
2 1 915 1 2195
2 1 722 1 1042
2 1 722 1 2002
2 1 1042 1 2002
2 1 914 1 2194
2 1 1745 1 2065
2 1 720 1 1040
2 1 1040 1 2000
2 1 720 1 2000
2 1 719 1 1039
2 1 719 1 1999
2 1 1039 1 1999
2 1 912 1 2192
2 1 912 1 1872
2 1 1872 1 2192
2 1 1423 1 2063
2 1 1871 1 2191
2 1 911 1 2191
2 1 911 1 1871
2 1 1037 1 1997
2 1 717 1 1997
2 1 717 1 1037
2 1 910 1 1870
2 1 909 1 2189
2 1 909 1 1869
2 1 1869 1 2189
2 1 716 1 1036
2 1 908 1 1868
2 1 715 1 1995
2 1 1419 1 1739
2 1 843 1 1483
2 1 1163 1 1483
2 1 843 1 1163
2 1 907 1 1867
2 1 1290 1 1610
2 1 1289 1 1609
2 1 969 1 1289
2 1 969 1 1609
2 1 841 1 1481
2 1 841 1 1161
2 1 1161 1 1481
2 1 1032 1 1992
2 1 968 1 1288
2 1 711 1 1991
2 1 966 1 1286
2 1 1415 1 2055
2 1 1415 1 1735
2 1 1735 1 2055
2 1 1030 1 1990
2 1 710 1 1030
2 1 710 1 1990
2 1 1029 1 1989
2 1 709 1 1029
2 1 709 1 1989
2 1 1862 1 2182
2 1 1413 1 1733
2 1 708 1 1988
2 1 1027 1 1987
2 1 900 1 1860
2 1 900 1 2180
2 1 1860 1 2180
2 1 1859 1 2179
2 1 706 1 1986
2 1 1026 1 1986
2 1 706 1 1026
2 1 898 1 2178
2 1 1280 1 1600
2 1 833 1 1153
2 1 1153 1 1473
2 1 833 1 1473
2 1 897 1 1857
