439 2240
2 1 1782 1 2102
2 1 1462 1 1782
2 1 1464 1 2104
2 1 1464 1 1784
2 1 1784 1 2104
2 1 1462 1 2102
2 1 1781 1 2101
2 1 1454 1 2094
2 1 1454 1 1774
2 1 1774 1 2094
2 1 1771 1 2091
2 1 1451 1 2091
2 1 1451 1 1771
2 1 1768 1 2088
2 1 1445 1 2085
2 1 1765 1 2085
2 1 1445 1 1765
2 1 1762 1 2082
2 1 1442 1 1762
2 1 1442 1 2082
2 1 1761 1 2081
2 1 1441 1 2081
2 1 1441 1 1761
2 1 1439 1 2079
2 1 1439 1 1759
2 1 1759 1 2079
2 1 1438 1 2078
2 1 1438 1 1758
2 1 1758 1 2078
2 1 1428 1 2068
2 1 1428 1 1748
2 1 1748 1 2068
2 1 1421 1 2061
2 1 1427 1 2067
2 1 1420 1 1740
2 1 1420 1 2060
2 1 1740 1 2060
2 1 1738 1 2058
2 1 1417 1 2057
2 1 1411 1 2051
2 1 1728 1 2048
2 1 968 1 1288
2 1 1288 1 1608
2 1 965 1 1605
2 1 968 1 1608
2 1 1285 1 1605
2 1 965 1 1285
2 1 1343 1 1663
2 1 1021 1 1341
2 1 1341 1 1661
2 1 1021 1 1661
2 1 1015 1 1335
2 1 1339 1 1659
2 1 1334 1 1654
2 1 1014 1 1334
2 1 1014 1 1654
2 1 1011 1 1331
2 1 1011 1 1651
2 1 1331 1 1651
2 1 1019 1 1339
2 1 1019 1 1659
2 1 1009 1 1649
2 1 1004 1 1324
2 1 996 1 1636
2 1 1444 1 1764
2 1 995 1 1635
2 1 993 1 1313
2 1 993 1 1633
2 1 1313 1 1633
2 1 992 1 1632
2 1 992 1 1312
2 1 1312 1 1632
2 1 1440 1 1760
2 1 983 1 1303
2 1 1303 1 1623
2 1 983 1 1623
2 1 981 1 1621
2 1 981 1 1301
2 1 1301 1 1621
2 1 1298 1 1618
2 1 978 1 1298
2 1 978 1 1618
2 1 1155 1 1475
2 1 963 1 1283
2 1 962 1 1602
2 1 1282 1 1602
2 1 962 1 1282
2 1 895 1 1535
2 1 895 1 1215
2 1 894 1 1214
2 1 1340 1 1660
2 1 1215 1 1535
2 1 893 1 1213
2 1 892 1 1212
2 1 892 1 1532
2 1 1212 1 1532
2 1 1209 1 1529
2 1 1208 1 1528
2 1 887 1 1527
2 1 1206 1 1526
2 1 884 1 1524
2 1 1203 1 1523
2 1 885 1 1525
2 1 1457 1 1777
2 1 880 1 1200
2 1 879 1 1199
2 1 877 1 1517
2 1 1772 1 2092
2 1 1005 1 1645
2 1 1325 1 1645
2 1 1005 1 1325
2 1 875 1 1515
2 1 1449 1 2089
2 1 1449 1 1769
2 1 1769 1 2089
2 1 1002 1 1642
2 1 872 1 1512
2 1 1192 1 1512
2 1 872 1 1192
2 1 1447 1 1767
2 1 1766 1 2086
2 1 1333 1 1653
2 1 1013 1 1653
2 1 1013 1 1333
2 1 999 1 1639
2 1 869 1 1509
2 1 867 1 1187
2 1 868 1 1508
2 1 1188 1 1508
2 1 868 1 1188
2 1 865 1 1505
2 1 864 1 1504
2 1 863 1 1183
2 1 862 1 1502
2 1 1756 1 2076
2 1 1435 1 1755
2 1 1435 1 2075
2 1 1755 1 2075
2 1 1434 1 1754
2 1 857 1 1177
2 1 1176 1 1496
2 1 1175 1 1495
2 1 1429 1 1749
2 1 1429 1 2069
2 1 1749 1 2069
2 1 1302 1 1622
2 1 852 1 1492
2 1 1172 1 1492
2 1 852 1 1172
2 1 1171 1 1491
2 1 851 1 1491
2 1 851 1 1171
2 1 1746 1 2066
2 1 849 1 1489
2 1 1169 1 1489
2 1 849 1 1169
2 1 1168 1 1488
2 1 1743 1 2063
2 1 1423 1 1743
2 1 1423 1 2063
2 1 1296 1 1616
2 1 976 1 1296
2 1 976 1 1616
2 1 1006 1 1646
2 1 975 1 1295
2 1 975 1 1615
2 1 1295 1 1615
2 1 1165 1 1485
2 1 844 1 1164
2 1 1164 1 1484
2 1 844 1 1484
2 1 1292 1 1612
2 1 1419 1 2059
2 1 1739 1 2059
2 1 1419 1 1739
2 1 1162 1 1482
2 1 842 1 1162
2 1 842 1 1482
2 1 841 1 1161
2 1 841 1 1481
2 1 1161 1 1481
2 1 1159 1 1479
2 1 1158 1 1478
2 1 1156 1 1476
2 1 767 1 1087
2 1 1087 1 2047
2 1 767 1 2047
2 1 959 1 2239
2 1 766 1 1086
2 1 1086 1 2046
2 1 766 1 2046
2 1 958 1 2238
2 1 1918 1 2238
2 1 958 1 1918
2 1 765 1 2045
2 1 765 1 1085
2 1 1085 1 2045
2 1 957 1 1917
2 1 764 1 2044
2 1 1084 1 2044
2 1 764 1 1084
2 1 956 1 1916
2 1 1018 1 1338
2 1 1082 1 2042
2 1 761 1 2041
2 1 1081 1 2041
2 1 761 1 1081
2 1 1914 1 2234
2 1 1465 1 2105
2 1 760 1 1080
2 1 1080 1 2040
2 1 760 1 2040
2 1 759 1 1079
2 1 759 1 2039
2 1 1079 1 2039
2 1 952 1 1912
2 1 1911 1 2231
2 1 951 1 2231
2 1 951 1 1911
2 1 1463 1 2103
2 1 758 1 2038
2 1 1078 1 2038
2 1 758 1 1078
2 1 757 1 1077
2 1 950 1 1910
2 1 949 1 2229
2 1 949 1 1909
2 1 1909 1 2229
2 1 1076 1 2036
2 1 1908 1 2228
2 1 948 1 2228
2 1 948 1 1908
2 1 1780 1 2100
2 1 755 1 2035
2 1 1075 1 2035
2 1 755 1 1075
2 1 1779 1 2099
2 1 754 1 1074
2 1 754 1 2034
2 1 1074 1 2034
2 1 947 1 2227
2 1 947 1 1907
2 1 1907 1 2227
2 1 946 1 2226
2 1 1906 1 2226
2 1 946 1 1906
2 1 945 1 1905
2 1 1008 1 1328
2 1 1328 1 1648
2 1 1008 1 1648
2 1 1904 1 2224
2 1 751 1 2031
2 1 751 1 1071
2 1 1071 1 2031
2 1 943 1 2223
2 1 1455 1 1775
2 1 1070 1 2030
2 1 1069 1 2029
2 1 942 1 2222
2 1 942 1 1902
2 1 1902 1 2222
2 1 1773 1 2093
2 1 941 1 1901
2 1 1901 1 2221
2 1 941 1 2221
2 1 748 1 2028
2 1 1067 1 2027
2 1 1003 1 1323
2 1 940 1 1900
2 1 940 1 2220
2 1 1900 1 2220
2 1 1899 1 2219
2 1 938 1 2218
2 1 938 1 1898
2 1 1898 1 2218
2 1 1001 1 1641
2 1 874 1 1514
2 1 873 1 1193
2 1 744 1 1064
2 1 744 1 2024
2 1 1064 1 2024
2 1 1896 1 2216
2 1 743 1 2023
2 1 935 1 2215
2 1 1895 1 2215
2 1 935 1 1895
2 1 998 1 1318
2 1 1318 1 1638
2 1 998 1 1638
2 1 871 1 1511
2 1 1894 1 2214
2 1 997 1 1317
2 1 1061 1 2021
2 1 1060 1 2020
2 1 932 1 2212
2 1 1059 1 2019
2 1 1443 1 1763
2 1 931 1 1891
2 1 931 1 2211
2 1 1891 1 2211
2 1 1058 1 2018
2 1 738 1 1058
2 1 738 1 2018
2 1 737 1 2017
2 1 737 1 1057
2 1 1057 1 2017
2 1 930 1 1890
2 1 1890 1 2210
2 1 930 1 2210
2 1 929 1 2209
2 1 1889 1 2209
2 1 929 1 1889
2 1 1888 1 2208
2 1 928 1 2208
2 1 928 1 1888
2 1 1887 1 2207
2 1 927 1 1887
2 1 927 1 2207
2 1 926 1 1886
2 1 926 1 2206
2 1 1886 1 2206
2 1 925 1 2205
2 1 861 1 1501
2 1 988 1 1628
2 1 1308 1 1628
2 1 988 1 1308
2 1 987 1 1627
2 1 1883 1 2203
2 1 859 1 1499
2 1 986 1 1626
2 1 985 1 1625
2 1 985 1 1305
2 1 1305 1 1625
2 1 1178 1 1498
2 1 858 1 1498
2 1 858 1 1178
2 1 1433 1 1753
2 1 1433 1 2073
2 1 1753 1 2073
2 1 1881 1 2201
2 1 728 1 2008
2 1 1048 1 2008
2 1 728 1 1048
2 1 1752 1 2072
2 1 1432 1 2072
2 1 1432 1 1752
2 1 1047 1 2007
2 1 1880 1 2200
2 1 920 1 2200
2 1 920 1 1880
2 1 1046 1 2006
2 1 919 1 1879
2 1 1879 1 2199
2 1 919 1 2199
2 1 918 1 1878
2 1 725 1 2005
2 1 917 1 1877
2 1 1877 1 2197
2 1 917 1 2197
2 1 980 1 1300
2 1 1300 1 1620
2 1 980 1 1620
2 1 853 1 1173
2 1 723 1 1043
2 1 915 1 2195
2 1 977 1 1617
2 1 977 1 1297
2 1 1297 1 1617
2 1 850 1 1490
2 1 850 1 1170
2 1 1170 1 1490
2 1 721 1 1041
2 1 720 1 2000
2 1 720 1 1040
2 1 1040 1 2000
2 1 911 1 1871
2 1 974 1 1294
2 1 847 1 1167
2 1 718 1 1998
2 1 1293 1 1613
2 1 1422 1 2062
2 1 846 1 1486
2 1 717 1 1037
2 1 717 1 1997
2 1 1037 1 1997
2 1 716 1 1036
2 1 908 1 1868
2 1 1290 1 1610
2 1 843 1 1483
2 1 1163 1 1483
2 1 843 1 1163
2 1 907 1 2187
2 1 1867 1 2187
2 1 907 1 1867
2 1 714 1 1994
2 1 714 1 1034
2 1 1034 1 1994
2 1 1866 1 2186
2 1 713 1 1993
2 1 1033 1 1993
2 1 713 1 1033
2 1 1865 1 2185
2 1 905 1 2185
2 1 905 1 1865
2 1 712 1 1992
2 1 1416 1 2056
2 1 1160 1 1480
2 1 840 1 1160
2 1 840 1 1480
2 1 710 1 1990
2 1 1030 1 1990
2 1 710 1 1030
2 1 964 1 1284
2 1 708 1 1028
2 1 1028 1 1988
2 1 708 1 1988
2 1 1413 1 1733
2 1 1413 1 2053
2 1 1733 1 2053
2 1 1412 1 1732
2 1 1412 1 2052
2 1 1732 1 2052
2 1 707 1 1987
2 1 1027 1 1987
2 1 707 1 1027
2 1 1860 1 2180
2 1 706 1 1986
2 1 899 1 2179
2 1 1281 1 1601
2 1 1410 1 2050
2 1 834 1 1474
2 1 1154 1 1474
2 1 834 1 1154
2 1 898 1 1858
2 1 705 1 1985
2 1 1280 1 1600
2 1 704 1 1984
2 1 1024 1 1984
2 1 704 1 1024
