544 2240
2 1 1469 1 2109
2 1 1789 1 2109
2 1 1469 1 1789
2 1 1786 1 2106
2 1 1465 1 2105
2 1 1458 1 2098
2 1 1454 1 2094
2 1 1770 1 2090
2 1 1775 1 2095
2 1 1448 1 2088
2 1 1448 1 1768
2 1 1443 1 2083
2 1 1768 1 2088
2 1 1443 1 1763
2 1 1763 1 2083
2 1 1438 1 2078
2 1 1753 1 2073
2 1 1433 1 1753
2 1 1433 1 2073
2 1 1758 1 2078
2 1 1745 1 2065
2 1 1425 1 1745
2 1 1425 1 2065
2 1 1424 1 1744
2 1 1438 1 1758
2 1 1742 1 2062
2 1 1744 1 2064
2 1 1412 1 2052
2 1 1741 1 2061
2 1 1421 1 2061
2 1 1424 1 2064
2 1 1412 1 1732
2 1 1732 1 2052
2 1 1730 1 2050
2 1 1421 1 1741
2 1 1410 1 1730
2 1 1410 1 2050
2 1 967 1 1607
2 1 967 1 1287
2 1 1287 1 1607
2 1 965 1 1605
2 1 1417 1 1737
2 1 963 1 1283
2 1 1281 1 1601
2 1 1408 1 1728
2 1 1339 1 1659
2 1 1338 1 1658
2 1 1018 1 1658
2 1 1018 1 1338
2 1 1020 1 1340
2 1 1340 1 1660
2 1 1467 1 1787
2 1 1020 1 1660
2 1 1337 1 1657
2 1 1334 1 1654
2 1 1326 1 1646
2 1 1005 1 1645
2 1 1003 1 1643
2 1 998 1 1638
2 1 1439 1 1759
2 1 1309 1 1629
2 1 989 1 1629
2 1 989 1 1309
2 1 1436 1 1756
2 1 987 1 1307
2 1 988 1 1308
2 1 1434 1 1754
2 1 980 1 1620
2 1 1300 1 1620
2 1 980 1 1300
2 1 1427 1 1747
2 1 978 1 1618
2 1 1298 1 1618
2 1 978 1 1298
2 1 1154 1 1474
2 1 834 1 1154
2 1 834 1 1474
2 1 1153 1 1473
2 1 1152 1 1472
2 1 1280 1 1600
2 1 960 1 1280
2 1 960 1 1600
2 1 833 1 1473
2 1 833 1 1153
2 1 1470 1 1790
2 1 1790 1 2110
2 1 1470 1 2110
2 1 1023 1 1343
2 1 1213 1 1533
2 1 893 1 1533
2 1 893 1 1213
2 1 1212 1 1532
2 1 892 1 1212
2 1 892 1 1532
2 1 890 1 1210
2 1 889 1 1529
2 1 889 1 1209
2 1 1209 1 1529
2 1 1208 1 1528
2 1 888 1 1528
2 1 888 1 1208
2 1 1207 1 1527
2 1 1335 1 1655
2 1 1015 1 1655
2 1 1015 1 1335
2 1 1012 1 1332
2 1 1202 1 1522
2 1 1456 1 1776
2 1 1776 1 2096
2 1 1456 1 2096
2 1 1199 1 1519
2 1 879 1 1199
2 1 879 1 1519
2 1 878 1 1518
2 1 873 1 1513
2 1 877 1 1197
2 1 877 1 1517
2 1 1197 1 1517
2 1 871 1 1511
2 1 1766 1 2086
2 1 1446 1 1766
2 1 1446 1 2086
2 1 868 1 1508
2 1 869 1 1509
2 1 1762 1 2082
2 1 1188 1 1508
2 1 995 1 1635
2 1 868 1 1188
2 1 1315 1 1635
2 1 995 1 1315
2 1 1441 1 1761
2 1 863 1 1183
2 1 862 1 1182
2 1 876 1 1196
2 1 861 1 1501
2 1 990 1 1630
2 1 1310 1 1630
2 1 990 1 1310
2 1 857 1 1177
2 1 985 1 1625
2 1 1432 1 1752
2 1 1431 1 2071
2 1 984 1 1624
2 1 1173 1 1493
2 1 853 1 1493
2 1 853 1 1173
2 1 851 1 1171
2 1 1746 1 2066
2 1 1426 1 2066
2 1 1426 1 1746
2 1 849 1 1489
2 1 848 1 1168
2 1 848 1 1488
2 1 1168 1 1488
2 1 1423 1 1743
2 1 1743 1 2063
2 1 1423 1 2063
2 1 976 1 1296
2 1 1166 1 1486
2 1 846 1 1166
2 1 846 1 1486
2 1 845 1 1485
2 1 972 1 1292
2 1 972 1 1612
2 1 1292 1 1612
2 1 1419 1 1739
2 1 1415 1 2055
2 1 1158 1 1478
2 1 838 1 1478
2 1 838 1 1158
2 1 1750 1 2070
2 1 836 1 1156
2 1 959 1 2239
2 1 1022 1 1342
2 1 1471 1 2111
2 1 895 1 1215
2 1 766 1 2046
2 1 1214 1 1534
2 1 765 1 2045
2 1 765 1 1085
2 1 1085 1 2045
2 1 764 1 1084
2 1 1468 1 1788
2 1 1468 1 2108
2 1 1788 1 2108
2 1 956 1 2236
2 1 956 1 1916
2 1 1916 1 2236
2 1 763 1 2043
2 1 1083 1 2043
2 1 763 1 1083
2 1 762 1 2042
2 1 1082 1 2042
2 1 762 1 1082
2 1 1915 1 2235
2 1 955 1 2235
2 1 955 1 1915
2 1 1914 1 2234
2 1 954 1 2234
2 1 954 1 1914
2 1 761 1 2041
2 1 1081 1 2041
2 1 761 1 1081
2 1 953 1 1913
2 1 1913 1 2233
2 1 953 1 2233
2 1 1080 1 2040
2 1 760 1 2040
2 1 760 1 1080
2 1 759 1 1079
2 1 759 1 2039
2 1 1079 1 2039
2 1 758 1 2038
2 1 950 1 1910
2 1 886 1 1206
2 1 757 1 1077
2 1 1013 1 1333
2 1 948 1 2228
2 1 1908 1 2228
2 1 948 1 1908
2 1 1011 1 1331
2 1 1460 1 2100
2 1 884 1 1204
2 1 1459 1 1779
2 1 1459 1 2099
2 1 1779 1 2099
2 1 1203 1 1523
2 1 1010 1 1650
2 1 1010 1 1330
2 1 1330 1 1650
2 1 1074 1 2034
2 1 754 1 1074
2 1 754 1 2034
2 1 753 1 2033
2 1 1906 1 2226
2 1 1328 1 1648
2 1 1777 1 2097
2 1 881 1 1201
2 1 881 1 1521
2 1 1201 1 1521
2 1 945 1 1905
2 1 752 1 2032
2 1 1007 1 1327
2 1 1071 1 2031
2 1 751 1 2031
2 1 751 1 1071
2 1 1903 1 2223
2 1 750 1 2030
2 1 750 1 1070
2 1 1070 1 2030
2 1 942 1 1902
2 1 1902 1 2222
2 1 942 1 2222
2 1 749 1 1069
2 1 941 1 1901
2 1 748 1 2028
2 1 1068 1 2028
2 1 748 1 1068
2 1 940 1 1900
2 1 747 1 2027
2 1 1002 1 1322
2 1 1322 1 1642
2 1 1002 1 1642
2 1 1451 1 1771
2 1 746 1 2026
2 1 746 1 1066
2 1 1066 1 2026
2 1 1899 1 2219
2 1 939 1 1899
2 1 939 1 2219
2 1 1065 1 2025
2 1 1898 1 2218
2 1 937 1 2217
2 1 744 1 1064
2 1 1064 1 2024
2 1 744 1 2024
2 1 1063 1 2023
2 1 936 1 1896
2 1 935 1 2215
2 1 742 1 2022
2 1 997 1 1317
2 1 1317 1 1637
2 1 997 1 1637
2 1 741 1 2021
2 1 1061 1 2021
2 1 741 1 1061
2 1 934 1 1894
2 1 1893 1 2213
2 1 932 1 1892
2 1 1059 1 2019
2 1 931 1 1891
2 1 930 1 2210
2 1 930 1 1890
2 1 1890 1 2210
2 1 1186 1 1506
2 1 866 1 1506
2 1 866 1 1186
2 1 993 1 1633
2 1 993 1 1313
2 1 1313 1 1633
2 1 737 1 2017
2 1 865 1 1185
2 1 865 1 1505
2 1 1185 1 1505
2 1 1888 1 2208
2 1 991 1 1311
2 1 1311 1 1631
2 1 991 1 1631
2 1 864 1 1184
2 1 735 1 2015
2 1 735 1 1055
2 1 1055 1 2015
2 1 1887 1 2207
2 1 1054 1 2014
2 1 926 1 2206
2 1 1886 1 2206
2 1 926 1 1886
2 1 733 1 1053
2 1 1053 1 2013
2 1 733 1 2013
2 1 1757 1 2077
2 1 925 1 1885
2 1 1885 1 2205
2 1 925 1 2205
2 1 1052 1 2012
2 1 1051 1 2011
2 1 731 1 2011
2 1 731 1 1051
2 1 924 1 1884
2 1 924 1 2204
2 1 1884 1 2204
2 1 1435 1 2075
2 1 1435 1 1755
2 1 1755 1 2075
2 1 923 1 2203
2 1 923 1 1883
2 1 1883 1 2203
2 1 730 1 2010
2 1 1050 1 2010
2 1 730 1 1050
2 1 729 1 1049
2 1 922 1 2202
2 1 922 1 1882
2 1 1882 1 2202
2 1 1881 1 2201
2 1 921 1 2201
2 1 921 1 1881
2 1 728 1 2008
2 1 920 1 2200
2 1 856 1 1496
2 1 983 1 1623
2 1 1879 1 2199
2 1 1302 1 1622
2 1 982 1 1622
2 1 982 1 1302
2 1 855 1 1175
2 1 854 1 1494
2 1 981 1 1621
2 1 1045 1 2005
2 1 1877 1 2197
2 1 1749 1 2069
2 1 1429 1 2069
2 1 1429 1 1749
2 1 1172 1 1492
2 1 1043 1 2003
2 1 916 1 2196
2 1 1875 1 2195
2 1 722 1 2002
2 1 914 1 2194
2 1 1874 1 2194
2 1 914 1 1874
2 1 1041 1 2001
2 1 1873 1 2193
2 1 720 1 1040
2 1 912 1 2192
2 1 1872 1 2192
2 1 912 1 1872
2 1 911 1 2191
2 1 911 1 1871
2 1 1871 1 2191
2 1 847 1 1487
2 1 847 1 1167
2 1 1167 1 1487
2 1 718 1 1038
2 1 1870 1 2190
2 1 717 1 1997
2 1 717 1 1037
2 1 1037 1 1997
2 1 909 1 2189
2 1 908 1 1868
2 1 908 1 2188
2 1 1868 1 2188
2 1 1420 1 2060
2 1 844 1 1164
2 1 844 1 1484
2 1 1164 1 1484
2 1 1291 1 1611
2 1 971 1 1611
2 1 971 1 1291
2 1 970 1 1610
2 1 1866 1 2186
2 1 1418 1 2058
2 1 969 1 1289
2 1 969 1 1609
2 1 1289 1 1609
2 1 842 1 1162
2 1 713 1 1033
2 1 712 1 1032
2 1 1032 1 1992
2 1 712 1 1992
2 1 904 1 2184
2 1 1416 1 1736
2 1 711 1 1991
2 1 1030 1 1990
2 1 903 1 2183
2 1 903 1 1863
2 1 1863 1 2183
2 1 709 1 1989
2 1 1284 1 1604
2 1 837 1 1157
2 1 901 1 1861
2 1 1859 1 2179
2 1 899 1 2179
2 1 899 1 1859
2 1 962 1 1282
2 1 1282 1 1602
2 1 962 1 1602
2 1 835 1 1155
2 1 1155 1 1475
2 1 835 1 1475
2 1 1026 1 1986
2 1 897 1 2177
2 1 1857 1 2177
2 1 897 1 1857
2 1 704 1 1024
2 1 704 1 1984
2 1 1024 1 1984
3 1 610 1 1222 1 1862
3 1 507 1 932 1 2212
3 1 320 1 713 1 1353
3 1 576 1 1252 1 1892
3 1 545 1 805 1 2085
3 1 627 1 1239 1 1879
3 1 596 1 952 1 1272
3 1 555 1 815 1 1775
3 1 515 1 775 1 1415
3 1 452 1 1005 1 1965
3 1 499 1 1308 1 1948
3 1 485 1 974 1 1934
3 1 555 1 815 1 2095
3 1 396 1 1765 1 2085
3 1 391 1 864 1 1824
3 1 521 1 781 1 1741
3 1 511 1 1000 1 1960
3 1 579 1 935 1 1255
3 1 564 1 824 1 2104
3 1 521 1 781 1 1421
3 1 415 1 1784 1 2104
3 1 569 1 829 1 2109
3 1 524 1 784 1 2064
3 1 499 1 988 1 1948
3 1 405 1 1454 1 1774
3 1 554 1 814 1 2094
3 1 521 1 781 1 2061
3 1 405 1 1774 1 2094
3 1 373 1 1406 1 2046
3 1 420 1 1213 1 1853
3 1 574 1 770 1 1410
3 1 517 1 777 1 1737
3 1 574 1 770 1 2050
3 1 574 1 770 1 1730
3 1 568 1 828 1 2108
3 1 558 1 818 1 1458
3 1 430 1 1159 1 1799
3 1 558 1 818 1 2098
3 1 636 1 1248 1 1888
3 1 628 1 1240 1 2200
3 1 554 1 814 1 1454
3 1 463 1 952 1 2232
3 1 636 1 1248 1 2208
3 1 550 1 810 1 2090
3 1 601 1 1277 1 2237
3 1 550 1 810 1 1770
3 1 570 1 830 1 2110
3 1 434 1 1483 1 1803
3 1 474 1 963 1 1923
3 1 507 1 996 1 1956
3 1 569 1 829 1 1789
3 1 354 1 1003 1 1323
3 1 347 1 996 1 1316
3 1 628 1 920 1 1240
3 1 581 1 937 1 1257
3 1 517 1 777 1 1417
3 1 409 1 1458 1 1778
3 1 373 1 766 1 1406
3 1 570 1 830 1 1790
3 1 570 1 830 1 1470
3 1 616 1 1228 1 2188
3 1 616 1 908 1 1228
3 1 452 1 1645 1 1965
3 1 453 1 1646 1 1966
3 1 409 1 1778 1 2098
3 1 607 1 1219 1 2179
3 1 356 1 1325 1 1645
3 1 548 1 808 1 2088
3 1 569 1 829 1 1469
3 1 607 1 1219 1 1859
3 1 621 1 1169 1 1489
3 1 616 1 1228 1 1868
3 1 396 1 1509 1 1829
3 1 638 1 930 1 1250
3 1 607 1 899 1 1219
3 1 621 1 849 1 1169
3 1 577 1 869 1 1189
3 1 342 1 1055 1 1375
3 1 356 1 1005 1 1325
3 1 543 1 803 1 1763
3 1 416 1 1465 1 1785
3 1 477 1 1862 1 2182
3 1 561 1 821 1 1781
3 1 453 1 1326 1 1966
3 1 351 1 1000 1 1320
3 1 430 1 1735 1 2055
3 1 541 1 801 1 1441
3 1 342 1 1375 1 2015
3 1 543 1 803 1 2083
3 1 421 1 1534 1 1854
3 1 502 1 1631 1 1951
3 1 489 1 1298 1 1938
3 1 543 1 803 1 1443
3 1 617 1 1165 1 1485
3 1 548 1 808 1 1768
3 1 576 1 932 1 1252
3 1 605 1 897 1 1217
3 1 548 1 808 1 1448
3 1 416 1 1785 1 2105
3 1 500 1 1629 1 1949
3 1 566 1 826 1 1786
3 1 566 1 826 1 2106
3 1 454 1 1327 1 1967
3 1 486 1 1615 1 1935
3 1 542 1 802 1 2082
3 1 538 1 798 1 2078
3 1 565 1 825 1 2105
