437 2240
2 1 1470 1 1790
2 1 1470 1 2110
2 1 1790 1 2110
2 1 1788 1 2108
2 1 1461 1 2101
2 1 1763 1 2083
2 1 1778 1 2098
2 1 1443 1 2083
2 1 1443 1 1763
2 1 1438 1 1758
2 1 1458 1 2098
2 1 1758 1 2078
2 1 1438 1 2078
2 1 1437 1 2077
2 1 1437 1 1757
2 1 1458 1 1778
2 1 1757 1 2077
2 1 1435 1 1755
2 1 1755 1 2075
2 1 1435 1 2075
2 1 1754 1 2074
2 1 1432 1 2072
2 1 1425 1 1745
2 1 1752 1 2072
2 1 1432 1 1752
2 1 1745 1 2065
2 1 1425 1 2065
2 1 1733 1 2053
2 1 1732 1 2052
2 1 1424 1 1744
2 1 1293 1 1613
2 1 969 1 1289
2 1 967 1 1607
2 1 1417 1 1737
2 1 1287 1 1607
2 1 1285 1 1605
2 1 967 1 1287
2 1 1284 1 1604
2 1 1023 1 1343
2 1 1021 1 1661
2 1 1332 1 1652
2 1 1321 1 1641
2 1 1001 1 1641
2 1 1329 1 1649
2 1 1001 1 1321
2 1 1326 1 1646
2 1 1000 1 1320
2 1 999 1 1639
2 1 1318 1 1638
2 1 996 1 1316
2 1 1317 1 1637
2 1 991 1 1311
2 1 1309 1 1629
2 1 989 1 1629
2 1 989 1 1309
2 1 988 1 1308
2 1 1307 1 1627
2 1 987 1 1307
2 1 987 1 1627
2 1 1305 1 1625
2 1 1431 1 1751
2 1 979 1 1299
2 1 835 1 1475
2 1 1430 1 1750
2 1 835 1 1155
2 1 1155 1 1475
2 1 1730 1 2050
2 1 1410 1 2050
2 1 1410 1 1730
2 1 1283 1 1603
2 1 963 1 1283
2 1 963 1 1603
2 1 1214 1 1534
2 1 1213 1 1533
2 1 893 1 1533
2 1 893 1 1213
2 1 1212 1 1532
2 1 1786 1 2106
2 1 1339 1 1659
2 1 1019 1 1659
2 1 1019 1 1339
2 1 1785 1 2105
2 1 1784 1 2104
2 1 887 1 1207
2 1 887 1 1527
2 1 1207 1 1527
2 1 885 1 1205
2 1 1202 1 1522
2 1 881 1 1201
2 1 881 1 1521
2 1 1201 1 1521
2 1 1200 1 1520
2 1 879 1 1519
2 1 1199 1 1519
2 1 879 1 1199
2 1 1007 1 1327
2 1 1327 1 1647
2 1 1007 1 1647
2 1 1195 1 1515
2 1 1002 1 1322
2 1 873 1 1193
2 1 1192 1 1512
2 1 1190 1 1510
2 1 1188 1 1508
2 1 1315 1 1635
2 1 868 1 1508
2 1 877 1 1197
2 1 868 1 1188
2 1 871 1 1191
2 1 995 1 1635
2 1 995 1 1315
2 1 994 1 1634
2 1 1184 1 1504
2 1 1759 1 2079
2 1 1182 1 1502
2 1 862 1 1502
2 1 862 1 1182
2 1 861 1 1181
2 1 861 1 1501
2 1 1181 1 1501
2 1 860 1 1500
2 1 1180 1 1500
2 1 860 1 1180
2 1 1753 1 2073
2 1 858 1 1498
2 1 858 1 1178
2 1 1178 1 1498
2 1 1306 1 1626
2 1 856 1 1496
2 1 855 1 1175
2 1 855 1 1495
2 1 1175 1 1495
2 1 1169 1 1489
2 1 848 1 1488
2 1 1168 1 1488
2 1 848 1 1168
2 1 854 1 1174
2 1 1296 1 1616
2 1 846 1 1166
2 1 844 1 1164
2 1 840 1 1160
2 1 1288 1 1608
2 1 1415 1 1735
2 1 1735 1 2055
2 1 1415 1 2055
2 1 1158 1 1478
2 1 838 1 1478
2 1 838 1 1158
2 1 836 1 1476
2 1 1408 1 2048
2 1 1728 1 2048
2 1 1408 1 1728
2 1 1215 1 1535
2 1 1022 1 1342
2 1 959 1 2239
2 1 1085 1 2045
2 1 1469 1 2109
2 1 957 1 2237
2 1 764 1 1084
2 1 764 1 2044
2 1 1084 1 2044
2 1 763 1 2043
2 1 956 1 1916
2 1 955 1 2235
2 1 1787 1 2107
2 1 1467 1 2107
2 1 1467 1 1787
2 1 891 1 1211
2 1 891 1 1531
2 1 1211 1 1531
2 1 1018 1 1338
2 1 1018 1 1658
2 1 1338 1 1658
2 1 762 1 2042
2 1 1210 1 1530
2 1 1337 1 1657
2 1 1914 1 2234
2 1 1336 1 1656
2 1 889 1 1529
2 1 889 1 1209
2 1 1209 1 1529
2 1 888 1 1528
2 1 1208 1 1528
2 1 888 1 1208
2 1 1015 1 1335
2 1 1015 1 1655
2 1 1335 1 1655
2 1 1079 1 2039
2 1 759 1 2039
2 1 759 1 1079
2 1 758 1 2038
2 1 1333 1 1653
2 1 1013 1 1333
2 1 1013 1 1653
2 1 757 1 1077
2 1 950 1 1910
2 1 757 1 2037
2 1 1077 1 2037
2 1 756 1 2036
2 1 948 1 1908
2 1 1011 1 1651
2 1 1011 1 1331
2 1 1331 1 1651
2 1 884 1 1524
2 1 1204 1 1524
2 1 884 1 1204
2 1 755 1 2035
2 1 1075 1 2035
2 1 755 1 1075
2 1 1459 1 1779
2 1 1459 1 2099
2 1 1779 1 2099
2 1 754 1 2034
2 1 1074 1 2034
2 1 754 1 1074
2 1 753 1 2033
2 1 1073 1 2033
2 1 753 1 1073
2 1 946 1 2226
2 1 1777 1 2097
2 1 1457 1 2097
2 1 1457 1 1777
2 1 945 1 1905
2 1 945 1 2225
2 1 1905 1 2225
2 1 752 1 2032
2 1 752 1 1072
2 1 1072 1 2032
2 1 751 1 1071
2 1 1071 1 2031
2 1 751 1 2031
2 1 944 1 1904
2 1 1904 1 2224
2 1 944 1 2224
2 1 1455 1 1775
2 1 1775 1 2095
2 1 1455 1 2095
2 1 943 1 1903
2 1 750 1 2030
2 1 1005 1 1645
2 1 1325 1 1645
2 1 1005 1 1325
2 1 749 1 1069
2 1 1902 1 2222
2 1 942 1 1902
2 1 942 1 2222
2 1 1773 1 2093
2 1 1772 1 2092
2 1 1196 1 1516
2 1 747 1 1067
2 1 940 1 2220
2 1 1771 1 2091
2 1 1451 1 1771
2 1 1451 1 2091
2 1 746 1 1066
2 1 1899 1 2219
2 1 745 1 2025
2 1 745 1 1065
2 1 1065 1 2025
2 1 938 1 2218
2 1 938 1 1898
2 1 1898 1 2218
2 1 1449 1 1769
2 1 1449 1 2089
2 1 1769 1 2089
2 1 1897 1 2217
2 1 937 1 2217
2 1 937 1 1897
2 1 744 1 2024
2 1 1064 1 2024
2 1 744 1 1064
2 1 1063 1 2023
2 1 936 1 1896
2 1 1896 1 2216
2 1 936 1 2216
2 1 1767 1 2087
2 1 1447 1 1767
2 1 1447 1 2087
2 1 1895 1 2215
2 1 935 1 2215
2 1 935 1 1895
2 1 742 1 1062
2 1 742 1 2022
2 1 1062 1 2022
2 1 1766 1 2086
2 1 741 1 1061
2 1 1061 1 2021
2 1 741 1 2021
2 1 934 1 2214
2 1 934 1 1894
2 1 1894 1 2214
2 1 740 1 1060
2 1 1893 1 2213
2 1 933 1 1893
2 1 933 1 2213
2 1 932 1 1892
2 1 931 1 2211
2 1 931 1 1891
2 1 1891 1 2211
2 1 1890 1 2210
2 1 930 1 1890
2 1 930 1 2210
2 1 993 1 1313
2 1 993 1 1633
2 1 1313 1 1633
2 1 1186 1 1506
2 1 866 1 1506
2 1 866 1 1186
2 1 737 1 2017
2 1 1441 1 2081
2 1 992 1 1632
2 1 736 1 1056
2 1 735 1 2015
2 1 1053 1 2013
2 1 733 1 1053
2 1 733 1 2013
2 1 925 1 2205
2 1 1885 1 2205
2 1 925 1 1885
2 1 1052 1 2012
2 1 924 1 1884
2 1 1884 1 2204
2 1 924 1 2204
2 1 731 1 1051
2 1 923 1 1883
2 1 1050 1 2010
2 1 922 1 1882
2 1 1882 1 2202
2 1 922 1 2202
2 1 857 1 1497
2 1 921 1 1881
2 1 1881 1 2201
2 1 921 1 2201
2 1 728 1 1048
2 1 727 1 1047
2 1 919 1 2199
2 1 726 1 2006
2 1 1046 1 2006
2 1 726 1 1046
2 1 918 1 2198
2 1 917 1 1877
2 1 917 1 2197
2 1 1877 1 2197
2 1 1429 1 2069
2 1 1429 1 1749
2 1 1749 1 2069
2 1 853 1 1173
2 1 1044 1 2004
2 1 1300 1 1620
2 1 980 1 1300
2 1 980 1 1620
2 1 1428 1 1748
2 1 978 1 1618
2 1 1298 1 1618
2 1 978 1 1298
2 1 1427 1 2067
2 1 1747 1 2067
2 1 1427 1 1747
2 1 1042 1 2002
2 1 915 1 2195
2 1 1875 1 2195
2 1 915 1 1875
2 1 1426 1 1746
2 1 1426 1 2066
2 1 1746 1 2066
2 1 1041 1 2001
2 1 720 1 2000
2 1 1040 1 2000
2 1 720 1 1040
2 1 913 1 1873
2 1 913 1 2193
2 1 1873 1 2193
2 1 912 1 1872
2 1 1872 1 2192
2 1 912 1 2192
2 1 911 1 2191
2 1 847 1 1167
2 1 974 1 1294
2 1 974 1 1614
2 1 1294 1 1614
2 1 718 1 1998
2 1 718 1 1038
2 1 1038 1 1998
2 1 909 1 2189
2 1 845 1 1165
2 1 972 1 1292
2 1 1292 1 1612
2 1 972 1 1612
2 1 716 1 1036
2 1 1740 1 2060
2 1 970 1 1290
2 1 970 1 1610
2 1 1290 1 1610
2 1 1163 1 1483
2 1 714 1 1034
2 1 1034 1 1994
2 1 714 1 1994
2 1 907 1 2187
2 1 1418 1 2058
2 1 713 1 1033
2 1 1866 1 2186
2 1 712 1 1992
2 1 712 1 1032
2 1 1032 1 1992
2 1 1736 1 2056
2 1 1416 1 1736
2 1 1416 1 2056
2 1 1864 1 2184
2 1 904 1 1864
2 1 904 1 2184
2 1 1159 1 1479
2 1 1030 1 1990
2 1 710 1 1030
2 1 710 1 1990
2 1 903 1 2183
2 1 1414 1 2054
2 1 1862 1 2182
2 1 709 1 1029
2 1 708 1 1028
2 1 901 1 1861
2 1 900 1 1860
2 1 1860 1 2180
2 1 900 1 2180
2 1 707 1 1027
2 1 899 1 2179
2 1 961 1 1601
2 1 898 1 2178
2 1 1858 1 2178
2 1 898 1 1858
2 1 833 1 1153
2 1 1153 1 1473
2 1 833 1 1473
2 1 1857 1 2177
2 1 1280 1 1600
2 1 704 1 1984
2 1 1024 1 1984
2 1 704 1 1024
