435 2240
2 1 1471 1 2111
2 1 1790 1 2110
2 1 1470 1 2110
2 1 1470 1 1790
2 1 1469 1 1789
2 1 1469 1 2109
2 1 1789 1 2109
2 1 1788 1 2108
2 1 1465 1 1785
2 1 1785 1 2105
2 1 1465 1 2105
2 1 1461 1 1781
2 1 1781 1 2101
2 1 1776 1 2096
2 1 1461 1 2101
2 1 1773 1 2093
2 1 1769 1 2089
2 1 1449 1 1769
2 1 1449 1 2089
2 1 1448 1 2088
2 1 1448 1 1768
2 1 1768 1 2088
2 1 1748 1 2068
2 1 1755 1 2075
2 1 1425 1 2065
2 1 1435 1 2075
2 1 1428 1 1748
2 1 1435 1 1755
2 1 1750 1 2070
2 1 1425 1 1745
2 1 1745 1 2065
2 1 1422 1 2062
2 1 1428 1 2068
2 1 1409 1 1729
2 1 1729 1 2049
2 1 1409 1 2049
2 1 1415 1 1735
2 1 966 1 1606
2 1 965 1 1605
2 1 964 1 1604
2 1 962 1 1282
2 1 960 1 1280
2 1 1023 1 1343
2 1 1022 1 1342
2 1 1342 1 1662
2 1 1022 1 1662
2 1 1021 1 1341
2 1 1021 1 1661
2 1 1341 1 1661
2 1 1467 1 1787
2 1 1466 1 1786
2 1 1013 1 1653
2 1 1333 1 1653
2 1 1013 1 1333
2 1 1452 1 1772
2 1 1320 1 1640
2 1 1000 1 1640
2 1 1000 1 1320
2 1 1447 1 1767
2 1 1306 1 1626
2 1 986 1 1306
2 1 986 1 1626
2 1 1305 1 1625
2 1 985 1 1305
2 1 985 1 1625
2 1 1298 1 1618
2 1 835 1 1155
2 1 1303 1 1623
2 1 1410 1 2050
2 1 1730 1 2050
2 1 983 1 1623
2 1 1410 1 1730
2 1 1153 1 1473
2 1 983 1 1303
2 1 833 1 1473
2 1 833 1 1153
2 1 1152 1 1472
2 1 832 1 1472
2 1 895 1 1215
2 1 894 1 1534
2 1 832 1 1152
2 1 893 1 1533
2 1 892 1 1532
2 1 1211 1 1531
2 1 891 1 1531
2 1 891 1 1211
2 1 890 1 1210
2 1 1464 1 1784
2 1 1016 1 1656
2 1 1016 1 1336
2 1 1336 1 1656
2 1 884 1 1524
2 1 1205 1 1525
2 1 1012 1 1332
2 1 1459 1 1779
2 1 1011 1 1331
2 1 1331 1 1651
2 1 1011 1 1651
2 1 1458 1 1778
2 1 1457 1 1777
2 1 1775 1 2095
2 1 1454 1 2094
2 1 876 1 1516
2 1 880 1 1200
2 1 1196 1 1516
2 1 877 1 1517
2 1 876 1 1196
2 1 1451 1 2091
2 1 1004 1 1644
2 1 1004 1 1324
2 1 1324 1 1644
2 1 1194 1 1514
2 1 874 1 1514
2 1 874 1 1194
2 1 872 1 1192
2 1 1192 1 1512
2 1 872 1 1512
2 1 871 1 1511
2 1 999 1 1319
2 1 1445 1 2085
2 1 868 1 1508
2 1 995 1 1635
2 1 995 1 1315
2 1 1315 1 1635
2 1 865 1 1185
2 1 992 1 1632
2 1 991 1 1311
2 1 1438 1 1758
2 1 1436 1 2076
2 1 1436 1 1756
2 1 1756 1 2076
2 1 859 1 1499
2 1 1179 1 1499
2 1 859 1 1179
2 1 1178 1 1498
2 1 858 1 1178
2 1 858 1 1498
2 1 856 1 1176
2 1 856 1 1496
2 1 1176 1 1496
2 1 857 1 1177
2 1 857 1 1497
2 1 1177 1 1497
2 1 1304 1 1624
2 1 1429 1 2069
2 1 1171 1 1491
2 1 851 1 1491
2 1 851 1 1171
2 1 1746 1 2066
2 1 1426 1 1746
2 1 1426 1 2066
2 1 1172 1 1492
2 1 852 1 1492
2 1 852 1 1172
2 1 979 1 1619
2 1 1299 1 1619
2 1 979 1 1299
2 1 849 1 1489
2 1 1169 1 1489
2 1 849 1 1169
2 1 848 1 1488
2 1 848 1 1168
2 1 1168 1 1488
2 1 974 1 1294
2 1 1293 1 1613
2 1 973 1 1613
2 1 1166 1 1486
2 1 973 1 1293
2 1 1290 1 1610
2 1 970 1 1290
2 1 970 1 1610
2 1 837 1 1157
2 1 896 1 2176
2 1 836 1 1476
2 1 1087 1 2047
2 1 959 1 1919
2 1 766 1 1086
2 1 958 1 1918
2 1 1085 1 2045
2 1 957 1 1917
2 1 957 1 2237
2 1 1917 1 2237
2 1 764 1 1084
2 1 1916 1 2236
2 1 956 1 2236
2 1 956 1 1916
2 1 763 1 2043
2 1 1083 1 2043
2 1 763 1 1083
2 1 955 1 1915
2 1 955 1 2235
2 1 1915 1 2235
2 1 1082 1 2042
2 1 762 1 2042
2 1 762 1 1082
2 1 954 1 2234
2 1 954 1 1914
2 1 1914 1 2234
2 1 761 1 1081
2 1 953 1 2233
2 1 1913 1 2233
2 1 953 1 1913
2 1 952 1 1912
2 1 1912 1 2232
2 1 952 1 2232
2 1 1015 1 1335
2 1 1335 1 1655
2 1 1015 1 1655
2 1 888 1 1528
2 1 888 1 1208
2 1 1208 1 1528
2 1 1911 1 2231
2 1 1014 1 1654
2 1 1463 1 1783
2 1 887 1 1207
2 1 1078 1 2038
2 1 1782 1 2102
2 1 1462 1 2102
2 1 1462 1 1782
2 1 756 1 1076
2 1 756 1 2036
2 1 1076 1 2036
2 1 949 1 1909
2 1 949 1 2229
2 1 1909 1 2229
2 1 1908 1 2228
2 1 948 1 2228
2 1 948 1 1908
2 1 1460 1 1780
2 1 755 1 2035
2 1 1010 1 1330
2 1 947 1 1907
2 1 1907 1 2227
2 1 947 1 2227
2 1 1009 1 1649
2 1 753 1 2033
2 1 1905 1 2225
2 1 881 1 1201
2 1 1008 1 1648
2 1 752 1 2032
2 1 1072 1 2032
2 1 752 1 1072
2 1 943 1 1903
2 1 943 1 2223
2 1 1903 1 2223
2 1 1326 1 1646
2 1 1006 1 1326
2 1 1006 1 1646
2 1 879 1 1199
2 1 1199 1 1519
2 1 879 1 1519
2 1 750 1 2030
2 1 1902 1 2222
2 1 1005 1 1645
2 1 1005 1 1325
2 1 1325 1 1645
2 1 878 1 1518
2 1 1069 1 2029
2 1 1068 1 2028
2 1 940 1 2220
2 1 939 1 2219
2 1 875 1 1195
2 1 746 1 2026
2 1 1066 1 2026
2 1 746 1 1066
2 1 1450 1 1770
2 1 1065 1 2025
2 1 745 1 1065
2 1 745 1 2025
2 1 744 1 1064
2 1 937 1 2217
2 1 936 1 2216
2 1 1896 1 2216
2 1 936 1 1896
2 1 1895 1 2215
2 1 935 1 1895
2 1 935 1 2215
2 1 1446 1 2086
2 1 1446 1 1766
2 1 1766 1 2086
2 1 870 1 1190
2 1 934 1 1894
2 1 1894 1 2214
2 1 934 1 2214
2 1 1189 1 1509
2 1 740 1 1060
2 1 1893 1 2213
2 1 1444 1 2084
2 1 1314 1 1634
2 1 993 1 1633
2 1 866 1 1186
2 1 1186 1 1506
2 1 866 1 1506
2 1 1057 1 2017
2 1 737 1 1057
2 1 737 1 2017
2 1 1441 1 1761
2 1 1056 1 2016
2 1 1440 1 2080
2 1 735 1 2015
2 1 928 1 1888
2 1 928 1 2208
2 1 1888 1 2208
2 1 1183 1 1503
2 1 1310 1 1630
2 1 990 1 1310
2 1 990 1 1630
2 1 734 1 2014
2 1 1309 1 1629
2 1 989 1 1309
2 1 989 1 1629
2 1 1886 1 2206
2 1 1308 1 1628
2 1 861 1 1181
2 1 1885 1 2205
2 1 1307 1 1627
2 1 987 1 1627
2 1 987 1 1307
2 1 731 1 1051
2 1 730 1 2010
2 1 1050 1 2010
2 1 730 1 1050
2 1 922 1 1882
2 1 1882 1 2202
2 1 922 1 2202
2 1 729 1 1049
2 1 1049 1 2009
2 1 729 1 2009
2 1 1048 1 2008
2 1 728 1 1048
2 1 728 1 2008
2 1 727 1 2007
2 1 1431 1 1751
2 1 1175 1 1495
2 1 855 1 1495
2 1 855 1 1175
2 1 726 1 1046
2 1 1046 1 2006
2 1 726 1 2006
2 1 982 1 1302
2 1 1302 1 1622
2 1 982 1 1622
2 1 725 1 2005
2 1 1173 1 1493
2 1 853 1 1493
2 1 853 1 1173
2 1 1877 1 2197
2 1 917 1 2197
2 1 917 1 1877
2 1 724 1 2004
2 1 724 1 1044
2 1 1044 1 2004
2 1 723 1 2003
2 1 723 1 1043
2 1 1043 1 2003
2 1 1747 1 2067
2 1 1427 1 2067
2 1 1427 1 1747
2 1 1875 1 2195
2 1 915 1 1875
2 1 915 1 2195
2 1 722 1 2002
2 1 1297 1 1617
2 1 1041 1 2001
2 1 721 1 2001
2 1 721 1 1041
2 1 914 1 1874
2 1 914 1 2194
2 1 1874 1 2194
2 1 1873 1 2193
2 1 1040 1 2000
2 1 720 1 1040
2 1 720 1 2000
2 1 912 1 2192
2 1 1872 1 2192
2 1 912 1 1872
2 1 719 1 1039
2 1 1423 1 2063
2 1 718 1 1038
2 1 717 1 1997
2 1 910 1 1870
2 1 909 1 1869
2 1 845 1 1485
2 1 1165 1 1485
2 1 845 1 1165
2 1 1421 1 1741
2 1 1035 1 1995
2 1 971 1 1291
2 1 1868 1 2188
2 1 1419 1 1739
2 1 1739 1 2059
2 1 1419 1 2059
2 1 714 1 1994
2 1 1867 1 2187
2 1 1418 1 2058
2 1 1162 1 1482
2 1 969 1 1289
2 1 1289 1 1609
2 1 969 1 1609
2 1 713 1 1993
2 1 906 1 2186
2 1 1866 1 2186
2 1 906 1 1866
2 1 967 1 1607
2 1 1287 1 1607
2 1 967 1 1287
2 1 840 1 1480
2 1 1031 1 1991
2 1 711 1 1031
2 1 711 1 1991
2 1 1863 1 2183
2 1 710 1 1990
2 1 710 1 1030
2 1 1030 1 1990
2 1 902 1 1862
2 1 1862 1 2182
2 1 902 1 2182
2 1 709 1 1029
2 1 709 1 1989
2 1 1029 1 1989
2 1 901 1 1861
2 1 901 1 2181
2 1 1861 1 2181
2 1 1028 1 1988
2 1 708 1 1988
2 1 708 1 1028
2 1 900 1 1860
2 1 707 1 1027
2 1 707 1 1987
2 1 1027 1 1987
2 1 899 1 2179
2 1 961 1 1601
2 1 1025 1 1985
2 1 1857 1 2177
2 1 1024 1 1984
