432 2240
2 1 1462 1 1782
2 1 1782 1 2102
2 1 1462 1 2102
2 1 1781 1 2101
2 1 1461 1 2101
2 1 1461 1 1781
2 1 1783 1 2103
2 1 1460 1 1780
2 1 1778 1 2098
2 1 1463 1 2103
2 1 1457 1 2097
2 1 1457 1 1777
2 1 1460 1 2100
2 1 1780 1 2100
2 1 1463 1 1783
2 1 1777 1 2097
2 1 1449 1 2089
2 1 1764 1 2084
2 1 1444 1 1764
2 1 1444 1 2084
2 1 1760 1 2080
2 1 1440 1 2080
2 1 1440 1 1760
2 1 1745 1 2065
2 1 1743 1 2063
2 1 1422 1 2062
2 1 1423 1 1743
2 1 1423 1 2063
2 1 1737 1 2057
2 1 1417 1 2057
2 1 1414 1 1734
2 1 1414 1 2054
2 1 1734 1 2054
2 1 1295 1 1615
2 1 1417 1 1737
2 1 1732 1 2052
2 1 969 1 1289
2 1 1416 1 1736
2 1 1285 1 1605
2 1 1410 1 1730
2 1 961 1 1601
2 1 961 1 1281
2 1 1281 1 1601
2 1 1471 1 1791
2 1 1019 1 1659
2 1 1019 1 1339
2 1 1339 1 1659
2 1 1018 1 1658
2 1 1467 1 1787
2 1 1013 1 1653
2 1 1011 1 1651
2 1 1008 1 1328
2 1 1448 1 1768
2 1 1447 1 1767
2 1 1454 1 1774
2 1 1320 1 1640
2 1 1318 1 1638
2 1 998 1 1638
2 1 998 1 1318
2 1 1315 1 1635
2 1 1313 1 1633
2 1 993 1 1633
2 1 993 1 1313
2 1 1441 1 1761
2 1 992 1 1632
2 1 1312 1 1632
2 1 992 1 1312
2 1 1311 1 1631
2 1 1303 1 1623
2 1 981 1 1301
2 1 1282 1 1602
2 1 962 1 1602
2 1 835 1 1475
2 1 962 1 1282
2 1 1155 1 1475
2 1 835 1 1155
2 1 1790 1 2110
2 1 1789 1 2109
2 1 1469 1 2109
2 1 1469 1 1789
2 1 1342 1 1662
2 1 892 1 1532
2 1 890 1 1210
2 1 1211 1 1531
2 1 1464 1 2104
2 1 1017 1 1657
2 1 887 1 1527
2 1 886 1 1526
2 1 885 1 1525
2 1 891 1 1211
2 1 1205 1 1525
2 1 885 1 1205
2 1 891 1 1531
2 1 884 1 1524
2 1 1012 1 1652
2 1 1201 1 1521
2 1 881 1 1521
2 1 881 1 1201
2 1 1009 1 1649
2 1 1456 1 1776
2 1 879 1 1199
2 1 878 1 1198
2 1 1453 1 2093
2 1 1006 1 1646
2 1 1326 1 1646
2 1 1006 1 1326
2 1 1772 1 2092
2 1 1005 1 1325
2 1 1325 1 1645
2 1 1005 1 1645
2 1 1451 1 2091
2 1 1450 1 1770
2 1 873 1 1193
2 1 1192 1 1512
2 1 1319 1 1639
2 1 872 1 1512
2 1 872 1 1192
2 1 1189 1 1509
2 1 1188 1 1508
2 1 867 1 1507
2 1 1187 1 1507
2 1 867 1 1187
2 1 1186 1 1506
2 1 1182 1 1502
2 1 863 1 1503
2 1 863 1 1183
2 1 1183 1 1503
2 1 1181 1 1501
2 1 1308 1 1628
2 1 987 1 1307
2 1 1176 1 1496
2 1 1174 1 1494
2 1 1429 1 2069
2 1 1175 1 1495
2 1 1302 1 1622
2 1 982 1 1622
2 1 982 1 1302
2 1 852 1 1492
2 1 852 1 1172
2 1 1172 1 1492
2 1 1299 1 1619
2 1 979 1 1619
2 1 979 1 1299
2 1 848 1 1168
2 1 848 1 1488
2 1 1168 1 1488
2 1 847 1 1487
2 1 974 1 1614
2 1 973 1 1293
2 1 846 1 1486
2 1 1166 1 1486
2 1 846 1 1166
2 1 1163 1 1483
2 1 1161 1 1481
2 1 840 1 1480
2 1 840 1 1160
2 1 1160 1 1480
2 1 959 1 2239
2 1 958 1 2238
2 1 1918 1 2238
2 1 958 1 1918
2 1 1087 1 2047
2 1 1021 1 1661
2 1 1341 1 1661
2 1 1021 1 1341
2 1 894 1 1214
2 1 1917 1 2237
2 1 1020 1 1660
2 1 893 1 1533
2 1 764 1 1084
2 1 1084 1 2044
2 1 764 1 2044
2 1 1916 1 2236
2 1 955 1 1915
2 1 762 1 1082
2 1 1786 1 2106
2 1 1914 1 2234
2 1 954 1 1914
2 1 954 1 2234
2 1 761 1 1081
2 1 761 1 2041
2 1 1081 1 2041
2 1 1785 1 2105
2 1 1913 1 2233
2 1 953 1 2233
2 1 953 1 1913
2 1 1015 1 1335
2 1 759 1 1079
2 1 1912 1 2232
2 1 952 1 1912
2 1 952 1 2232
2 1 1910 1 2230
2 1 950 1 1910
2 1 950 1 2230
2 1 949 1 2229
2 1 1909 1 2229
2 1 949 1 1909
2 1 1076 1 2036
2 1 756 1 2036
2 1 756 1 1076
2 1 1908 1 2228
2 1 948 1 1908
2 1 948 1 2228
2 1 755 1 2035
2 1 947 1 1907
2 1 947 1 2227
2 1 1907 1 2227
2 1 1010 1 1330
2 1 1779 1 2099
2 1 883 1 1523
2 1 883 1 1203
2 1 1203 1 1523
2 1 945 1 2225
2 1 1904 1 2224
2 1 944 1 2224
2 1 944 1 1904
2 1 880 1 1200
2 1 1200 1 1520
2 1 880 1 1520
2 1 1070 1 2030
2 1 750 1 1070
2 1 750 1 2030
2 1 941 1 1901
2 1 941 1 2221
2 1 1901 1 2221
2 1 877 1 1197
2 1 1004 1 1324
2 1 1324 1 1644
2 1 1004 1 1644
2 1 876 1 1516
2 1 876 1 1196
2 1 1196 1 1516
2 1 1323 1 1643
2 1 1195 1 1515
2 1 875 1 1195
2 1 875 1 1515
2 1 1001 1 1321
2 1 1194 1 1514
2 1 874 1 1514
2 1 874 1 1194
2 1 745 1 2025
2 1 1065 1 2025
2 1 745 1 1065
2 1 1064 1 2024
2 1 744 1 2024
2 1 744 1 1064
2 1 936 1 1896
2 1 1063 1 2023
2 1 743 1 2023
2 1 743 1 1063
2 1 935 1 1895
2 1 1895 1 2215
2 1 935 1 2215
2 1 742 1 2022
2 1 934 1 2214
2 1 1317 1 1637
2 1 997 1 1637
2 1 997 1 1317
2 1 1446 1 2086
2 1 870 1 1190
2 1 1061 1 2021
2 1 741 1 2021
2 1 741 1 1061
2 1 1765 1 2085
2 1 1445 1 2085
2 1 1445 1 1765
2 1 740 1 1060
2 1 739 1 1059
2 1 932 1 2212
2 1 1763 1 2083
2 1 1443 1 1763
2 1 1443 1 2083
2 1 931 1 2211
2 1 738 1 1058
2 1 1057 1 2017
2 1 737 1 1057
2 1 737 1 2017
2 1 930 1 1890
2 1 930 1 2210
2 1 1890 1 2210
2 1 1056 1 2016
2 1 929 1 1889
2 1 928 1 2208
2 1 735 1 1055
2 1 1759 1 2079
2 1 927 1 2207
2 1 927 1 1887
2 1 1887 1 2207
2 1 734 1 2014
2 1 1054 1 2014
2 1 734 1 1054
2 1 733 1 1053
2 1 926 1 2206
2 1 1437 1 1757
2 1 1757 1 2077
2 1 1437 1 2077
2 1 732 1 2012
2 1 732 1 1052
2 1 1052 1 2012
2 1 925 1 1885
2 1 1884 1 2204
2 1 924 1 1884
2 1 924 1 2204
2 1 923 1 2203
2 1 923 1 1883
2 1 1883 1 2203
2 1 859 1 1179
2 1 730 1 2010
2 1 986 1 1306
2 1 1178 1 1498
2 1 858 1 1178
2 1 858 1 1498
2 1 1434 1 1754
2 1 984 1 1624
2 1 1304 1 1624
2 1 984 1 1304
2 1 1433 1 2073
2 1 728 1 1048
2 1 1881 1 2201
2 1 727 1 2007
2 1 727 1 1047
2 1 1047 1 2007
2 1 1751 1 2071
2 1 726 1 2006
2 1 1046 1 2006
2 1 726 1 1046
2 1 918 1 2198
2 1 917 1 2197
2 1 1877 1 2197
2 1 917 1 1877
2 1 853 1 1173
2 1 1300 1 1620
2 1 980 1 1620
2 1 980 1 1300
2 1 1044 1 2004
2 1 724 1 2004
2 1 724 1 1044
2 1 1428 1 2068
2 1 723 1 2003
2 1 978 1 1618
2 1 978 1 1298
2 1 1298 1 1618
2 1 1297 1 1617
2 1 850 1 1170
2 1 721 1 1041
2 1 720 1 1040
2 1 720 1 2000
2 1 1040 1 2000
2 1 912 1 2192
2 1 912 1 1872
2 1 1872 1 2192
2 1 1039 1 1999
2 1 719 1 1039
2 1 719 1 1999
2 1 718 1 1998
2 1 718 1 1038
2 1 1038 1 1998
2 1 1870 1 2190
2 1 910 1 2190
2 1 910 1 1870
2 1 717 1 1997
2 1 845 1 1485
2 1 971 1 1291
2 1 971 1 1611
2 1 1291 1 1611
2 1 1420 1 2060
2 1 1740 1 2060
2 1 1420 1 1740
2 1 844 1 1164
2 1 715 1 1035
2 1 1739 1 2059
2 1 1034 1 1994
2 1 1867 1 2187
2 1 1418 1 1738
2 1 1738 1 2058
2 1 1418 1 2058
2 1 713 1 1033
2 1 1033 1 1993
2 1 713 1 1993
2 1 906 1 2186
2 1 1866 1 2186
2 1 906 1 1866
2 1 1032 1 1992
2 1 1865 1 2185
2 1 905 1 2185
2 1 905 1 1865
2 1 904 1 2184
2 1 1864 1 2184
2 1 904 1 1864
2 1 711 1 1991
2 1 1415 1 2055
2 1 1415 1 1735
2 1 1735 1 2055
2 1 839 1 1159
2 1 903 1 2183
2 1 1863 1 2183
2 1 903 1 1863
2 1 1286 1 1606
2 1 1030 1 1990
2 1 709 1 1989
2 1 901 1 2181
2 1 964 1 1284
2 1 964 1 1604
2 1 1284 1 1604
2 1 708 1 1028
2 1 708 1 1988
2 1 1028 1 1988
2 1 837 1 1477
2 1 1157 1 1477
2 1 837 1 1157
2 1 1027 1 1987
2 1 1860 1 2180
2 1 899 1 2179
2 1 1859 1 2179
2 1 899 1 1859
2 1 706 1 1986
2 1 706 1 1026
2 1 1026 1 1986
2 1 705 1 1985
2 1 898 1 1858
2 1 897 1 1857
2 1 897 1 2177
2 1 1857 1 2177
2 1 1280 1 1600
2 1 960 1 1280
2 1 960 1 1600
2 1 833 1 1153
2 1 1409 1 1729
2 1 704 1 1984
2 1 704 1 1024
2 1 1024 1 1984
2 1 1856 1 2176
