612 2240
2 1 1789 1 2109
2 1 1469 1 2109
2 1 1469 1 1789
2 1 1468 1 2108
2 1 1467 1 2107
2 1 1462 1 1782
2 1 1782 1 2102
2 1 1462 1 2102
2 1 1778 1 2098
2 1 1456 1 2096
2 1 1450 1 2090
2 1 1450 1 1770
2 1 1770 1 2090
2 1 1765 1 2085
2 1 1757 1 2077
2 1 1429 1 2069
2 1 1745 1 2065
2 1 1418 1 2058
2 1 1418 1 1738
2 1 1430 1 2070
2 1 1750 1 2070
2 1 1738 1 2058
2 1 975 1 1295
2 1 1430 1 1750
2 1 1413 1 1733
2 1 1733 1 2053
2 1 1731 1 2051
2 1 1411 1 2051
2 1 975 1 1615
2 1 1413 1 2053
2 1 1295 1 1615
2 1 1423 1 1743
2 1 1411 1 1731
2 1 1422 1 1742
2 1 1290 1 1610
2 1 970 1 1290
2 1 970 1 1610
2 1 969 1 1289
2 1 1284 1 1604
2 1 1282 1 1602
2 1 962 1 1602
2 1 962 1 1282
2 1 1409 1 1729
2 1 960 1 1280
2 1 1342 1 1662
2 1 1020 1 1340
2 1 1326 1 1646
2 1 1006 1 1326
2 1 1006 1 1646
2 1 1007 1 1327
2 1 1454 1 1774
2 1 1004 1 1644
2 1 1004 1 1324
2 1 1324 1 1644
2 1 1449 1 1769
2 1 1447 1 1767
2 1 1320 1 1640
2 1 999 1 1639
2 1 1319 1 1639
2 1 999 1 1319
2 1 998 1 1318
2 1 998 1 1638
2 1 1318 1 1638
2 1 1317 1 1637
2 1 988 1 1628
2 1 1435 1 1755
2 1 835 1 1475
2 1 835 1 1155
2 1 1155 1 1475
2 1 1410 1 2050
2 1 1410 1 1730
2 1 1730 1 2050
2 1 832 1 1152
2 1 833 1 1153
2 1 833 1 1473
2 1 1153 1 1473
2 1 1215 1 1535
2 1 1214 1 1534
2 1 891 1 1531
2 1 892 1 1532
2 1 1211 1 1531
2 1 891 1 1211
2 1 1019 1 1339
2 1 1018 1 1658
2 1 886 1 1206
2 1 885 1 1205
2 1 1205 1 1525
2 1 885 1 1525
2 1 1012 1 1652
2 1 1012 1 1332
2 1 1332 1 1652
2 1 1201 1 1521
2 1 881 1 1521
2 1 881 1 1201
2 1 1200 1 1520
2 1 880 1 1200
2 1 880 1 1520
2 1 1199 1 1519
2 1 878 1 1198
2 1 1325 1 1645
2 1 1195 1 1515
2 1 879 1 1519
2 1 1194 1 1514
2 1 872 1 1192
2 1 870 1 1190
2 1 879 1 1199
2 1 1193 1 1513
2 1 1189 1 1509
2 1 868 1 1508
2 1 1442 1 1762
2 1 873 1 1513
2 1 865 1 1185
2 1 1312 1 1632
2 1 992 1 1632
2 1 873 1 1193
2 1 992 1 1312
2 1 859 1 1179
2 1 1434 1 2074
2 1 1434 1 1754
2 1 1754 1 2074
2 1 987 1 1627
2 1 986 1 1626
2 1 860 1 1500
2 1 854 1 1174
2 1 853 1 1493
2 1 1428 1 2068
2 1 1427 1 1747
2 1 1747 1 2067
2 1 1427 1 2067
2 1 1746 1 2066
2 1 1426 1 1746
2 1 849 1 1489
2 1 1426 1 2066
2 1 1169 1 1489
2 1 849 1 1169
2 1 848 1 1488
2 1 1168 1 1488
2 1 848 1 1168
2 1 974 1 1294
2 1 974 1 1614
2 1 846 1 1166
2 1 1294 1 1614
2 1 1421 1 1741
2 1 1420 1 1740
2 1 973 1 1613
2 1 1293 1 1613
2 1 973 1 1293
2 1 843 1 1163
2 1 1162 1 1482
2 1 840 1 1160
2 1 968 1 1288
2 1 968 1 1608
2 1 1288 1 1608
2 1 841 1 1161
2 1 1414 1 1734
2 1 841 1 1481
2 1 1161 1 1481
2 1 1734 1 2054
2 1 1414 1 2054
2 1 967 1 1607
2 1 967 1 1287
2 1 1287 1 1607
2 1 1157 1 1477
2 1 837 1 1157
2 1 837 1 1477
2 1 896 1 2176
2 1 1732 1 2052
2 1 767 1 1087
2 1 767 1 2047
2 1 1087 1 2047
2 1 1471 1 2111
2 1 1471 1 1791
2 1 1791 1 2111
2 1 766 1 1086
2 1 1470 1 2110
2 1 1790 1 2110
2 1 1470 1 1790
2 1 765 1 2045
2 1 765 1 1085
2 1 1085 1 2045
2 1 1918 1 2238
2 1 958 1 2238
2 1 958 1 1918
2 1 764 1 1084
2 1 957 1 2237
2 1 957 1 1917
2 1 1917 1 2237
2 1 956 1 2236
2 1 1916 1 2236
2 1 956 1 1916
2 1 763 1 1083
2 1 955 1 1915
2 1 762 1 2042
2 1 1466 1 2106
2 1 890 1 1210
2 1 1210 1 1530
2 1 890 1 1530
2 1 954 1 1914
2 1 761 1 2041
2 1 1336 1 1656
2 1 1015 1 1335
2 1 1910 1 2230
2 1 1077 1 2037
2 1 949 1 2229
2 1 1909 1 2229
2 1 949 1 1909
2 1 756 1 2036
2 1 1011 1 1651
2 1 1331 1 1651
2 1 1011 1 1331
2 1 884 1 1204
2 1 755 1 2035
2 1 1010 1 1330
2 1 1330 1 1650
2 1 1010 1 1650
2 1 1074 1 2034
2 1 1073 1 2033
2 1 945 1 2225
2 1 1905 1 2225
2 1 945 1 1905
2 1 752 1 1072
2 1 751 1 1071
2 1 1071 1 2031
2 1 751 1 2031
2 1 750 1 1070
2 1 750 1 2030
2 1 1070 1 2030
2 1 942 1 1902
2 1 749 1 2029
2 1 1069 1 2029
2 1 749 1 1069
2 1 941 1 2221
2 1 941 1 1901
2 1 1901 1 2221
2 1 748 1 2028
2 1 1323 1 1643
2 1 1772 1 2092
2 1 940 1 2220
2 1 747 1 1067
2 1 1067 1 2027
2 1 747 1 2027
2 1 1451 1 2091
2 1 746 1 1066
2 1 746 1 2026
2 1 1066 1 2026
2 1 745 1 2025
2 1 745 1 1065
2 1 1065 1 2025
2 1 937 1 2217
2 1 1897 1 2217
2 1 937 1 1897
2 1 744 1 1064
2 1 936 1 1896
2 1 936 1 2216
2 1 1896 1 2216
2 1 1448 1 1768
2 1 1063 1 2023
2 1 743 1 1063
2 1 743 1 2023
2 1 1062 1 2022
2 1 1895 1 2215
2 1 935 1 1895
2 1 935 1 2215
2 1 1446 1 1766
2 1 1766 1 2086
2 1 1446 1 2086
2 1 934 1 1894
2 1 934 1 2214
2 1 1894 1 2214
2 1 1061 1 2021
2 1 1060 1 2020
2 1 740 1 1060
2 1 740 1 2020
2 1 933 1 1893
2 1 1893 1 2213
2 1 933 1 2213
2 1 1764 1 2084
2 1 932 1 2212
2 1 994 1 1314
2 1 994 1 1634
2 1 1314 1 1634
2 1 1763 1 2083
2 1 1443 1 2083
2 1 1443 1 1763
2 1 1187 1 1507
2 1 738 1 2018
2 1 1891 1 2211
2 1 931 1 1891
2 1 931 1 2211
2 1 1186 1 1506
2 1 737 1 2017
2 1 1057 1 2017
2 1 737 1 1057
2 1 1890 1 2210
2 1 1889 1 2209
2 1 736 1 2016
2 1 928 1 2208
2 1 1888 1 2208
2 1 928 1 1888
2 1 1440 1 2080
2 1 1440 1 1760
2 1 1760 1 2080
2 1 991 1 1311
2 1 1310 1 1630
2 1 990 1 1310
2 1 990 1 1630
2 1 1759 1 2079
2 1 734 1 2014
2 1 1887 1 2207
2 1 1438 1 1758
2 1 1438 1 2078
2 1 1758 1 2078
2 1 1053 1 2013
2 1 1886 1 2206
2 1 732 1 1052
2 1 732 1 2012
2 1 1052 1 2012
2 1 1885 1 2205
2 1 924 1 2204
2 1 731 1 2011
2 1 731 1 1051
2 1 1051 1 2011
2 1 1883 1 2203
2 1 923 1 2203
2 1 923 1 1883
2 1 730 1 2010
2 1 922 1 2202
2 1 1882 1 2202
2 1 922 1 1882
2 1 858 1 1178
2 1 985 1 1625
2 1 1881 1 2201
2 1 1304 1 1624
2 1 984 1 1624
2 1 984 1 1304
2 1 857 1 1497
2 1 983 1 1303
2 1 1878 1 2198
2 1 918 1 2198
2 1 918 1 1878
2 1 1045 1 2005
2 1 917 1 2197
2 1 917 1 1877
2 1 1877 1 2197
2 1 724 1 2004
2 1 916 1 1876
2 1 852 1 1492
2 1 723 1 2003
2 1 1299 1 1619
2 1 979 1 1619
2 1 979 1 1299
2 1 978 1 1618
2 1 851 1 1491
2 1 1874 1 2194
2 1 850 1 1170
2 1 850 1 1490
2 1 1170 1 1490
2 1 1873 1 2193
2 1 1872 1 2192
2 1 912 1 1872
2 1 912 1 2192
2 1 1424 1 2064
2 1 1424 1 1744
2 1 1744 1 2064
2 1 719 1 1039
2 1 719 1 1999
2 1 1039 1 1999
2 1 1038 1 1998
2 1 911 1 1871
2 1 911 1 2191
2 1 1871 1 2191
2 1 910 1 2190
2 1 910 1 1870
2 1 1870 1 2190
2 1 845 1 1165
2 1 909 1 1869
2 1 1869 1 2189
2 1 909 1 2189
2 1 1291 1 1611
2 1 971 1 1611
2 1 971 1 1291
2 1 844 1 1164
2 1 715 1 1035
2 1 1419 1 2059
2 1 1739 1 2059
2 1 1419 1 1739
2 1 714 1 1994
2 1 1034 1 1994
2 1 714 1 1034
2 1 1033 1 1993
2 1 713 1 1993
2 1 713 1 1033
2 1 906 1 2186
2 1 905 1 2185
2 1 1865 1 2185
2 1 905 1 1865
2 1 1032 1 1992
2 1 904 1 1864
2 1 711 1 1991
2 1 903 1 1863
2 1 1286 1 1606
2 1 966 1 1606
2 1 966 1 1286
2 1 1415 1 2055
2 1 1735 1 2055
2 1 1415 1 1735
2 1 839 1 1159
2 1 710 1 1990
2 1 1158 1 1478
2 1 1285 1 1605
2 1 709 1 1029
2 1 709 1 1989
2 1 1029 1 1989
2 1 900 1 2180
2 1 1283 1 1603
2 1 707 1 1027
2 1 836 1 1476
2 1 1156 1 1476
2 1 836 1 1156
2 1 1859 1 2179
2 1 706 1 1986
2 1 898 1 1858
2 1 1858 1 2178
2 1 898 1 2178
2 1 1281 1 1601
2 1 961 1 1281
2 1 961 1 1601
2 1 834 1 1154
2 1 1154 1 1474
2 1 834 1 1474
2 1 705 1 1025
2 1 1025 1 1985
2 1 705 1 1985
2 1 1857 1 2177
2 1 704 1 1024
3 1 558 1 818 1 1778
3 1 558 1 818 1 2098
3 1 566 1 826 1 2106
3 1 569 1 829 1 1789
3 1 609 1 1221 1 2181
3 1 569 1 829 1 1469
3 1 513 1 773 1 1413
3 1 534 1 794 1 1754
3 1 516 1 712 1 1992
3 1 629 1 1241 1 1881
3 1 571 1 831 1 1791
3 1 592 1 948 1 1268
3 1 569 1 829 1 2109
3 1 516 1 712 1 1032
3 1 629 1 1241 1 2201
3 1 330 1 723 1 1363
3 1 383 1 1352 1 1992
3 1 550 1 810 1 1770
3 1 550 1 810 1 1450
3 1 354 1 1067 1 1387
3 1 411 1 1204 1 1844
3 1 338 1 1371 1 2011
3 1 383 1 1032 1 1352
3 1 437 1 1166 1 1806
3 1 412 1 1461 1 1781
3 1 548 1 808 1 1448
3 1 513 1 773 1 1733
3 1 471 1 1280 1 1920
3 1 534 1 794 1 2074
3 1 459 1 948 1 2228
3 1 424 1 1473 1 1793
3 1 342 1 735 1 1375
3 1 513 1 773 1 2053
3 1 526 1 786 1 1746
3 1 586 1 1262 1 1902
3 1 471 1 960 1 1920
3 1 421 1 1214 1 1854
3 1 365 1 1014 1 1334
3 1 550 1 810 1 2090
3 1 624 1 1236 1 1876
3 1 599 1 955 1 1275
3 1 616 1 1228 1 2188
3 1 598 1 1274 1 1914
3 1 322 1 715 1 1355
3 1 461 1 1014 1 1974
3 1 422 1 1215 1 1855
3 1 636 1 1248 1 1888
3 1 330 1 1363 1 2003
3 1 567 1 827 1 2107
3 1 598 1 954 1 1274
3 1 398 1 1191 1 1831
3 1 466 1 1019 1 1979
3 1 424 1 833 1 1793
3 1 366 1 759 1 1399
3 1 604 1 1216 1 2176
3 1 544 1 804 1 2084
3 1 593 1 1269 1 1909
3 1 407 1 1776 1 2096
3 1 512 1 772 1 1732
3 1 331 1 1364 1 2004
3 1 561 1 821 1 1461
3 1 532 1 792 1 2072
3 1 635 1 1183 1 1503
3 1 544 1 804 1 1764
3 1 324 1 1357 1 1997
3 1 624 1 916 1 1236
3 1 408 1 1777 1 2097
3 1 381 1 1350 1 1990
3 1 375 1 704 1 1344
3 1 545 1 805 1 1765
3 1 518 1 778 1 2058
3 1 545 1 805 1 2085
3 1 445 1 1174 1 1814
3 1 411 1 1460 1 1780
3 1 508 1 1317 1 1957
3 1 557 1 817 1 2097
3 1 556 1 816 1 1456
3 1 498 1 987 1 1947
3 1 378 1 707 1 1347
3 1 608 1 1220 1 2180
3 1 477 1 1606 1 1926
3 1 594 1 1270 1 1910
3 1 633 1 1181 1 1501
3 1 407 1 1456 1 1776
3 1 514 1 774 1 1414
3 1 521 1 781 1 1421
3 1 367 1 760 1 1400
3 1 376 1 1345 1 1985
3 1 522 1 782 1 1742
3 1 336 1 1369 1 2009
3 1 634 1 1182 1 1502
3 1 607 1 1219 1 1859
3 1 381 1 710 1 1350
3 1 560 1 820 1 1460
3 1 364 1 1077 1 1397
3 1 412 1 1205 1 1845
3 1 364 1 1397 1 2037
3 1 415 1 1528 1 1848
3 1 413 1 1206 1 1846
3 1 606 1 1218 1 1858
3 1 568 1 828 1 2108
3 1 556 1 816 1 2096
3 1 567 1 827 1 1467
3 1 635 1 1247 1 1887
3 1 418 1 1787 1 2107
3 1 417 1 1530 1 1850
3 1 380 1 709 1 1349
3 1 537 1 797 1 1757
3 1 499 1 988 1 1948
3 1 568 1 828 1 1468
3 1 535 1 795 1 1435
3 1 322 1 1035 1 1355
3 1 535 1 795 1 1755
3 1 489 1 978 1 1938
3 1 529 1 789 1 2069
3 1 529 1 789 1 1429
3 1 537 1 797 1 2077
3 1 562 1 822 1 2102
3 1 562 1 822 1 1462
3 1 562 1 822 1 1782
3 1 514 1 774 1 1734
3 1 418 1 1467 1 1787
3 1 419 1 1468 1 1788
3 1 419 1 1788 1 2108
3 1 444 1 1749 1 2069
3 1 444 1 1429 1 1749
3 1 530 1 790 1 1750
3 1 372 1 1085 1 1405
3 1 372 1 765 1 1405
3 1 372 1 1405 1 2045
3 1 530 1 790 1 2070
3 1 530 1 790 1 1430
3 1 413 1 886 1 1846
3 1 623 1 851 1 1171
3 1 483 1 1612 1 1932
3 1 491 1 980 1 1940
3 1 452 1 1325 1 1965
3 1 612 1 1224 1 1864
3 1 521 1 717 1 1997
3 1 328 1 977 1 1297
3 1 433 1 1482 1 1802
3 1 612 1 904 1 1224
3 1 546 1 806 1 1446
3 1 455 1 1328 1 1968
3 1 400 1 1193 1 1833
3 1 623 1 1171 1 1491
3 1 445 1 854 1 1814
3 1 515 1 775 1 1415
3 1 528 1 788 1 1428
3 1 536 1 796 1 1756
3 1 443 1 1748 1 2068
3 1 515 1 775 1 1735
3 1 515 1 775 1 2055
3 1 528 1 788 1 2068
3 1 570 1 830 1 2110
3 1 499 1 1628 1 1948
3 1 368 1 761 1 1401
3 1 486 1 1295 1 1935
3 1 486 1 975 1 1935
3 1 443 1 1428 1 1748
3 1 321 1 1354 1 1994
3 1 639 1 1251 1 1891
3 1 639 1 1251 1 2211
3 1 393 1 1506 1 1826
3 1 546 1 806 1 1766
3 1 392 1 1185 1 1825
3 1 389 1 1502 1 1822
3 1 525 1 785 1 2065
3 1 599 1 1275 1 1915
3 1 527 1 787 1 2067
3 1 518 1 778 1 1738
3 1 608 1 900 1 1220
3 1 453 1 1646 1 1966
3 1 546 1 806 1 2086
3 1 451 1 1644 1 1964
3 1 531 1 791 1 1751
3 1 613 1 1225 1 1865
