727 2240
2 1 1791 1 2111
2 1 1467 1 1787
2 1 1787 1 2107
2 1 1467 1 2107
2 1 1465 1 1785
2 1 1463 1 1783
2 1 1785 1 2105
2 1 1465 1 2105
2 1 1783 1 2103
2 1 1463 1 2103
2 1 1462 1 1782
2 1 1782 1 2102
2 1 1462 1 2102
2 1 1452 1 2092
2 1 1445 1 1765
2 1 1445 1 2085
2 1 1447 1 1767
2 1 1767 1 2087
2 1 1765 1 2085
2 1 1447 1 2087
2 1 1444 1 2084
2 1 1442 1 2082
2 1 1442 1 1762
2 1 1762 1 2082
2 1 1441 1 2081
2 1 1760 1 2080
2 1 1440 1 2080
2 1 1440 1 1760
2 1 1425 1 2065
2 1 1744 1 2064
2 1 1419 1 2059
2 1 1729 1 2049
2 1 1728 1 2048
2 1 975 1 1615
2 1 975 1 1295
2 1 1295 1 1615
2 1 1418 1 1738
2 1 969 1 1609
2 1 962 1 1602
2 1 1281 1 1601
2 1 960 1 1600
2 1 960 1 1280
2 1 1280 1 1600
2 1 1460 1 1780
2 1 1458 1 1778
2 1 1009 1 1329
2 1 1456 1 1776
2 1 1323 1 1643
2 1 1449 1 1769
2 1 1002 1 1642
2 1 1320 1 1640
2 1 997 1 1317
2 1 1317 1 1637
2 1 997 1 1637
2 1 993 1 1313
2 1 1311 1 1631
2 1 1438 1 1758
2 1 995 1 1315
2 1 1304 1 1624
2 1 994 1 1314
2 1 1297 1 1617
2 1 835 1 1155
2 1 834 1 1154
2 1 833 1 1153
2 1 1343 1 1663
2 1 1470 1 2110
2 1 1470 1 1790
2 1 832 1 1472
2 1 1790 1 2110
2 1 1023 1 1343
2 1 1023 1 1663
2 1 1342 1 1662
2 1 895 1 1535
2 1 1022 1 1342
2 1 1022 1 1662
2 1 1469 1 1789
2 1 1786 1 2106
2 1 1466 1 2106
2 1 1466 1 1786
2 1 1019 1 1659
2 1 892 1 1212
2 1 889 1 1529
2 1 1464 1 2104
2 1 1464 1 1784
2 1 1784 1 2104
2 1 1207 1 1527
2 1 887 1 1207
2 1 887 1 1527
2 1 886 1 1526
2 1 1781 1 2101
2 1 884 1 1204
2 1 1204 1 1524
2 1 884 1 1524
2 1 1459 1 1779
2 1 1779 1 2099
2 1 1459 1 2099
2 1 882 1 1522
2 1 882 1 1202
2 1 1202 1 1522
2 1 1774 1 2094
2 1 1455 1 2095
2 1 1454 1 2094
2 1 1454 1 1774
2 1 1007 1 1327
2 1 1775 1 2095
2 1 1007 1 1647
2 1 1327 1 1647
2 1 1455 1 1775
2 1 1453 1 1773
2 1 876 1 1196
2 1 875 1 1515
2 1 1001 1 1321
2 1 1195 1 1515
2 1 875 1 1195
2 1 1001 1 1641
2 1 1321 1 1641
2 1 874 1 1194
2 1 870 1 1510
2 1 870 1 1190
2 1 1190 1 1510
2 1 1189 1 1509
2 1 868 1 1188
2 1 1188 1 1508
2 1 868 1 1508
2 1 867 1 1187
2 1 867 1 1507
2 1 1187 1 1507
2 1 1186 1 1506
2 1 1185 1 1505
2 1 864 1 1504
2 1 865 1 1185
2 1 865 1 1505
2 1 992 1 1632
2 1 1312 1 1632
2 1 992 1 1312
2 1 1182 1 1502
2 1 1757 1 2077
2 1 989 1 1629
2 1 1437 1 1757
2 1 1437 1 2077
2 1 858 1 1178
2 1 976 1 1296
2 1 985 1 1625
2 1 1752 1 2072
2 1 985 1 1305
2 1 1305 1 1625
2 1 1430 1 2070
2 1 1429 1 2069
2 1 1302 1 1622
2 1 1175 1 1495
2 1 982 1 1622
2 1 982 1 1302
2 1 855 1 1175
2 1 855 1 1495
2 1 1428 1 2068
2 1 849 1 1169
2 1 848 1 1488
2 1 847 1 1487
2 1 1165 1 1485
2 1 1163 1 1483
2 1 970 1 1290
2 1 842 1 1482
2 1 842 1 1162
2 1 1162 1 1482
2 1 1287 1 1607
2 1 967 1 1607
2 1 967 1 1287
2 1 966 1 1286
2 1 1286 1 1606
2 1 966 1 1606
2 1 1412 1 1732
2 1 896 1 1856
2 1 896 1 2176
2 1 1856 1 2176
2 1 767 1 1087
2 1 1087 1 2047
2 1 767 1 2047
2 1 1919 1 2239
2 1 959 1 1919
2 1 959 1 2239
2 1 958 1 1918
2 1 958 1 2238
2 1 1918 1 2238
2 1 1021 1 1661
2 1 894 1 1534
2 1 765 1 2045
2 1 893 1 1533
2 1 1084 1 2044
2 1 764 1 1084
2 1 764 1 2044
2 1 1468 1 2108
2 1 1916 1 2236
2 1 763 1 1083
2 1 762 1 2042
2 1 955 1 1915
2 1 1914 1 2234
2 1 954 1 1914
2 1 954 1 2234
2 1 890 1 1530
2 1 1081 1 2041
2 1 1017 1 1337
2 1 1913 1 2233
2 1 952 1 2232
2 1 1912 1 2232
2 1 952 1 1912
2 1 1015 1 1655
2 1 888 1 1528
2 1 1911 1 2231
2 1 1078 1 2038
2 1 950 1 2230
2 1 950 1 1910
2 1 1910 1 2230
2 1 757 1 2037
2 1 1909 1 2229
2 1 949 1 1909
2 1 949 1 2229
2 1 885 1 1525
2 1 1076 1 2036
2 1 1012 1 1652
2 1 1012 1 1332
2 1 1332 1 1652
2 1 1908 1 2228
2 1 947 1 2227
2 1 1907 1 2227
2 1 947 1 1907
2 1 883 1 1203
2 1 1905 1 2225
2 1 945 1 1905
2 1 945 1 2225
2 1 881 1 1201
2 1 752 1 2032
2 1 1072 1 2032
2 1 752 1 1072
2 1 1008 1 1328
2 1 943 1 2223
2 1 1006 1 1326
2 1 1006 1 1646
2 1 1326 1 1646
2 1 1902 1 2222
2 1 1005 1 1645
2 1 1198 1 1518
2 1 878 1 1518
2 1 878 1 1198
2 1 749 1 2029
2 1 1901 1 2221
2 1 1004 1 1644
2 1 877 1 1517
2 1 748 1 1068
2 1 748 1 2028
2 1 1068 1 2028
2 1 1900 1 2220
2 1 747 1 1067
2 1 746 1 2026
2 1 1066 1 2026
2 1 746 1 1066
2 1 938 1 1898
2 1 1065 1 2025
2 1 937 1 1897
2 1 936 1 2216
2 1 936 1 1896
2 1 1896 1 2216
2 1 999 1 1319
2 1 1319 1 1639
2 1 999 1 1639
2 1 872 1 1192
2 1 743 1 1063
2 1 934 1 2214
2 1 1446 1 2086
2 1 1766 1 2086
2 1 1446 1 1766
2 1 741 1 1061
2 1 740 1 1060
2 1 933 1 2213
2 1 932 1 2212
2 1 1892 1 2212
2 1 932 1 1892
2 1 739 1 1059
2 1 739 1 2019
2 1 1059 1 2019
2 1 1443 1 2083
2 1 1443 1 1763
2 1 1763 1 2083
2 1 1058 1 2018
2 1 737 1 1057
2 1 930 1 1890
2 1 930 1 2210
2 1 1890 1 2210
2 1 929 1 2209
2 1 929 1 1889
2 1 1889 1 2209
2 1 928 1 1888
2 1 1759 1 2079
2 1 863 1 1183
2 1 1183 1 1503
2 1 863 1 1503
2 1 927 1 2207
2 1 1310 1 1630
2 1 734 1 1054
2 1 733 1 2013
2 1 1886 1 2206
2 1 861 1 1181
2 1 1885 1 2205
2 1 925 1 2205
2 1 925 1 1885
2 1 1308 1 1628
2 1 732 1 2012
2 1 1884 1 2204
2 1 987 1 1307
2 1 860 1 1180
2 1 1180 1 1500
2 1 860 1 1500
2 1 731 1 2011
2 1 986 1 1306
2 1 859 1 1179
2 1 859 1 1499
2 1 1179 1 1499
2 1 730 1 1050
2 1 1050 1 2010
2 1 730 1 2010
2 1 1049 1 2009
2 1 728 1 2008
2 1 983 1 1303
2 1 1047 1 2007
2 1 727 1 2007
2 1 727 1 1047
2 1 1879 1 2199
2 1 1431 1 2071
2 1 726 1 2006
2 1 1174 1 1494
2 1 725 1 2005
2 1 981 1 1301
2 1 918 1 1878
2 1 853 1 1493
2 1 1300 1 1620
2 1 1299 1 1619
2 1 852 1 1172
2 1 852 1 1492
2 1 1172 1 1492
2 1 723 1 2003
2 1 1171 1 1491
2 1 851 1 1171
2 1 851 1 1491
2 1 722 1 1042
2 1 1042 1 2002
2 1 722 1 2002
2 1 721 1 2001
2 1 1041 1 2001
2 1 721 1 1041
2 1 913 1 1873
2 1 1040 1 2000
2 1 720 1 1040
2 1 720 1 2000
2 1 912 1 1872
2 1 719 1 1039
2 1 719 1 1999
2 1 1039 1 1999
2 1 1423 1 1743
2 1 911 1 1871
2 1 1871 1 2191
2 1 911 1 2191
2 1 1038 1 1998
2 1 1422 1 1742
2 1 1742 1 2062
2 1 1422 1 2062
2 1 717 1 1037
2 1 1037 1 1997
2 1 717 1 1997
2 1 1870 1 2190
2 1 910 1 2190
2 1 910 1 1870
2 1 1421 1 1741
2 1 1036 1 1996
2 1 716 1 1996
2 1 716 1 1036
2 1 909 1 1869
2 1 909 1 2189
2 1 1869 1 2189
2 1 1035 1 1995
2 1 715 1 1035
2 1 715 1 1995
2 1 908 1 2188
2 1 1868 1 2188
2 1 908 1 1868
2 1 714 1 1994
2 1 1034 1 1994
2 1 714 1 1034
2 1 907 1 1867
2 1 906 1 1866
2 1 905 1 2185
2 1 1865 1 2185
2 1 905 1 1865
2 1 1417 1 2057
2 1 968 1 1288
2 1 1288 1 1608
2 1 968 1 1608
2 1 841 1 1161
2 1 1032 1 1992
2 1 1031 1 1991
2 1 1735 1 2055
2 1 710 1 1990
2 1 903 1 1863
2 1 903 1 2183
2 1 1863 1 2183
2 1 1158 1 1478
2 1 902 1 2182
2 1 902 1 1862
2 1 1862 1 2182
2 1 964 1 1284
2 1 1284 1 1604
2 1 964 1 1604
2 1 708 1 1988
2 1 1861 1 2181
2 1 1283 1 1603
2 1 963 1 1603
2 1 963 1 1283
2 1 707 1 1027
2 1 707 1 1987
2 1 1027 1 1987
2 1 1156 1 1476
2 1 836 1 1156
2 1 836 1 1476
2 1 1859 1 2179
2 1 706 1 1986
2 1 1026 1 1986
2 1 706 1 1026
2 1 898 1 1858
2 1 1025 1 1985
2 1 897 1 2177
2 1 1857 1 2177
2 1 897 1 1857
2 1 1024 1 1984
2 1 704 1 1024
2 1 704 1 1984
3 1 585 1 1261 1 1901
3 1 474 1 1603 1 1923
3 1 585 1 1261 1 2221
3 1 485 1 1294 1 1934
3 1 514 1 774 1 1734
3 1 474 1 963 1 1923
3 1 551 1 811 1 1451
3 1 363 1 1396 1 2036
3 1 567 1 827 1 1787
3 1 591 1 947 1 1267
3 1 475 1 1860 1 2180
3 1 402 1 1451 1 1771
3 1 474 1 1283 1 1923
3 1 519 1 779 1 2059
3 1 627 1 1239 1 2199
3 1 473 1 962 1 1922
3 1 488 1 1617 1 1937
3 1 324 1 1293 1 1613
3 1 475 1 964 1 1924
3 1 606 1 1218 1 1858
3 1 575 1 771 1 1411
3 1 519 1 779 1 1419
3 1 481 1 970 1 1930
3 1 593 1 949 1 1269
3 1 347 1 1316 1 1636
3 1 632 1 1244 1 2204
3 1 571 1 831 1 2111
3 1 472 1 1281 1 1921
3 1 507 1 1636 1 1956
3 1 567 1 827 1 1467
3 1 426 1 835 1 1795
3 1 488 1 1297 1 1937
3 1 374 1 767 1 1407
3 1 561 1 821 1 1781
3 1 567 1 827 1 2107
3 1 572 1 768 1 1728
3 1 448 1 1001 1 1961
3 1 434 1 1739 1 2059
3 1 565 1 761 1 2041
3 1 473 1 898 1 2178
3 1 434 1 1419 1 1739
3 1 475 1 1604 1 1924
3 1 414 1 1527 1 1847
3 1 583 1 939 1 1259
3 1 484 1 1613 1 1933
3 1 571 1 831 1 1791
3 1 580 1 936 1 1256
3 1 403 1 1772 1 2092
3 1 565 1 761 1 1081
3 1 359 1 752 1 1392
3 1 560 1 756 1 1076
3 1 393 1 1506 1 1826
3 1 518 1 778 1 1418
3 1 338 1 1371 1 2011
3 1 561 1 821 1 2101
3 1 608 1 1220 1 1860
3 1 392 1 1185 1 1825
3 1 359 1 1072 1 1392
3 1 487 1 912 1 2192
3 1 380 1 1349 1 1989
3 1 359 1 1392 1 2032
3 1 338 1 731 1 1371
3 1 558 1 818 1 1778
3 1 403 1 1452 1 1772
3 1 333 1 726 1 1366
3 1 605 1 897 1 1217
3 1 552 1 812 1 2092
3 1 552 1 812 1 1452
3 1 587 1 879 1 1199
3 1 411 1 1524 1 1844
3 1 545 1 805 1 2085
3 1 547 1 807 1 1447
3 1 549 1 745 1 1065
3 1 542 1 802 1 1442
3 1 565 1 825 1 2105
3 1 460 1 1013 1 1973
3 1 574 1 770 1 1730
3 1 560 1 756 1 2036
3 1 562 1 822 1 1462
3 1 405 1 1518 1 1838
3 1 547 1 807 1 2087
3 1 563 1 823 1 2103
3 1 565 1 825 1 1785
3 1 355 1 1324 1 1644
3 1 610 1 1222 1 2182
3 1 565 1 825 1 1465
3 1 455 1 1328 1 1968
3 1 455 1 1008 1 1968
3 1 547 1 807 1 1767
3 1 594 1 886 1 1206
3 1 430 1 1159 1 1799
3 1 554 1 814 1 2094
3 1 545 1 805 1 1765
3 1 597 1 1273 1 1913
3 1 544 1 804 1 2084
3 1 333 1 1366 1 2006
3 1 554 1 814 1 1454
3 1 544 1 804 1 1444
3 1 395 1 1764 1 2084
3 1 475 1 1284 1 1924
3 1 347 1 740 1 1380
3 1 573 1 769 1 2049
3 1 455 1 1904 1 2224
3 1 554 1 814 1 1774
3 1 461 1 1654 1 1974
3 1 409 1 882 1 1842
3 1 395 1 1444 1 1764
3 1 559 1 819 1 1779
3 1 562 1 822 1 1782
3 1 456 1 1329 1 1969
3 1 456 1 1009 1 1969
3 1 562 1 822 1 2102
3 1 580 1 1256 1 1896
3 1 563 1 823 1 1783
3 1 379 1 1348 1 1988
3 1 563 1 823 1 1463
3 1 365 1 1334 1 1654
3 1 450 1 939 1 2219
3 1 379 1 708 1 1348
3 1 545 1 805 1 1445
3 1 558 1 818 1 1458
3 1 450 1 1323 1 1963
3 1 419 1 892 1 1852
3 1 487 1 976 1 1936
3 1 363 1 1076 1 1396
3 1 368 1 1081 1 1401
3 1 580 1 1256 1 2216
3 1 392 1 865 1 1825
3 1 458 1 1011 1 1971
3 1 481 1 1290 1 1930
3 1 364 1 1013 1 1333
3 1 555 1 815 1 1455
3 1 444 1 1749 1 2069
3 1 564 1 824 1 1784
3 1 555 1 815 1 2095
3 1 555 1 815 1 1775
3 1 524 1 784 1 2064
3 1 473 1 1602 1 1922
3 1 368 1 1401 1 2041
3 1 607 1 1219 1 2179
3 1 441 1 1170 1 1810
3 1 639 1 931 1 1251
3 1 446 1 1175 1 1815
3 1 473 1 1858 1 2178
3 1 332 1 1365 1 2005
3 1 596 1 888 1 1208
3 1 370 1 1083 1 1403
3 1 596 1 1208 1 1528
3 1 535 1 795 1 1435
3 1 598 1 1274 1 1914
3 1 396 1 1189 1 1829
3 1 611 1 1223 1 2183
3 1 598 1 954 1 1274
3 1 549 1 745 1 2025
3 1 370 1 763 1 1403
3 1 434 1 1483 1 1803
3 1 487 1 1296 1 1936
3 1 573 1 769 1 1729
3 1 524 1 784 1 1744
3 1 419 1 1212 1 1852
3 1 597 1 889 1 1209
3 1 436 1 1485 1 1805
3 1 480 1 1609 1 1929
3 1 541 1 801 1 1441
3 1 422 1 895 1 1855
3 1 446 1 855 1 1815
3 1 356 1 1389 1 2029
3 1 515 1 775 1 1735
3 1 446 1 1495 1 1815
3 1 413 1 1526 1 1846
3 1 442 1 1171 1 1811
3 1 426 1 1411 1 1731
3 1 353 1 1386 1 2026
3 1 572 1 768 1 2048
3 1 374 1 1087 1 1407
3 1 321 1 714 1 1354
3 1 450 1 1643 1 1963
3 1 594 1 1206 1 1526
3 1 356 1 1005 1 1325
3 1 609 1 1221 1 1861
3 1 602 1 1278 1 2238
3 1 448 1 1321 1 1961
3 1 429 1 1158 1 1798
3 1 429 1 1478 1 1798
3 1 374 1 1407 1 2047
3 1 626 1 1238 1 1878
3 1 378 1 707 1 1347
3 1 518 1 778 1 1738
3 1 587 1 943 1 1263
3 1 542 1 802 1 1762
3 1 597 1 1209 1 1529
3 1 582 1 1258 1 1898
3 1 340 1 1309 1 1629
3 1 413 1 886 1 1846
3 1 512 1 772 1 1732
3 1 476 1 965 1 1925
3 1 521 1 781 1 1741
3 1 417 1 890 1 1850
3 1 627 1 1239 1 1879
3 1 536 1 796 1 2076
3 1 347 1 1060 1 1380
3 1 344 1 1057 1 1377
3 1 382 1 1031 1 1351
3 1 592 1 1268 1 2228
3 1 562 1 758 1 2038
3 1 542 1 802 1 2082
3 1 391 1 1504 1 1824
3 1 330 1 1363 1 2003
3 1 589 1 1265 1 2225
3 1 447 1 1176 1 1816
3 1 388 1 861 1 1821
3 1 513 1 773 1 2053
3 1 621 1 913 1 1233
3 1 406 1 879 1 1839
3 1 383 1 1032 1 1352
3 1 626 1 918 1 1238
3 1 606 1 898 1 1218
3 1 586 1 1262 1 1902
3 1 332 1 725 1 1365
3 1 504 1 1313 1 1953
3 1 372 1 1021 1 1341
3 1 564 1 824 1 2104
3 1 391 1 864 1 1824
3 1 394 1 1507 1 1827
3 1 354 1 1067 1 1387
3 1 477 1 1286 1 1926
3 1 409 1 1202 1 1842
3 1 596 1 952 1 1272
3 1 602 1 1278 1 1918
3 1 636 1 864 1 1184
3 1 513 1 709 1 1989
3 1 490 1 1619 1 1939
3 1 382 1 1351 1 1991
3 1 472 1 1601 1 1921
3 1 428 1 1733 1 2053
3 1 619 1 847 1 1167
3 1 603 1 959 1 1279
3 1 477 1 966 1 1926
3 1 478 1 967 1 1927
3 1 511 1 1640 1 1960
3 1 533 1 793 1 1433
3 1 602 1 894 1 1214
3 1 619 1 1167 1 1487
3 1 609 1 1221 1 2181
3 1 613 1 1225 1 2185
3 1 592 1 1268 1 1908
3 1 416 1 1529 1 1849
3 1 350 1 743 1 1383
3 1 607 1 1219 1 1859
3 1 559 1 819 1 2099
3 1 582 1 938 1 1258
3 1 468 1 1661 1 1981
3 1 342 1 735 1 1375
3 1 621 1 1233 1 1873
3 1 599 1 1211 1 1531
3 1 440 1 1169 1 1809
3 1 396 1 1509 1 1829
3 1 614 1 906 1 1226
3 1 369 1 1018 1 1338
3 1 438 1 847 1 1807
3 1 554 1 750 1 2030
3 1 397 1 870 1 1830
3 1 331 1 724 1 1364
3 1 477 1 1606 1 1926
3 1 586 1 1262 1 2222
3 1 481 1 1866 1 2186
3 1 634 1 1246 1 2206
3 1 409 1 1522 1 1842
3 1 600 1 1276 1 1916
3 1 515 1 775 1 2055
3 1 402 1 1515 1 1835
3 1 634 1 1246 1 1886
3 1 564 1 824 1 1464
3 1 416 1 889 1 1849
3 1 579 1 871 1 1191
3 1 481 1 906 1 2186
3 1 383 1 1352 1 1992
3 1 418 1 1531 1 1851
3 1 410 1 1203 1 1843
3 1 452 1 1645 1 1965
3 1 622 1 1234 1 2194
3 1 448 1 1641 1 1961
3 1 464 1 1337 1 1977
3 1 341 1 1054 1 1374
3 1 398 1 871 1 1831
3 1 614 1 1226 1 1866
3 1 415 1 888 1 1848
3 1 327 1 720 1 1360
3 1 593 1 1269 1 2229
3 1 495 1 1624 1 1944
3 1 375 1 704 1 1344
3 1 487 1 1872 1 2192
3 1 620 1 1232 1 1872
3 1 353 1 1002 1 1322
