602 2240
2 1 1469 1 2109
2 1 1788 1 2108
2 1 1468 1 2108
2 1 1468 1 1788
2 1 1779 1 2099
2 1 1777 1 2097
2 1 1772 1 2092
2 1 1452 1 2092
2 1 1452 1 1772
2 1 1450 1 2090
2 1 1770 1 2090
2 1 1450 1 1770
2 1 1447 1 2087
2 1 1439 1 1759
2 1 1439 1 2079
2 1 1759 1 2079
2 1 1438 1 1758
2 1 1438 1 2078
2 1 1758 1 2078
2 1 1756 1 2076
2 1 1436 1 1756
2 1 1436 1 2076
2 1 1752 1 2072
2 1 1432 1 2072
2 1 1432 1 1752
2 1 1751 1 2071
2 1 1431 1 2071
2 1 1431 1 1751
2 1 1429 1 2069
2 1 1749 1 2069
2 1 1427 1 2067
2 1 1429 1 1749
2 1 1729 1 2049
2 1 1408 1 2048
2 1 1728 1 2048
2 1 1408 1 1728
2 1 971 1 1291
2 1 968 1 1608
2 1 962 1 1282
2 1 962 1 1602
2 1 1282 1 1602
2 1 1280 1 1600
2 1 1340 1 1660
2 1 1020 1 1340
2 1 1020 1 1660
2 1 1339 1 1659
2 1 1337 1 1657
2 1 1017 1 1337
2 1 1017 1 1657
2 1 1328 1 1648
2 1 1008 1 1648
2 1 1322 1 1642
2 1 1008 1 1328
2 1 1002 1 1322
2 1 1002 1 1642
2 1 1321 1 1641
2 1 1001 1 1321
2 1 1001 1 1641
2 1 1445 1 1765
2 1 996 1 1636
2 1 994 1 1314
2 1 1312 1 1632
2 1 1443 1 1763
2 1 990 1 1630
2 1 989 1 1309
2 1 1309 1 1629
2 1 989 1 1629
2 1 1019 1 1659
2 1 988 1 1628
2 1 982 1 1622
2 1 982 1 1302
2 1 835 1 1475
2 1 1302 1 1622
2 1 1155 1 1475
2 1 835 1 1155
2 1 834 1 1154
2 1 832 1 1472
2 1 832 1 1152
2 1 1152 1 1472
2 1 1215 1 1535
2 1 895 1 1215
2 1 895 1 1535
2 1 1214 1 1534
2 1 1212 1 1532
2 1 892 1 1212
2 1 892 1 1532
2 1 1019 1 1339
2 1 891 1 1531
2 1 1211 1 1531
2 1 891 1 1211
2 1 1210 1 1530
2 1 1209 1 1529
2 1 1015 1 1335
2 1 1016 1 1656
2 1 1016 1 1336
2 1 1336 1 1656
2 1 1780 1 2100
2 1 1778 1 2098
2 1 1782 1 2102
2 1 1462 1 2102
2 1 881 1 1521
2 1 1462 1 1782
2 1 1203 1 1523
2 1 883 1 1203
2 1 1196 1 1516
2 1 883 1 1523
2 1 875 1 1515
2 1 873 1 1513
2 1 871 1 1511
2 1 1190 1 1510
2 1 870 1 1510
2 1 870 1 1190
2 1 869 1 1189
2 1 1764 1 2084
2 1 1444 1 1764
2 1 1444 1 2084
2 1 867 1 1507
2 1 1187 1 1507
2 1 867 1 1187
2 1 862 1 1502
2 1 1182 1 1502
2 1 862 1 1182
2 1 861 1 1181
2 1 861 1 1501
2 1 1181 1 1501
2 1 859 1 1499
2 1 859 1 1179
2 1 1179 1 1499
2 1 860 1 1180
2 1 987 1 1307
2 1 1307 1 1627
2 1 987 1 1627
2 1 1306 1 1626
2 1 986 1 1306
2 1 986 1 1626
2 1 855 1 1175
2 1 855 1 1495
2 1 1175 1 1495
2 1 1750 1 2070
2 1 856 1 1176
2 1 1430 1 1750
2 1 1430 1 2070
2 1 1303 1 1623
2 1 853 1 1173
2 1 853 1 1493
2 1 1173 1 1493
2 1 851 1 1171
2 1 1748 1 2068
2 1 1171 1 1491
2 1 851 1 1491
2 1 850 1 1170
2 1 1170 1 1490
2 1 850 1 1490
2 1 1425 1 2065
2 1 1744 1 2064
2 1 1424 1 2064
2 1 1424 1 1744
2 1 847 1 1487
2 1 1165 1 1485
2 1 972 1 1612
2 1 969 1 1609
2 1 1159 1 1479
2 1 966 1 1286
2 1 1286 1 1606
2 1 966 1 1606
2 1 1856 1 2176
2 1 896 1 2176
2 1 896 1 1856
2 1 1087 1 2047
2 1 767 1 2047
2 1 767 1 1087
2 1 1791 1 2111
2 1 1471 1 1791
2 1 1471 1 2111
2 1 959 1 1919
2 1 959 1 2239
2 1 1919 1 2239
2 1 766 1 2046
2 1 766 1 1086
2 1 1086 1 2046
2 1 1470 1 1790
2 1 1470 1 2110
2 1 1790 1 2110
2 1 1085 1 2045
2 1 958 1 2238
2 1 958 1 1918
2 1 1918 1 2238
2 1 764 1 1084
2 1 764 1 2044
2 1 1084 1 2044
2 1 1917 1 2237
2 1 957 1 2237
2 1 957 1 1917
2 1 763 1 2043
2 1 763 1 1083
2 1 1083 1 2043
2 1 955 1 2235
2 1 1466 1 2106
2 1 1786 1 2106
2 1 1466 1 1786
2 1 761 1 1081
2 1 954 1 1914
2 1 1465 1 1785
2 1 760 1 2040
2 1 760 1 1080
2 1 1080 1 2040
2 1 953 1 2233
2 1 1784 1 2104
2 1 759 1 2039
2 1 952 1 2232
2 1 1912 1 2232
2 1 952 1 1912
2 1 1014 1 1334
2 1 951 1 2231
2 1 1911 1 2231
2 1 951 1 1911
2 1 886 1 1206
2 1 1910 1 2230
2 1 1333 1 1653
2 1 757 1 2037
2 1 885 1 1525
2 1 1461 1 1781
2 1 1909 1 2229
2 1 756 1 2036
2 1 1011 1 1331
2 1 755 1 1075
2 1 1908 1 2228
2 1 1907 1 2227
2 1 754 1 2034
2 1 1906 1 2226
2 1 946 1 1906
2 1 946 1 2226
2 1 882 1 1522
2 1 882 1 1202
2 1 1202 1 1522
2 1 753 1 1073
2 1 753 1 2033
2 1 1073 1 2033
2 1 1009 1 1329
2 1 1905 1 2225
2 1 944 1 1904
2 1 944 1 2224
2 1 1904 1 2224
2 1 1456 1 1776
2 1 1456 1 2096
2 1 1776 1 2096
2 1 880 1 1520
2 1 1007 1 1327
2 1 1327 1 1647
2 1 1007 1 1647
2 1 751 1 2031
2 1 751 1 1071
2 1 1071 1 2031
2 1 1455 1 1775
2 1 1903 1 2223
2 1 749 1 2029
2 1 942 1 2222
2 1 1004 1 1644
2 1 1453 1 2093
2 1 877 1 1197
2 1 748 1 1068
2 1 1068 1 2028
2 1 748 1 2028
2 1 747 1 1067
2 1 747 1 2027
2 1 1067 1 2027
2 1 1899 1 2219
2 1 939 1 1899
2 1 939 1 2219
2 1 938 1 1898
2 1 1065 1 2025
2 1 937 1 2217
2 1 937 1 1897
2 1 1897 1 2217
2 1 1064 1 2024
2 1 936 1 2216
2 1 1896 1 2216
2 1 936 1 1896
2 1 742 1 1062
2 1 934 1 1894
2 1 741 1 1061
2 1 933 1 2213
2 1 933 1 1893
2 1 1893 1 2213
2 1 932 1 2212
2 1 1892 1 2212
2 1 932 1 1892
2 1 868 1 1188
2 1 995 1 1315
2 1 1891 1 2211
2 1 930 1 1890
2 1 930 1 2210
2 1 1890 1 2210
2 1 1762 1 2082
2 1 1442 1 1762
2 1 1442 1 2082
2 1 866 1 1186
2 1 993 1 1313
2 1 1441 1 1761
2 1 1761 1 2081
2 1 1441 1 2081
2 1 1889 1 2209
2 1 991 1 1311
2 1 1311 1 1631
2 1 991 1 1631
2 1 1184 1 1504
2 1 735 1 1055
2 1 1055 1 2015
2 1 735 1 2015
2 1 928 1 2208
2 1 1888 1 2208
2 1 928 1 1888
2 1 1054 1 2014
2 1 734 1 1054
2 1 734 1 2014
2 1 926 1 2206
2 1 733 1 1053
2 1 733 1 2013
2 1 1053 1 2013
2 1 925 1 2205
2 1 925 1 1885
2 1 1885 1 2205
2 1 1052 1 2012
2 1 732 1 2012
2 1 732 1 1052
2 1 924 1 1884
2 1 1051 1 2011
2 1 731 1 1051
2 1 731 1 2011
2 1 923 1 2203
2 1 985 1 1305
2 1 1305 1 1625
2 1 985 1 1625
2 1 729 1 2009
2 1 922 1 2202
2 1 984 1 1304
2 1 1304 1 1624
2 1 984 1 1624
2 1 857 1 1177
2 1 1048 1 2008
2 1 727 1 1047
2 1 919 1 2199
2 1 918 1 2198
2 1 854 1 1174
2 1 854 1 1494
2 1 1174 1 1494
2 1 981 1 1621
2 1 981 1 1301
2 1 1301 1 1621
2 1 725 1 2005
2 1 725 1 1045
2 1 1045 1 2005
2 1 724 1 2004
2 1 852 1 1172
2 1 1172 1 1492
2 1 852 1 1492
2 1 916 1 2196
2 1 723 1 1043
2 1 1875 1 2195
2 1 722 1 1042
2 1 1426 1 2066
2 1 1746 1 2066
2 1 1426 1 1746
2 1 914 1 1874
2 1 1296 1 1616
2 1 913 1 2193
2 1 1873 1 2193
2 1 913 1 1873
2 1 848 1 1488
2 1 1168 1 1488
2 1 848 1 1168
2 1 1039 1 1999
2 1 719 1 1039
2 1 719 1 1999
2 1 1423 1 2063
2 1 1423 1 1743
2 1 1743 1 2063
2 1 1871 1 2191
2 1 718 1 1998
2 1 1742 1 2062
2 1 1422 1 2062
2 1 1422 1 1742
2 1 1166 1 1486
2 1 717 1 1037
2 1 910 1 2190
2 1 1421 1 2061
2 1 716 1 1996
2 1 1036 1 1996
2 1 716 1 1036
2 1 1869 1 2189
2 1 715 1 1995
2 1 908 1 1868
2 1 970 1 1290
2 1 1034 1 1994
2 1 713 1 1993
2 1 1033 1 1993
2 1 713 1 1033
2 1 1417 1 1737
2 1 905 1 1865
2 1 1736 1 2056
2 1 1287 1 1607
2 1 711 1 1031
2 1 904 1 1864
2 1 904 1 2184
2 1 1864 1 2184
2 1 710 1 1990
2 1 838 1 1158
2 1 965 1 1605
2 1 1285 1 1605
2 1 965 1 1285
2 1 1284 1 1604
2 1 1157 1 1477
2 1 837 1 1477
2 1 837 1 1157
2 1 1283 1 1603
2 1 707 1 1987
2 1 1027 1 1987
2 1 707 1 1027
2 1 706 1 1986
2 1 1026 1 1986
2 1 706 1 1026
2 1 898 1 1858
2 1 1025 1 1985
2 1 705 1 1985
2 1 705 1 1025
2 1 704 1 1984
2 1 704 1 1024
2 1 1024 1 1984
2 1 897 1 2177
3 1 457 1 1650 1 1970
3 1 361 1 1330 1 1650
3 1 532 1 728 1 1048
3 1 569 1 829 1 1469
3 1 569 1 829 1 2109
3 1 572 1 768 1 1408
3 1 346 1 1059 1 1379
3 1 546 1 806 1 1766
3 1 629 1 1241 1 2201
3 1 543 1 739 1 1059
3 1 572 1 768 1 1728
3 1 361 1 1394 1 2034
3 1 441 1 1490 1 1810
3 1 633 1 1245 1 2205
3 1 325 1 1358 1 1998
3 1 473 1 962 1 1922
3 1 521 1 781 1 1421
3 1 408 1 1521 1 1841
3 1 572 1 768 1 2048
3 1 534 1 794 1 1754
3 1 550 1 810 1 1450
3 1 473 1 1602 1 1922
3 1 420 1 1789 1 2109
3 1 559 1 819 1 1779
3 1 473 1 1282 1 1922
3 1 410 1 883 1 1843
3 1 360 1 1393 1 2033
3 1 533 1 793 1 1433
3 1 384 1 857 1 1817
3 1 420 1 1469 1 1789
3 1 456 1 1009 1 1969
3 1 557 1 817 1 1777
3 1 600 1 956 1 1276
3 1 335 1 1368 1 2008
3 1 559 1 819 1 2099
3 1 409 1 882 1 1842
3 1 536 1 796 1 2076
3 1 536 1 796 1 1756
3 1 626 1 1238 1 2198
3 1 552 1 812 1 1452
3 1 557 1 817 1 2097
3 1 425 1 1154 1 1794
3 1 610 1 902 1 1222
3 1 548 1 808 1 2088
3 1 536 1 796 1 1436
3 1 552 1 812 1 1772
3 1 470 1 1343 1 1983
3 1 532 1 792 1 1752
3 1 568 1 828 1 1468
3 1 335 1 1048 1 1368
3 1 532 1 728 1 2008
3 1 538 1 798 1 2078
3 1 568 1 828 1 1788
3 1 403 1 1196 1 1836
3 1 571 1 831 1 1471
3 1 552 1 812 1 2092
3 1 568 1 828 1 2108
3 1 348 1 741 1 1381
3 1 471 1 1280 1 1920
3 1 329 1 722 1 1362
3 1 550 1 746 1 1066
3 1 590 1 1266 1 2226
3 1 521 1 781 1 2061
3 1 550 1 810 1 1770
3 1 550 1 810 1 2090
3 1 573 1 769 1 1729
3 1 539 1 799 1 1439
3 1 538 1 798 1 1758
3 1 573 1 769 1 2049
3 1 634 1 926 1 1246
3 1 410 1 1203 1 1843
3 1 471 1 1600 1 1920
3 1 538 1 798 1 1438
3 1 634 1 1246 1 2206
3 1 360 1 753 1 1393
3 1 350 1 1319 1 1639
3 1 510 1 1639 1 1959
3 1 360 1 1073 1 1393
3 1 539 1 799 1 1759
3 1 581 1 937 1 1257
3 1 539 1 799 1 2079
3 1 611 1 1223 1 2183
3 1 547 1 807 1 2087
3 1 547 1 807 1 1447
3 1 398 1 1447 1 1767
3 1 361 1 754 1 1394
3 1 464 1 1657 1 1977
3 1 399 1 1768 1 2088
3 1 549 1 809 1 1769
3 1 398 1 1767 1 2087
3 1 336 1 729 1 1369
3 1 456 1 1329 1 1969
3 1 506 1 1315 1 1955
3 1 504 1 993 1 1953
3 1 587 1 1199 1 1519
3 1 385 1 1178 1 1818
3 1 362 1 1075 1 1395
3 1 347 1 1316 1 1636
3 1 598 1 1274 1 1914
3 1 348 1 1061 1 1381
3 1 571 1 831 1 2111
3 1 464 1 1017 1 1977
3 1 421 1 1214 1 1854
3 1 523 1 783 1 1743
3 1 468 1 1341 1 1981
3 1 336 1 1369 1 2009
3 1 453 1 1006 1 1966
3 1 532 1 792 1 1432
3 1 514 1 774 1 2054
3 1 459 1 1652 1 1972
3 1 366 1 1399 1 2039
3 1 584 1 1260 1 1900
3 1 442 1 851 1 1811
3 1 375 1 1024 1 1344
3 1 589 1 881 1 1201
3 1 526 1 786 1 1746
3 1 543 1 803 1 1763
3 1 436 1 1165 1 1805
3 1 436 1 1485 1 1805
3 1 496 1 1625 1 1945
3 1 497 1 1306 1 1946
3 1 474 1 1859 1 2179
3 1 375 1 1344 1 1984
3 1 351 1 1000 1 1320
3 1 523 1 783 1 1423
3 1 633 1 1245 1 1885
3 1 590 1 1266 1 1906
3 1 598 1 954 1 1274
3 1 334 1 727 1 1367
3 1 376 1 1025 1 1345
3 1 387 1 860 1 1820
3 1 566 1 826 1 2106
3 1 487 1 1616 1 1936
3 1 621 1 1169 1 1489
3 1 549 1 745 1 2025
3 1 583 1 1259 1 2219
3 1 541 1 737 1 1057
3 1 549 1 745 1 1065
3 1 532 1 792 1 2072
3 1 636 1 928 1 1248
3 1 631 1 1243 1 2203
3 1 631 1 923 1 1243
3 1 540 1 800 1 1440
3 1 506 1 995 1 1955
3 1 464 1 1337 1 1977
3 1 376 1 705 1 1345
3 1 403 1 1516 1 1836
3 1 436 1 1421 1 1741
3 1 430 1 1479 1 1799
3 1 590 1 946 1 1266
3 1 482 1 907 1 2187
3 1 507 1 996 1 1956
3 1 502 1 1887 1 2207
3 1 606 1 1218 1 1858
3 1 349 1 1318 1 1638
3 1 394 1 1507 1 1827
3 1 582 1 874 1 1194
3 1 347 1 996 1 1316
3 1 407 1 1520 1 1840
3 1 588 1 1264 1 1904
3 1 373 1 766 1 1406
3 1 496 1 985 1 1945
3 1 410 1 1523 1 1843
3 1 406 1 1519 1 1839
3 1 440 1 1489 1 1809
3 1 496 1 1305 1 1945
3 1 500 1 1309 1 1949
3 1 595 1 1207 1 1527
3 1 556 1 752 1 2032
3 1 592 1 1268 1 2228
3 1 425 1 834 1 1794
3 1 469 1 1662 1 1982
3 1 583 1 1259 1 1899
