598 2240
2 1 1784 1 2104
2 1 1464 1 2104
2 1 1464 1 1784
2 1 1460 1 1780
2 1 1460 1 2100
2 1 1780 1 2100
2 1 1459 1 2099
2 1 1458 1 2098
2 1 1458 1 1778
2 1 1778 1 2098
2 1 1455 1 1775
2 1 1775 1 2095
2 1 1455 1 2095
2 1 1759 1 2079
2 1 1438 1 1758
2 1 1758 1 2078
2 1 1438 1 2078
2 1 1417 1 2057
2 1 1417 1 1737
2 1 1737 1 2057
2 1 1412 1 2052
2 1 1412 1 1732
2 1 1732 1 2052
2 1 1416 1 1736
2 1 1410 1 2050
2 1 1728 1 2048
2 1 1408 1 1728
2 1 1736 1 2056
2 1 1408 1 2048
2 1 1416 1 2056
2 1 965 1 1285
2 1 1413 1 1733
2 1 964 1 1604
2 1 964 1 1284
2 1 1284 1 1604
2 1 1283 1 1603
2 1 963 1 1603
2 1 963 1 1283
2 1 1409 1 1729
2 1 1335 1 1655
2 1 1466 1 1786
2 1 1015 1 1655
2 1 1015 1 1335
2 1 1017 1 1657
2 1 1013 1 1333
2 1 1331 1 1651
2 1 1011 1 1651
2 1 1011 1 1331
2 1 1326 1 1646
2 1 1311 1 1631
2 1 1310 1 1630
2 1 1002 1 1322
2 1 989 1 1629
2 1 1425 1 1745
2 1 978 1 1298
2 1 835 1 1475
2 1 1317 1 1637
2 1 835 1 1155
2 1 1155 1 1475
2 1 834 1 1154
2 1 833 1 1473
2 1 832 1 1152
2 1 1280 1 1600
2 1 960 1 1600
2 1 960 1 1280
2 1 1470 1 1790
2 1 1470 1 2110
2 1 1790 1 2110
2 1 1023 1 1343
2 1 1213 1 1533
2 1 893 1 1533
2 1 893 1 1213
2 1 1787 1 2107
2 1 1020 1 1660
2 1 1467 1 2107
2 1 1467 1 1787
2 1 1210 1 1530
2 1 890 1 1210
2 1 890 1 1530
2 1 1465 1 2105
2 1 888 1 1528
2 1 1208 1 1528
2 1 888 1 1208
2 1 887 1 1527
2 1 887 1 1207
2 1 1207 1 1527
2 1 886 1 1206
2 1 1014 1 1654
2 1 1334 1 1654
2 1 1014 1 1334
2 1 884 1 1524
2 1 1204 1 1524
2 1 884 1 1204
2 1 883 1 1203
2 1 1203 1 1523
2 1 883 1 1523
2 1 882 1 1522
2 1 1457 1 1777
2 1 1777 1 2097
2 1 1457 1 2097
2 1 1454 1 2094
2 1 877 1 1517
2 1 1197 1 1517
2 1 877 1 1197
2 1 1195 1 1515
2 1 873 1 1193
2 1 1191 1 1511
2 1 998 1 1318
2 1 998 1 1638
2 1 1318 1 1638
2 1 868 1 1188
2 1 867 1 1187
2 1 995 1 1635
2 1 1314 1 1634
2 1 862 1 1182
2 1 862 1 1502
2 1 1182 1 1502
2 1 861 1 1501
2 1 1180 1 1500
2 1 1435 1 2075
2 1 1432 1 2072
2 1 985 1 1305
2 1 855 1 1495
2 1 1749 1 2069
2 1 1429 1 1749
2 1 1429 1 2069
2 1 858 1 1498
2 1 858 1 1178
2 1 1301 1 1621
2 1 1174 1 1494
2 1 1178 1 1498
2 1 981 1 1621
2 1 981 1 1301
2 1 1428 1 1748
2 1 851 1 1171
2 1 1746 1 2066
2 1 849 1 1169
2 1 849 1 1489
2 1 1169 1 1489
2 1 1743 1 2063
2 1 976 1 1296
2 1 976 1 1616
2 1 1296 1 1616
2 1 1421 1 2061
2 1 1741 1 2061
2 1 1421 1 1741
2 1 1420 1 2060
2 1 973 1 1293
2 1 1419 1 2059
2 1 842 1 1482
2 1 840 1 1160
2 1 840 1 1480
2 1 1160 1 1480
2 1 1415 1 1735
2 1 1415 1 2055
2 1 846 1 1486
2 1 1735 1 2055
2 1 968 1 1608
2 1 838 1 1158
2 1 838 1 1478
2 1 1158 1 1478
2 1 1856 1 2176
2 1 896 1 2176
2 1 896 1 1856
2 1 767 1 2047
2 1 959 1 2239
2 1 1919 1 2239
2 1 959 1 1919
2 1 895 1 1535
2 1 1918 1 2238
2 1 894 1 1214
2 1 1085 1 2045
2 1 1021 1 1661
2 1 1021 1 1341
2 1 1341 1 1661
2 1 1917 1 2237
2 1 1469 1 1789
2 1 764 1 2044
2 1 1019 1 1659
2 1 1019 1 1339
2 1 1339 1 1659
2 1 1468 1 2108
2 1 1916 1 2236
2 1 956 1 1916
2 1 956 1 2236
2 1 1211 1 1531
2 1 1082 1 2042
2 1 1018 1 1658
2 1 1018 1 1338
2 1 1338 1 1658
2 1 1914 1 2234
2 1 761 1 2041
2 1 953 1 2233
2 1 1016 1 1336
2 1 889 1 1209
2 1 759 1 2039
2 1 1079 1 2039
2 1 759 1 1079
2 1 951 1 2231
2 1 758 1 2038
2 1 758 1 1078
2 1 1078 1 2038
2 1 950 1 1910
2 1 949 1 2229
2 1 1012 1 1332
2 1 1332 1 1652
2 1 1012 1 1652
2 1 885 1 1205
2 1 756 1 2036
2 1 756 1 1076
2 1 1076 1 2036
2 1 1075 1 2035
2 1 755 1 2035
2 1 755 1 1075
2 1 1907 1 2227
2 1 947 1 1907
2 1 947 1 2227
2 1 754 1 1074
2 1 1328 1 1648
2 1 1201 1 1521
2 1 881 1 1201
2 1 881 1 1521
2 1 1905 1 2225
2 1 945 1 1905
2 1 945 1 2225
2 1 752 1 2032
2 1 1904 1 2224
2 1 880 1 1520
2 1 751 1 1071
2 1 1198 1 1518
2 1 878 1 1198
2 1 878 1 1518
2 1 942 1 2222
2 1 942 1 1902
2 1 1902 1 2222
2 1 1069 1 2029
2 1 749 1 2029
2 1 749 1 1069
2 1 1453 1 1773
2 1 748 1 2028
2 1 1452 1 2092
2 1 1452 1 1772
2 1 1772 1 2092
2 1 1323 1 1643
2 1 1067 1 2027
2 1 940 1 2220
2 1 1451 1 1771
2 1 1451 1 2091
2 1 1771 1 2091
2 1 746 1 2026
2 1 1899 1 2219
2 1 1194 1 1514
2 1 1065 1 2025
2 1 1001 1 1321
2 1 1898 1 2218
2 1 938 1 1898
2 1 938 1 2218
2 1 999 1 1639
2 1 1319 1 1639
2 1 999 1 1319
2 1 1448 1 2088
2 1 1063 1 2023
2 1 743 1 1063
2 1 743 1 2023
2 1 936 1 1896
2 1 742 1 2022
2 1 1062 1 2022
2 1 742 1 1062
2 1 741 1 2021
2 1 996 1 1316
2 1 1189 1 1509
2 1 740 1 2020
2 1 740 1 1060
2 1 1060 1 2020
2 1 1892 1 2212
2 1 739 1 1059
2 1 1059 1 2019
2 1 739 1 2019
2 1 1443 1 1763
2 1 1443 1 2083
2 1 1763 1 2083
2 1 931 1 2211
2 1 993 1 1633
2 1 1313 1 1633
2 1 993 1 1313
2 1 1186 1 1506
2 1 737 1 2017
2 1 930 1 2210
2 1 1889 1 2209
2 1 992 1 1632
2 1 1312 1 1632
2 1 992 1 1312
2 1 865 1 1185
2 1 1056 1 2016
2 1 736 1 2016
2 1 736 1 1056
2 1 1055 1 2015
2 1 734 1 1054
2 1 927 1 1887
2 1 926 1 2206
2 1 926 1 1886
2 1 1886 1 2206
2 1 733 1 2013
2 1 733 1 1053
2 1 1053 1 2013
2 1 1437 1 2077
2 1 1885 1 2205
2 1 925 1 2205
2 1 925 1 1885
2 1 1052 1 2012
2 1 732 1 2012
2 1 732 1 1052
2 1 731 1 2011
2 1 924 1 1884
2 1 923 1 1883
2 1 1883 1 2203
2 1 923 1 2203
2 1 986 1 1626
2 1 1050 1 2010
2 1 730 1 2010
2 1 730 1 1050
2 1 1434 1 1754
2 1 1754 1 2074
2 1 1434 1 2074
2 1 1049 1 2009
2 1 1753 1 2073
2 1 728 1 2008
2 1 921 1 2201
2 1 921 1 1881
2 1 1881 1 2201
2 1 1303 1 1623
2 1 983 1 1623
2 1 983 1 1303
2 1 1176 1 1496
2 1 1047 1 2007
2 1 727 1 2007
2 1 727 1 1047
2 1 920 1 1880
2 1 1880 1 2200
2 1 920 1 2200
2 1 1751 1 2071
2 1 1431 1 1751
2 1 1431 1 2071
2 1 1046 1 2006
2 1 1750 1 2070
2 1 918 1 2198
2 1 980 1 1620
2 1 1173 1 1493
2 1 917 1 1877
2 1 1877 1 2197
2 1 917 1 2197
2 1 1876 1 2196
2 1 852 1 1492
2 1 1299 1 1619
2 1 979 1 1299
2 1 979 1 1619
2 1 723 1 2003
2 1 723 1 1043
2 1 1043 1 2003
2 1 1875 1 2195
2 1 914 1 2194
2 1 977 1 1617
2 1 1041 1 2001
2 1 721 1 1041
2 1 721 1 2001
2 1 1873 1 2193
2 1 848 1 1168
2 1 912 1 2192
2 1 912 1 1872
2 1 1872 1 2192
2 1 719 1 1999
2 1 1871 1 2191
2 1 847 1 1167
2 1 1038 1 1998
2 1 718 1 1998
2 1 718 1 1038
2 1 974 1 1294
2 1 1870 1 2190
2 1 909 1 1869
2 1 716 1 1996
2 1 1292 1 1612
2 1 972 1 1292
2 1 972 1 1612
2 1 844 1 1484
2 1 1868 1 2188
2 1 970 1 1610
2 1 843 1 1483
2 1 714 1 1034
2 1 1034 1 1994
2 1 714 1 1994
2 1 1418 1 1738
2 1 713 1 1033
2 1 1033 1 1993
2 1 713 1 1993
2 1 712 1 1032
2 1 712 1 1992
2 1 1032 1 1992
2 1 905 1 2185
2 1 904 1 2184
2 1 903 1 2183
2 1 903 1 1863
2 1 1863 1 2183
2 1 1286 1 1606
2 1 966 1 1286
2 1 966 1 1606
2 1 839 1 1479
2 1 1159 1 1479
2 1 839 1 1159
2 1 1030 1 1990
2 1 1862 1 2182
2 1 1414 1 1734
2 1 901 1 2181
2 1 1861 1 2181
2 1 901 1 1861
2 1 1860 1 2180
2 1 900 1 2180
2 1 900 1 1860
2 1 1859 1 2179
2 1 899 1 2179
2 1 899 1 1859
2 1 706 1 1026
2 1 706 1 1986
2 1 1026 1 1986
2 1 898 1 2178
2 1 898 1 1858
2 1 1858 1 2178
2 1 705 1 1025
2 1 897 1 1857
2 1 704 1 1024
3 1 624 1 1236 1 1876
3 1 624 1 1236 1 2196
3 1 555 1 815 1 1775
3 1 340 1 1309 1 1629
3 1 496 1 1305 1 1945
3 1 486 1 1615 1 1935
3 1 511 1 1320 1 1960
3 1 555 1 815 1 2095
3 1 326 1 1295 1 1615
3 1 340 1 989 1 1309
3 1 500 1 989 1 1949
3 1 555 1 815 1 1455
3 1 325 1 1038 1 1358
3 1 325 1 718 1 1358
3 1 500 1 1629 1 1949
3 1 593 1 949 1 1269
3 1 331 1 980 1 1300
3 1 539 1 799 1 1759
3 1 425 1 1410 1 1730
3 1 325 1 1358 1 1998
3 1 611 1 1223 1 2183
3 1 539 1 799 1 2079
3 1 637 1 1249 1 2209
3 1 616 1 1164 1 1484
3 1 501 1 1630 1 1950
3 1 560 1 820 1 1780
3 1 458 1 1331 1 1971
3 1 574 1 770 1 2050
3 1 347 1 1380 1 2020
3 1 321 1 714 1 1354
3 1 637 1 1249 1 1889
3 1 587 1 879 1 1199
3 1 406 1 879 1 1839
3 1 351 1 1384 1 2024
3 1 516 1 776 1 2056
3 1 564 1 824 1 1464
3 1 564 1 824 1 1784
3 1 611 1 903 1 1223
3 1 501 1 1310 1 1950
3 1 453 1 1326 1 1966
3 1 611 1 1223 1 1863
3 1 439 1 848 1 1808
3 1 472 1 1857 1 2177
3 1 605 1 897 1 1217
3 1 472 1 897 1 2177
3 1 605 1 1217 1 1857
3 1 438 1 847 1 1807
3 1 512 1 772 1 2052
3 1 512 1 772 1 1732
3 1 564 1 824 1 2104
3 1 563 1 823 1 1463
3 1 538 1 798 1 1758
3 1 538 1 798 1 1438
3 1 538 1 798 1 2078
3 1 410 1 1459 1 1779
3 1 512 1 772 1 1412
3 1 410 1 1779 1 2099
3 1 560 1 820 1 1460
3 1 560 1 820 1 2100
3 1 558 1 818 1 1458
3 1 558 1 818 1 1778
3 1 410 1 1523 1 1843
3 1 558 1 818 1 2098
3 1 462 1 1655 1 1975
3 1 559 1 819 1 1459
3 1 559 1 819 1 2099
3 1 439 1 1168 1 1808
3 1 638 1 1250 1 2210
3 1 522 1 782 1 1422
3 1 410 1 1203 1 1843
3 1 517 1 777 1 1417
3 1 425 1 834 1 1794
3 1 376 1 1025 1 1345
3 1 438 1 1167 1 1807
3 1 376 1 705 1 1345
3 1 601 1 1277 1 2237
3 1 510 1 1639 1 1959
3 1 619 1 1231 1 2191
3 1 620 1 1232 1 1872
3 1 535 1 795 1 1435
3 1 503 1 1888 1 2208
3 1 383 1 712 1 1352
3 1 371 1 1404 1 2044
3 1 638 1 930 1 1250
3 1 620 1 912 1 1232
3 1 609 1 1221 1 1861
3 1 331 1 1300 1 1620
3 1 440 1 1169 1 1809
3 1 491 1 1620 1 1940
3 1 543 1 803 1 1443
3 1 615 1 1227 1 1867
3 1 514 1 710 1 1990
3 1 514 1 710 1 1030
3 1 466 1 1915 1 2235
3 1 369 1 1082 1 1402
3 1 491 1 980 1 1940
3 1 515 1 775 1 1735
3 1 397 1 1766 1 2086
3 1 507 1 1316 1 1956
3 1 515 1 775 1 1415
3 1 605 1 1153 1 1473
3 1 402 1 1195 1 1835
3 1 515 1 775 1 2055
3 1 617 1 845 1 1165
3 1 625 1 1237 1 2197
3 1 485 1 974 1 1934
3 1 380 1 1029 1 1349
3 1 608 1 836 1 1156
3 1 335 1 984 1 1304
3 1 533 1 793 1 2073
3 1 442 1 1171 1 1811
3 1 602 1 1278 1 2238
3 1 396 1 1189 1 1829
3 1 507 1 996 1 1956
3 1 485 1 1294 1 1934
3 1 453 1 1646 1 1966
3 1 546 1 806 1 2086
3 1 625 1 917 1 1237
3 1 574 1 770 1 1410
3 1 369 1 1402 1 2042
3 1 598 1 1274 1 2234
3 1 572 1 768 1 1728
3 1 554 1 814 1 1454
3 1 330 1 723 1 1363
3 1 350 1 743 1 1383
3 1 443 1 852 1 1812
3 1 540 1 800 1 1440
3 1 610 1 1222 1 2182
3 1 429 1 1478 1 1798
3 1 489 1 978 1 1938
3 1 403 1 1196 1 1836
3 1 431 1 1480 1 1800
3 1 495 1 984 1 1944
3 1 389 1 862 1 1822
3 1 529 1 789 1 2069
3 1 352 1 1385 1 2025
3 1 414 1 1463 1 1783
3 1 510 1 1319 1 1959
3 1 510 1 999 1 1959
3 1 393 1 1506 1 1826
3 1 566 1 762 1 2042
3 1 381 1 1030 1 1350
3 1 425 1 1730 1 2050
3 1 336 1 1049 1 1369
3 1 381 1 1350 1 1990
3 1 610 1 1222 1 1862
3 1 513 1 709 1 1029
3 1 524 1 784 1 1744
3 1 523 1 783 1 2063
3 1 455 1 1648 1 1968
3 1 357 1 750 1 1390
3 1 552 1 812 1 1452
3 1 396 1 1509 1 1829
3 1 377 1 1346 1 1986
3 1 361 1 1074 1 1394
3 1 599 1 1275 1 1915
3 1 360 1 753 1 1393
3 1 499 1 1308 1 1948
3 1 410 1 883 1 1843
3 1 346 1 1379 1 2019
3 1 382 1 967 1 1287
3 1 389 1 1182 1 1822
3 1 389 1 1502 1 1822
3 1 553 1 813 1 1453
3 1 566 1 762 1 1082
3 1 537 1 797 1 1437
3 1 586 1 942 1 1262
3 1 371 1 764 1 1404
3 1 590 1 882 1 1202
