620 2240
2 1 1786 1 2106
2 1 1780 1 2100
2 1 1459 1 2099
2 1 1778 1 2098
2 1 1769 1 2089
2 1 1764 1 2084
2 1 1462 1 2102
2 1 1462 1 1782
2 1 1782 1 2102
2 1 1443 1 1763
2 1 1763 1 2083
2 1 1443 1 2083
2 1 1441 1 2081
2 1 1440 1 2080
2 1 1440 1 1760
2 1 1760 1 2080
2 1 1439 1 1759
2 1 1759 1 2079
2 1 1439 1 2079
2 1 1438 1 2078
2 1 1758 1 2078
2 1 1438 1 1758
2 1 1757 1 2077
2 1 1437 1 1757
2 1 1437 1 2077
2 1 1755 1 2075
2 1 1428 1 2068
2 1 1748 1 2068
2 1 1428 1 1748
2 1 1742 1 2062
2 1 1420 1 2060
2 1 1419 1 1739
2 1 1739 1 2059
2 1 1419 1 2059
2 1 1418 1 2058
2 1 1737 1 2057
2 1 974 1 1294
2 1 1421 1 1741
2 1 972 1 1292
2 1 1290 1 1610
2 1 1415 1 2055
2 1 1415 1 1735
2 1 1735 1 2055
2 1 1289 1 1609
2 1 1286 1 1606
2 1 1408 1 1728
2 1 1281 1 1601
2 1 961 1 1601
2 1 961 1 1281
2 1 1336 1 1656
2 1 1016 1 1336
2 1 1333 1 1653
2 1 1332 1 1652
2 1 1016 1 1656
2 1 1331 1 1651
2 1 996 1 1636
2 1 996 1 1316
2 1 1316 1 1636
2 1 995 1 1635
2 1 995 1 1315
2 1 1315 1 1635
2 1 1314 1 1634
2 1 994 1 1314
2 1 994 1 1634
2 1 1311 1 1631
2 1 1308 1 1628
2 1 1432 1 1752
2 1 983 1 1303
2 1 1303 1 1623
2 1 983 1 1623
2 1 982 1 1622
2 1 982 1 1302
2 1 1302 1 1622
2 1 1152 1 1472
2 1 964 1 1284
2 1 895 1 1215
2 1 979 1 1619
2 1 1023 1 1663
2 1 1023 1 1343
2 1 979 1 1299
2 1 1299 1 1619
2 1 1343 1 1663
2 1 1342 1 1662
2 1 1209 1 1529
2 1 889 1 1529
2 1 889 1 1209
2 1 1017 1 1337
2 1 1207 1 1527
2 1 1206 1 1526
2 1 885 1 1525
2 1 883 1 1523
2 1 882 1 1522
2 1 882 1 1202
2 1 1202 1 1522
2 1 1196 1 1516
2 1 1324 1 1644
2 1 1004 1 1644
2 1 1004 1 1324
2 1 1770 1 2090
2 1 1003 1 1643
2 1 1193 1 1513
2 1 873 1 1513
2 1 1000 1 1640
2 1 873 1 1193
2 1 1320 1 1640
2 1 1000 1 1320
2 1 868 1 1188
2 1 869 1 1189
2 1 867 1 1507
2 1 866 1 1506
2 1 866 1 1186
2 1 1186 1 1506
2 1 1185 1 1505
2 1 864 1 1184
2 1 864 1 1504
2 1 1184 1 1504
2 1 863 1 1183
2 1 1183 1 1503
2 1 863 1 1503
2 1 862 1 1182
2 1 862 1 1502
2 1 1182 1 1502
2 1 1181 1 1501
2 1 861 1 1181
2 1 861 1 1501
2 1 1309 1 1629
2 1 989 1 1309
2 1 989 1 1629
2 1 1179 1 1499
2 1 1174 1 1494
2 1 1172 1 1492
2 1 977 1 1617
2 1 1297 1 1617
2 1 977 1 1297
2 1 1166 1 1486
2 1 1165 1 1485
2 1 845 1 1165
2 1 845 1 1485
2 1 844 1 1164
2 1 843 1 1483
2 1 1162 1 1482
2 1 842 1 1162
2 1 842 1 1482
2 1 1160 1 1480
2 1 840 1 1480
2 1 1161 1 1481
2 1 841 1 1161
2 1 840 1 1160
2 1 841 1 1481
2 1 1159 1 1479
2 1 838 1 1478
2 1 838 1 1158
2 1 1158 1 1478
2 1 965 1 1285
2 1 1919 1 2239
2 1 959 1 2239
2 1 959 1 1919
2 1 1790 1 2110
2 1 1087 1 2047
2 1 767 1 1087
2 1 767 1 2047
2 1 894 1 1214
2 1 958 1 1918
2 1 1341 1 1661
2 1 765 1 2045
2 1 1340 1 1660
2 1 764 1 2044
2 1 1339 1 1659
2 1 1019 1 1659
2 1 1019 1 1339
2 1 892 1 1212
2 1 763 1 2043
2 1 891 1 1211
2 1 762 1 1082
2 1 1081 1 2041
2 1 761 1 2041
2 1 761 1 1081
2 1 953 1 2233
2 1 1465 1 2105
2 1 1785 1 2105
2 1 1465 1 1785
2 1 760 1 2040
2 1 1015 1 1335
2 1 1784 1 2104
2 1 1464 1 2104
2 1 1464 1 1784
2 1 1208 1 1528
2 1 759 1 2039
2 1 1079 1 2039
2 1 759 1 1079
2 1 952 1 2232
2 1 1783 1 2103
2 1 1078 1 2038
2 1 1077 1 2037
2 1 757 1 1077
2 1 757 1 2037
2 1 1910 1 2230
2 1 950 1 2230
2 1 950 1 1910
2 1 1781 1 2101
2 1 1461 1 2101
2 1 1461 1 1781
2 1 949 1 1909
2 1 949 1 2229
2 1 1909 1 2229
2 1 756 1 1076
2 1 755 1 1075
2 1 755 1 2035
2 1 1075 1 2035
2 1 1908 1 2228
2 1 948 1 1908
2 1 948 1 2228
2 1 1907 1 2227
2 1 947 1 1907
2 1 947 1 2227
2 1 754 1 1074
2 1 946 1 1906
2 1 881 1 1201
2 1 881 1 1521
2 1 1201 1 1521
2 1 945 1 2225
2 1 1905 1 2225
2 1 945 1 1905
2 1 1776 1 2096
2 1 752 1 2032
2 1 1007 1 1327
2 1 1007 1 1647
2 1 1327 1 1647
2 1 1904 1 2224
2 1 1455 1 1775
2 1 1199 1 1519
2 1 1006 1 1326
2 1 1903 1 2223
2 1 1453 1 2093
2 1 1773 1 2093
2 1 1453 1 1773
2 1 1068 1 2028
2 1 1452 1 2092
2 1 1452 1 1772
2 1 1772 1 2092
2 1 940 1 1900
2 1 940 1 2220
2 1 1900 1 2220
2 1 747 1 2027
2 1 1322 1 1642
2 1 1002 1 1642
2 1 1002 1 1322
2 1 1451 1 2091
2 1 1771 1 2091
2 1 1451 1 1771
2 1 1195 1 1515
2 1 746 1 2026
2 1 1899 1 2219
2 1 939 1 2219
2 1 939 1 1899
2 1 1194 1 1514
2 1 1001 1 1321
2 1 1321 1 1641
2 1 1001 1 1641
2 1 1065 1 2025
2 1 1898 1 2218
2 1 1897 1 2217
2 1 872 1 1512
2 1 936 1 2216
2 1 1319 1 1639
2 1 1895 1 2215
2 1 998 1 1318
2 1 998 1 1638
2 1 1318 1 1638
2 1 871 1 1191
2 1 742 1 2022
2 1 997 1 1637
2 1 870 1 1510
2 1 870 1 1190
2 1 1190 1 1510
2 1 1061 1 2021
2 1 741 1 1061
2 1 741 1 2021
2 1 1060 1 2020
2 1 740 1 2020
2 1 740 1 1060
2 1 932 1 2212
2 1 1892 1 2212
2 1 932 1 1892
2 1 1059 1 2019
2 1 739 1 1059
2 1 739 1 2019
2 1 931 1 2211
2 1 738 1 2018
2 1 1058 1 2018
2 1 738 1 1058
2 1 1442 1 1762
2 1 1762 1 2082
2 1 1442 1 2082
2 1 930 1 2210
2 1 1057 1 2017
2 1 736 1 1056
2 1 929 1 2209
2 1 928 1 1888
2 1 1055 1 2015
2 1 735 1 2015
2 1 735 1 1055
2 1 927 1 2207
2 1 927 1 1887
2 1 1887 1 2207
2 1 734 1 1054
2 1 1886 1 2206
2 1 926 1 1886
2 1 926 1 2206
2 1 733 1 1053
2 1 1885 1 2205
2 1 925 1 2205
2 1 925 1 1885
2 1 1756 1 2076
2 1 1436 1 2076
2 1 1436 1 1756
2 1 1180 1 1500
2 1 860 1 1180
2 1 860 1 1500
2 1 924 1 2204
2 1 731 1 1051
2 1 922 1 1882
2 1 1882 1 2202
2 1 922 1 2202
2 1 985 1 1305
2 1 1434 1 2074
2 1 1754 1 2074
2 1 1434 1 1754
2 1 1178 1 1498
2 1 858 1 1178
2 1 858 1 1498
2 1 984 1 1304
2 1 1177 1 1497
2 1 1048 1 2008
2 1 728 1 2008
2 1 728 1 1048
2 1 1881 1 2201
2 1 727 1 2007
2 1 1047 1 2007
2 1 727 1 1047
2 1 1431 1 1751
2 1 1751 1 2071
2 1 1431 1 2071
2 1 1879 1 2199
2 1 919 1 2199
2 1 919 1 1879
2 1 726 1 1046
2 1 1430 1 1750
2 1 1045 1 2005
2 1 725 1 1045
2 1 725 1 2005
2 1 918 1 1878
2 1 1878 1 2198
2 1 918 1 2198
2 1 1749 1 2069
2 1 724 1 2004
2 1 1044 1 2004
2 1 724 1 1044
2 1 1877 1 2197
2 1 917 1 1877
2 1 917 1 2197
2 1 916 1 2196
2 1 915 1 2195
2 1 1875 1 2195
2 1 915 1 1875
2 1 851 1 1171
2 1 851 1 1491
2 1 1171 1 1491
2 1 722 1 2002
2 1 1042 1 2002
2 1 722 1 1042
2 1 978 1 1298
2 1 978 1 1618
2 1 1298 1 1618
2 1 913 1 2193
2 1 1296 1 1616
2 1 976 1 1616
2 1 976 1 1296
2 1 849 1 1169
2 1 975 1 1615
2 1 848 1 1168
2 1 719 1 1039
2 1 1038 1 1998
2 1 718 1 1038
2 1 718 1 1998
2 1 717 1 1037
2 1 909 1 2189
2 1 1036 1 1996
2 1 716 1 1996
2 1 716 1 1036
2 1 1868 1 2188
2 1 908 1 2188
2 1 908 1 1868
2 1 1035 1 1995
2 1 907 1 1867
2 1 714 1 1994
2 1 1034 1 1994
2 1 714 1 1034
2 1 906 1 2186
2 1 713 1 1033
2 1 905 1 1865
2 1 712 1 1032
2 1 1736 1 2056
2 1 904 1 1864
2 1 904 1 2184
2 1 1864 1 2184
2 1 711 1 1031
2 1 710 1 1030
2 1 903 1 2183
2 1 902 1 2182
2 1 902 1 1862
2 1 1862 1 2182
2 1 1414 1 1734
2 1 709 1 1029
2 1 1413 1 1733
2 1 901 1 2181
2 1 900 1 2180
2 1 1411 1 1731
2 1 962 1 1602
2 1 706 1 1026
2 1 1026 1 1986
2 1 706 1 1986
2 1 1730 1 2050
2 1 1410 1 2050
2 1 1410 1 1730
2 1 705 1 1985
2 1 1858 1 2178
2 1 1280 1 1600
2 1 1729 1 2049
2 1 1153 1 1473
2 1 704 1 1984
2 1 1024 1 1984
2 1 704 1 1024
2 1 1856 1 2176
2 1 897 1 2177
3 1 552 1 748 1 2028
3 1 446 1 855 1 1815
3 1 563 1 823 1 1783
3 1 621 1 913 1 1233
3 1 560 1 820 1 2100
3 1 560 1 820 1 1780
3 1 552 1 748 1 1068
3 1 449 1 1322 1 1962
3 1 621 1 1233 1 2193
3 1 378 1 707 1 1347
3 1 634 1 1246 1 1886
3 1 536 1 796 1 1436
3 1 340 1 733 1 1373
3 1 340 1 1053 1 1373
3 1 519 1 779 1 1419
3 1 519 1 779 1 1739
3 1 519 1 779 1 2059
3 1 623 1 915 1 1235
3 1 562 1 822 1 2102
3 1 401 1 1194 1 1834
3 1 600 1 1276 1 2236
3 1 522 1 782 1 1742
3 1 623 1 1235 1 1875
3 1 563 1 823 1 2103
3 1 566 1 826 1 1786
3 1 566 1 826 1 2106
3 1 522 1 782 1 2062
3 1 549 1 809 1 2089
3 1 581 1 1257 1 2217
3 1 581 1 1257 1 1897
3 1 493 1 1302 1 1942
3 1 332 1 1045 1 1365
3 1 589 1 1265 1 1905
3 1 562 1 822 1 1462
3 1 562 1 822 1 1782
3 1 549 1 809 1 1769
3 1 410 1 1459 1 1779
3 1 511 1 1320 1 1960
3 1 505 1 1314 1 1954
3 1 485 1 974 1 1934
3 1 451 1 1644 1 1964
3 1 410 1 1779 1 2099
3 1 544 1 804 1 2084
3 1 623 1 1235 1 2195
3 1 541 1 801 1 2081
3 1 574 1 770 1 1410
3 1 361 1 1074 1 1394
3 1 541 1 801 1 1441
3 1 558 1 818 1 1778
3 1 430 1 1159 1 1799
3 1 558 1 818 1 2098
3 1 503 1 992 1 1952
3 1 539 1 799 1 2079
3 1 485 1 1294 1 1934
3 1 338 1 731 1 1371
3 1 539 1 799 1 1759
3 1 559 1 819 1 2099
3 1 329 1 1362 1 2002
3 1 401 1 1514 1 1834
3 1 505 1 994 1 1954
3 1 505 1 1634 1 1954
3 1 456 1 1649 1 1969
3 1 390 1 1503 1 1823
3 1 390 1 1183 1 1823
3 1 502 1 1311 1 1951
3 1 502 1 1631 1 1951
3 1 539 1 799 1 1439
3 1 543 1 803 1 1443
3 1 559 1 819 1 1459
3 1 622 1 850 1 1170
3 1 543 1 803 1 1763
3 1 540 1 800 1 2080
3 1 540 1 800 1 1760
3 1 540 1 800 1 1440
3 1 460 1 1653 1 1973
3 1 460 1 1333 1 1973
3 1 487 1 1616 1 1936
3 1 392 1 1761 1 2081
3 1 537 1 797 1 1437
3 1 542 1 802 1 2082
3 1 361 1 754 1 1394
3 1 510 1 1639 1 1959
3 1 569 1 829 1 1789
3 1 392 1 1441 1 1761
3 1 537 1 797 1 1757
3 1 543 1 803 1 2083
3 1 372 1 765 1 1405
3 1 338 1 1051 1 1371
3 1 355 1 1388 1 2028
3 1 544 1 804 1 1764
3 1 639 1 867 1 1187
3 1 538 1 798 1 1438
3 1 538 1 798 1 1758
3 1 486 1 1615 1 1935
3 1 501 1 1310 1 1950
3 1 537 1 797 1 2077
3 1 538 1 798 1 2078
3 1 355 1 1068 1 1388
3 1 419 1 1212 1 1852
3 1 440 1 1425 1 1745
3 1 419 1 892 1 1852
3 1 329 1 722 1 1362
3 1 440 1 849 1 1809
3 1 528 1 788 1 1748
3 1 390 1 863 1 1823
3 1 597 1 1273 1 2233
3 1 633 1 1245 1 2205
3 1 553 1 749 1 1069
3 1 520 1 780 1 2060
3 1 627 1 855 1 1175
3 1 525 1 785 1 1425
3 1 463 1 1656 1 1976
3 1 449 1 1002 1 1962
3 1 333 1 1046 1 1366
3 1 633 1 925 1 1245
3 1 362 1 1075 1 1395
3 1 403 1 1516 1 1836
3 1 518 1 778 1 2058
3 1 386 1 1179 1 1819
3 1 459 1 1652 1 1972
3 1 493 1 982 1 1942
3 1 603 1 959 1 1279
3 1 453 1 1326 1 1966
3 1 394 1 1507 1 1827
3 1 326 1 975 1 1295
3 1 346 1 1379 1 2019
3 1 434 1 843 1 1803
3 1 409 1 1522 1 1842
3 1 346 1 1059 1 1379
3 1 577 1 1253 1 2213
3 1 556 1 816 1 1776
3 1 470 1 1663 1 1983
3 1 403 1 1196 1 1836
3 1 447 1 1176 1 1816
3 1 377 1 706 1 1346
3 1 382 1 1031 1 1351
3 1 528 1 788 1 2068
3 1 429 1 838 1 1798
3 1 366 1 759 1 1399
3 1 617 1 1229 1 2189
3 1 576 1 1252 1 2212
3 1 568 1 828 1 1788
3 1 412 1 885 1 1845
3 1 459 1 1332 1 1972
3 1 529 1 789 1 2069
3 1 585 1 1261 1 1901
3 1 611 1 903 1 1223
3 1 518 1 778 1 1418
3 1 370 1 1403 1 2043
3 1 435 1 1420 1 1740
3 1 463 1 1336 1 1976
3 1 484 1 1293 1 1933
3 1 346 1 739 1 1379
3 1 435 1 1164 1 1804
3 1 440 1 1169 1 1809
3 1 553 1 813 1 1453
3 1 587 1 1263 1 2223
3 1 488 1 1297 1 1937
3 1 433 1 842 1 1802
3 1 353 1 1386 1 2026
3 1 387 1 1180 1 1820
3 1 328 1 721 1 1361
3 1 565 1 825 1 1785
3 1 628 1 1240 1 1880
3 1 377 1 1026 1 1346
3 1 633 1 1245 1 1885
3 1 553 1 813 1 1773
3 1 575 1 771 1 1731
3 1 452 1 1005 1 1965
3 1 452 1 1901 1 2221
3 1 622 1 1234 1 2194
3 1 369 1 1338 1 1658
3 1 550 1 810 1 1770
3 1 329 1 1042 1 1362
3 1 326 1 1039 1 1359
3 1 604 1 1216 1 1856
3 1 426 1 1155 1 1795
3 1 441 1 850 1 1810
3 1 386 1 1499 1 1819
3 1 579 1 1255 1 2215
3 1 353 1 746 1 1386
3 1 475 1 1284 1 1924
3 1 326 1 719 1 1359
3 1 336 1 729 1 1369
3 1 626 1 1238 1 1878
