617 2240
2 1 1784 1 2104
2 1 1462 1 2102
2 1 1453 1 2093
2 1 1776 1 2096
2 1 1774 1 2094
2 1 1772 1 2092
2 1 1769 1 2089
2 1 1449 1 1769
2 1 1449 1 2089
2 1 1444 1 1764
2 1 1444 1 2084
2 1 1764 1 2084
2 1 1763 1 2083
2 1 1441 1 1761
2 1 1761 1 2081
2 1 1441 1 2081
2 1 1436 1 1756
2 1 1756 1 2076
2 1 1436 1 2076
2 1 1753 1 2073
2 1 1433 1 2073
2 1 1433 1 1753
2 1 1432 1 2072
2 1 1435 1 1755
2 1 1432 1 1752
2 1 1435 1 2075
2 1 1755 1 2075
2 1 1752 1 2072
2 1 1751 1 2071
2 1 1431 1 1751
2 1 1431 1 2071
2 1 1746 1 2066
2 1 1426 1 2066
2 1 1426 1 1746
2 1 1422 1 2062
2 1 1422 1 1742
2 1 1742 1 2062
2 1 1414 1 2054
2 1 1413 1 2053
2 1 1420 1 1740
2 1 1420 1 2060
2 1 1733 1 2053
2 1 1740 1 2060
2 1 1413 1 1733
2 1 973 1 1293
2 1 973 1 1613
2 1 1293 1 1613
2 1 971 1 1611
2 1 968 1 1288
2 1 966 1 1606
2 1 1285 1 1605
2 1 1284 1 1604
2 1 1283 1 1603
2 1 963 1 1603
2 1 963 1 1283
2 1 1010 1 1650
2 1 1327 1 1647
2 1 1010 1 1330
2 1 1330 1 1650
2 1 1325 1 1645
2 1 1336 1 1656
2 1 1005 1 1645
2 1 1005 1 1325
2 1 1323 1 1643
2 1 1001 1 1641
2 1 999 1 1639
2 1 1321 1 1641
2 1 997 1 1317
2 1 994 1 1634
2 1 1001 1 1321
2 1 1437 1 1757
2 1 986 1 1626
2 1 1306 1 1626
2 1 986 1 1306
2 1 984 1 1304
2 1 1302 1 1622
2 1 1430 1 1750
2 1 979 1 1619
2 1 1429 1 1749
2 1 977 1 1297
2 1 834 1 1474
2 1 834 1 1154
2 1 1154 1 1474
2 1 1409 1 2049
2 1 962 1 1282
2 1 1281 1 1601
2 1 1470 1 2110
2 1 1470 1 1790
2 1 1790 1 2110
2 1 1213 1 1533
2 1 893 1 1213
2 1 893 1 1533
2 1 892 1 1532
2 1 892 1 1212
2 1 1212 1 1532
2 1 1019 1 1339
2 1 887 1 1527
2 1 1334 1 1654
2 1 1013 1 1653
2 1 1201 1 1521
2 1 1200 1 1520
2 1 1771 1 2091
2 1 1197 1 1517
2 1 1324 1 1644
2 1 877 1 1197
2 1 877 1 1517
2 1 1196 1 1516
2 1 876 1 1196
2 1 876 1 1516
2 1 874 1 1514
2 1 1193 1 1513
2 1 998 1 1638
2 1 872 1 1192
2 1 1192 1 1512
2 1 998 1 1318
2 1 1318 1 1638
2 1 867 1 1187
2 1 1187 1 1507
2 1 867 1 1507
2 1 872 1 1512
2 1 995 1 1635
2 1 1442 1 1762
2 1 864 1 1184
2 1 864 1 1504
2 1 1184 1 1504
2 1 1312 1 1632
2 1 992 1 1312
2 1 992 1 1632
2 1 1758 1 2078
2 1 991 1 1311
2 1 991 1 1631
2 1 1311 1 1631
2 1 861 1 1181
2 1 1181 1 1501
2 1 861 1 1501
2 1 860 1 1180
2 1 859 1 1499
2 1 1179 1 1499
2 1 859 1 1179
2 1 1754 1 2074
2 1 1434 1 1754
2 1 1434 1 2074
2 1 857 1 1497
2 1 1177 1 1497
2 1 857 1 1177
2 1 856 1 1496
2 1 855 1 1495
2 1 854 1 1494
2 1 853 1 1173
2 1 852 1 1172
2 1 980 1 1620
2 1 850 1 1170
2 1 1168 1 1488
2 1 1421 1 2061
2 1 1421 1 1741
2 1 1741 1 2061
2 1 844 1 1164
2 1 1164 1 1484
2 1 844 1 1484
2 1 1419 1 2059
2 1 1419 1 1739
2 1 1739 1 2059
2 1 842 1 1162
2 1 1162 1 1482
2 1 842 1 1482
2 1 1416 1 2056
2 1 1736 1 2056
2 1 1416 1 1736
2 1 1289 1 1609
2 1 839 1 1479
2 1 1159 1 1479
2 1 839 1 1159
2 1 837 1 1477
2 1 1157 1 1477
2 1 837 1 1157
2 1 836 1 1156
2 1 836 1 1476
2 1 1156 1 1476
2 1 832 1 1152
2 1 832 1 1472
2 1 1152 1 1472
2 1 1342 1 1662
2 1 1471 1 1791
2 1 1791 1 2111
2 1 1471 1 2111
2 1 1341 1 1661
2 1 1021 1 1341
2 1 1021 1 1661
2 1 1214 1 1534
2 1 765 1 1085
2 1 1084 1 2044
2 1 1468 1 1788
2 1 1788 1 2108
2 1 1468 1 2108
2 1 956 1 1916
2 1 763 1 2043
2 1 1338 1 1658
2 1 1467 1 2107
2 1 1211 1 1531
2 1 762 1 2042
2 1 955 1 2235
2 1 1017 1 1657
2 1 1017 1 1337
2 1 1337 1 1657
2 1 1210 1 1530
2 1 761 1 1081
2 1 761 1 2041
2 1 1081 1 2041
2 1 1785 1 2105
2 1 1080 1 2040
2 1 760 1 1080
2 1 760 1 2040
2 1 759 1 1079
2 1 1079 1 2039
2 1 759 1 2039
2 1 952 1 2232
2 1 952 1 1912
2 1 1912 1 2232
2 1 1463 1 1783
2 1 951 1 2231
2 1 1911 1 2231
2 1 951 1 1911
2 1 1078 1 2038
2 1 758 1 2038
2 1 758 1 1078
2 1 757 1 2037
2 1 950 1 2230
2 1 1781 1 2101
2 1 1205 1 1525
2 1 885 1 1205
2 1 885 1 1525
2 1 949 1 1909
2 1 756 1 2036
2 1 1331 1 1651
2 1 1011 1 1331
2 1 1011 1 1651
2 1 1075 1 2035
2 1 755 1 1075
2 1 755 1 2035
2 1 1908 1 2228
2 1 754 1 2034
2 1 1009 1 1649
2 1 1073 1 2033
2 1 1777 1 2097
2 1 1457 1 2097
2 1 1457 1 1777
2 1 1072 1 2032
2 1 751 1 2031
2 1 944 1 2224
2 1 1904 1 2224
2 1 944 1 1904
2 1 943 1 1903
2 1 943 1 2223
2 1 1903 1 2223
2 1 1006 1 1326
2 1 879 1 1519
2 1 1199 1 1519
2 1 879 1 1199
2 1 1455 1 1775
2 1 750 1 2030
2 1 1070 1 2030
2 1 750 1 1070
2 1 1069 1 2029
2 1 1902 1 2222
2 1 941 1 1901
2 1 941 1 2221
2 1 1901 1 2221
2 1 1068 1 2028
2 1 940 1 1900
2 1 747 1 2027
2 1 875 1 1515
2 1 939 1 1899
2 1 939 1 2219
2 1 1899 1 2219
2 1 746 1 2026
2 1 1066 1 2026
2 1 746 1 1066
2 1 1898 1 2218
2 1 745 1 1065
2 1 744 1 1064
2 1 937 1 1897
2 1 1896 1 2216
2 1 936 1 2216
2 1 936 1 1896
2 1 743 1 2023
2 1 1063 1 2023
2 1 743 1 1063
2 1 1447 1 1767
2 1 1447 1 2087
2 1 1767 1 2087
2 1 935 1 1895
2 1 1895 1 2215
2 1 935 1 2215
2 1 742 1 1062
2 1 742 1 2022
2 1 1062 1 2022
2 1 1446 1 1766
2 1 741 1 2021
2 1 934 1 2214
2 1 1894 1 2214
2 1 934 1 1894
2 1 996 1 1636
2 1 1445 1 2085
2 1 1060 1 2020
2 1 933 1 1893
2 1 933 1 2213
2 1 1893 1 2213
2 1 1059 1 2019
2 1 931 1 2211
2 1 931 1 1891
2 1 1891 1 2211
2 1 1890 1 2210
2 1 930 1 2210
2 1 930 1 1890
2 1 993 1 1633
2 1 866 1 1186
2 1 866 1 1506
2 1 1186 1 1506
2 1 737 1 1057
2 1 1889 1 2209
2 1 1056 1 2016
2 1 928 1 1888
2 1 1888 1 2208
2 1 928 1 2208
2 1 1887 1 2207
2 1 927 1 1887
2 1 927 1 2207
2 1 989 1 1309
2 1 862 1 1502
2 1 1053 1 2013
2 1 732 1 1052
2 1 924 1 2204
2 1 731 1 1051
2 1 731 1 2011
2 1 1051 1 2011
2 1 923 1 2203
2 1 1883 1 2203
2 1 923 1 1883
2 1 922 1 2202
2 1 1882 1 2202
2 1 922 1 1882
2 1 985 1 1625
2 1 985 1 1305
2 1 1305 1 1625
2 1 858 1 1498
2 1 1049 1 2009
2 1 729 1 1049
2 1 729 1 2009
2 1 1881 1 2201
2 1 1880 1 2200
2 1 920 1 1880
2 1 920 1 2200
2 1 1879 1 2199
2 1 919 1 1879
2 1 919 1 2199
2 1 726 1 2006
2 1 1046 1 2006
2 1 726 1 1046
2 1 918 1 2198
2 1 1045 1 2005
2 1 725 1 1045
2 1 725 1 2005
2 1 917 1 2197
2 1 724 1 1044
2 1 916 1 1876
2 1 916 1 2196
2 1 1876 1 2196
2 1 851 1 1171
2 1 722 1 1042
2 1 978 1 1298
2 1 1873 1 2193
2 1 913 1 2193
2 1 913 1 1873
2 1 1296 1 1616
2 1 976 1 1296
2 1 976 1 1616
2 1 1425 1 1745
2 1 1745 1 2065
2 1 1425 1 2065
2 1 849 1 1489
2 1 1040 1 2000
2 1 718 1 1038
2 1 718 1 1998
2 1 1038 1 1998
2 1 911 1 1871
2 1 910 1 1870
2 1 845 1 1165
2 1 845 1 1485
2 1 1165 1 1485
2 1 1869 1 2189
2 1 909 1 1869
2 1 909 1 2189
2 1 716 1 1996
2 1 1036 1 1996
2 1 716 1 1036
2 1 907 1 2187
2 1 1290 1 1610
2 1 970 1 1290
2 1 970 1 1610
2 1 843 1 1163
2 1 1163 1 1483
2 1 843 1 1483
2 1 1866 1 2186
2 1 713 1 1033
2 1 712 1 1992
2 1 1865 1 2185
2 1 905 1 1865
2 1 905 1 2185
2 1 967 1 1287
2 1 1287 1 1607
2 1 967 1 1607
2 1 904 1 2184
2 1 710 1 1030
2 1 710 1 1990
2 1 1030 1 1990
2 1 709 1 1989
2 1 1029 1 1989
2 1 709 1 1029
2 1 708 1 1988
2 1 708 1 1028
2 1 1028 1 1988
2 1 900 1 2180
2 1 1860 1 2180
2 1 900 1 1860
2 1 1412 1 1732
2 1 707 1 1987
2 1 1027 1 1987
2 1 707 1 1027
2 1 899 1 2179
2 1 898 1 1858
2 1 705 1 1985
2 1 1153 1 1473
2 1 833 1 1153
2 1 833 1 1473
2 1 704 1 1984
3 1 568 1 828 1 1788
3 1 556 1 816 1 2096
3 1 568 1 828 1 1468
3 1 637 1 865 1 1185
3 1 336 1 1049 1 1369
3 1 636 1 1248 1 2208
3 1 568 1 828 1 2108
3 1 532 1 792 1 2072
3 1 552 1 812 1 1772
3 1 552 1 812 1 2092
3 1 631 1 923 1 1243
3 1 535 1 795 1 2075
3 1 535 1 795 1 1435
3 1 490 1 1619 1 1939
3 1 431 1 1160 1 1800
3 1 565 1 825 1 1785
3 1 631 1 1243 1 1883
3 1 565 1 825 1 2105
3 1 598 1 1274 1 1914
3 1 534 1 730 1 2010
3 1 556 1 816 1 1776
3 1 509 1 998 1 1958
3 1 616 1 1228 1 2188
3 1 475 1 1604 1 1924
3 1 617 1 1229 1 1869
3 1 398 1 871 1 1831
3 1 420 1 1789 1 2109
3 1 569 1 829 1 2109
3 1 532 1 792 1 1752
3 1 532 1 792 1 1432
3 1 592 1 1268 1 2228
3 1 383 1 1352 1 1992
3 1 592 1 1268 1 1908
3 1 626 1 1174 1 1494
3 1 465 1 1914 1 2234
3 1 516 1 776 1 2056
3 1 339 1 988 1 1308
3 1 400 1 1513 1 1833
3 1 566 1 826 1 1466
3 1 499 1 988 1 1948
3 1 535 1 795 1 1755
3 1 388 1 1181 1 1821
3 1 634 1 1182 1 1502
3 1 516 1 776 1 1416
3 1 329 1 722 1 1362
3 1 329 1 1042 1 1362
3 1 564 1 824 1 2104
3 1 418 1 1467 1 1787
3 1 370 1 763 1 1403
3 1 567 1 827 1 2107
3 1 549 1 809 1 1769
3 1 564 1 824 1 1784
3 1 549 1 809 1 1449
3 1 549 1 809 1 2089
3 1 508 1 1317 1 1957
3 1 541 1 801 1 1441
3 1 541 1 801 1 1761
3 1 448 1 1641 1 1961
3 1 448 1 1321 1 1961
3 1 448 1 1001 1 1961
3 1 541 1 801 1 2081
3 1 370 1 1403 1 2043
3 1 404 1 1773 1 2093
3 1 413 1 1462 1 1782
3 1 413 1 1782 1 2102
3 1 509 1 1318 1 1958
3 1 404 1 1453 1 1773
3 1 562 1 822 1 1462
3 1 553 1 813 1 2093
3 1 562 1 822 1 2102
3 1 628 1 1240 1 1880
3 1 553 1 813 1 1453
3 1 371 1 1404 1 2044
3 1 509 1 1638 1 1958
3 1 543 1 803 1 1763
3 1 516 1 776 1 1736
3 1 450 1 1643 1 1963
3 1 608 1 1220 1 2180
3 1 543 1 803 1 2083
3 1 480 1 1289 1 1929
3 1 536 1 796 1 2076
3 1 536 1 796 1 1756
3 1 536 1 796 1 1436
3 1 632 1 1244 1 2204
3 1 544 1 804 1 1444
3 1 544 1 804 1 1764
3 1 495 1 1304 1 1944
3 1 544 1 804 1 2084
3 1 636 1 928 1 1248
3 1 614 1 1226 1 1866
3 1 636 1 1248 1 1888
3 1 486 1 1295 1 1935
3 1 608 1 1220 1 1860
3 1 608 1 900 1 1220
3 1 554 1 814 1 2094
3 1 554 1 814 1 1774
3 1 579 1 871 1 1191
3 1 537 1 733 1 1053
3 1 514 1 774 1 2054
3 1 614 1 1226 1 2186
3 1 362 1 1075 1 1395
3 1 480 1 1609 1 1929
3 1 514 1 774 1 1414
3 1 484 1 1293 1 1933
3 1 450 1 1323 1 1963
3 1 348 1 741 1 1381
3 1 388 1 1501 1 1821
3 1 584 1 940 1 1260
3 1 576 1 1188 1 1508
3 1 537 1 733 1 2013
3 1 388 1 861 1 1821
3 1 621 1 913 1 1233
3 1 504 1 993 1 1953
3 1 580 1 936 1 1256
3 1 622 1 1234 1 1874
3 1 429 1 1734 1 2054
3 1 632 1 924 1 1244
3 1 375 1 1344 1 1984
3 1 382 1 1031 1 1351
3 1 511 1 1000 1 1960
3 1 634 1 1246 1 1886
3 1 320 1 1033 1 1353
3 1 338 1 731 1 1371
3 1 462 1 1335 1 1975
3 1 406 1 879 1 1839
3 1 556 1 752 1 1072
3 1 429 1 1414 1 1734
3 1 426 1 1731 1 2051
3 1 372 1 765 1 1405
3 1 520 1 780 1 1420
3 1 490 1 915 1 2195
3 1 401 1 1770 1 2090
3 1 433 1 842 1 1802
3 1 615 1 1227 1 2187
3 1 489 1 1298 1 1938
3 1 526 1 786 1 1426
3 1 490 1 979 1 1939
3 1 623 1 915 1 1235
3 1 628 1 920 1 1240
3 1 520 1 780 1 1740
3 1 522 1 782 1 1422
3 1 526 1 786 1 1746
3 1 369 1 762 1 1402
3 1 463 1 1336 1 1976
3 1 320 1 713 1 1353
3 1 330 1 1299 1 1619
3 1 477 1 1606 1 1926
3 1 375 1 704 1 1344
3 1 573 1 769 1 2049
3 1 508 1 997 1 1957
3 1 615 1 907 1 1227
3 1 489 1 978 1 1938
3 1 520 1 780 1 2060
3 1 455 1 1008 1 1968
3 1 360 1 1009 1 1329
3 1 573 1 769 1 1409
3 1 415 1 1528 1 1848
3 1 416 1 1209 1 1849
3 1 331 1 724 1 1364
3 1 484 1 973 1 1933
3 1 557 1 753 1 1073
3 1 484 1 1613 1 1933
3 1 464 1 1017 1 1977
3 1 602 1 1278 1 2238
3 1 597 1 1273 1 1913
3 1 625 1 1237 1 2197
3 1 392 1 865 1 1825
3 1 639 1 931 1 1251
3 1 556 1 752 1 2032
3 1 512 1 772 1 1412
3 1 617 1 1229 1 2189
3 1 350 1 999 1 1319
3 1 596 1 952 1 1272
3 1 383 1 712 1 1352
3 1 359 1 1072 1 1392
3 1 526 1 786 1 2066
3 1 575 1 771 1 2051
3 1 417 1 1530 1 1850
3 1 378 1 707 1 1347
3 1 628 1 856 1 1176
3 1 393 1 1186 1 1826
3 1 417 1 1210 1 1850
