433 2240
2 1 1471 1 1791
2 1 1791 1 2111
2 1 1471 1 2111
2 1 1778 1 2098
2 1 1458 1 1778
2 1 1458 1 2098
2 1 1455 1 2095
2 1 1775 1 2095
2 1 1455 1 1775
2 1 1454 1 1774
2 1 1454 1 2094
2 1 1774 1 2094
2 1 1771 1 2091
2 1 1451 1 1771
2 1 1451 1 2091
2 1 1041 1 2001
2 1 1450 1 1770
2 1 1450 1 2090
2 1 1770 1 2090
2 1 1447 1 2087
2 1 1437 1 2077
2 1 1444 1 2084
2 1 1751 1 2071
2 1 1431 1 2071
2 1 1431 1 1751
2 1 1428 1 2068
2 1 1427 1 1747
2 1 1427 1 2067
2 1 1747 1 2067
2 1 1743 1 2063
2 1 1736 1 2056
2 1 1416 1 2056
2 1 1416 1 1736
2 1 1412 1 2052
2 1 1731 1 2051
2 1 1728 1 2048
2 1 969 1 1289
2 1 962 1 1282
2 1 1283 1 1603
2 1 961 1 1601
2 1 1409 1 1729
2 1 1017 1 1337
2 1 1469 1 1789
2 1 1464 1 1784
2 1 1462 1 1782
2 1 1015 1 1335
2 1 1335 1 1655
2 1 1015 1 1655
2 1 1332 1 1652
2 1 1012 1 1652
2 1 1012 1 1332
2 1 1461 1 1781
2 1 995 1 1635
2 1 1308 1 1628
2 1 988 1 1308
2 1 988 1 1628
2 1 985 1 1305
2 1 1306 1 1626
2 1 984 1 1304
2 1 1303 1 1623
2 1 980 1 1300
2 1 1299 1 1619
2 1 1298 1 1618
2 1 976 1 1616
2 1 981 1 1621
2 1 1301 1 1621
2 1 981 1 1301
2 1 976 1 1296
2 1 1296 1 1616
2 1 835 1 1475
2 1 834 1 1474
2 1 895 1 1535
2 1 1214 1 1534
2 1 894 1 1214
2 1 894 1 1534
2 1 1468 1 1788
2 1 1788 1 2108
2 1 1468 1 2108
2 1 1210 1 1530
2 1 1465 1 1785
2 1 1465 1 2105
2 1 1785 1 2105
2 1 967 1 1607
2 1 888 1 1528
2 1 1783 1 2103
2 1 967 1 1287
2 1 1287 1 1607
2 1 886 1 1526
2 1 885 1 1205
2 1 1013 1 1653
2 1 883 1 1203
2 1 1010 1 1330
2 1 1010 1 1650
2 1 1330 1 1650
2 1 1457 1 1777
2 1 1456 1 2096
2 1 1456 1 1776
2 1 1776 1 2096
2 1 1329 1 1649
2 1 879 1 1519
2 1 1198 1 1518
2 1 878 1 1198
2 1 878 1 1518
2 1 1773 1 2093
2 1 1453 1 1773
2 1 1453 1 2093
2 1 1326 1 1646
2 1 1195 1 1515
2 1 1194 1 1514
2 1 1002 1 1322
2 1 1768 1 2088
2 1 874 1 1514
2 1 874 1 1194
2 1 1448 1 1768
2 1 1448 1 2088
2 1 1001 1 1321
2 1 1191 1 1511
2 1 870 1 1510
2 1 871 1 1191
2 1 871 1 1511
2 1 1318 1 1638
2 1 868 1 1188
2 1 993 1 1313
2 1 1313 1 1633
2 1 993 1 1633
2 1 1438 1 2078
2 1 861 1 1181
2 1 1181 1 1501
2 1 861 1 1501
2 1 858 1 1178
2 1 858 1 1498
2 1 1178 1 1498
2 1 857 1 1177
2 1 1176 1 1496
2 1 1175 1 1495
2 1 1174 1 1494
2 1 854 1 1494
2 1 854 1 1174
2 1 1173 1 1493
2 1 1172 1 1492
2 1 1171 1 1491
2 1 851 1 1171
2 1 851 1 1491
2 1 850 1 1490
2 1 850 1 1170
2 1 1170 1 1490
2 1 1424 1 1744
2 1 977 1 1297
2 1 1169 1 1489
2 1 847 1 1167
2 1 842 1 1162
2 1 842 1 1482
2 1 1162 1 1482
2 1 1161 1 1481
2 1 1158 1 1478
2 1 1856 1 2176
2 1 896 1 2176
2 1 896 1 1856
2 1 767 1 1087
2 1 1087 1 2047
2 1 767 1 2047
2 1 959 1 2239
2 1 1919 1 2239
2 1 959 1 1919
2 1 859 1 1179
2 1 968 1 1608
2 1 766 1 1086
2 1 958 1 2238
2 1 958 1 1918
2 1 1918 1 2238
2 1 1085 1 2045
2 1 1917 1 2237
2 1 957 1 2237
2 1 957 1 1917
2 1 956 1 2236
2 1 1916 1 2236
2 1 956 1 1916
2 1 892 1 1212
2 1 1019 1 1339
2 1 1915 1 2235
2 1 1467 1 2107
2 1 1787 1 2107
2 1 1467 1 1787
2 1 1211 1 1531
2 1 891 1 1531
2 1 891 1 1211
2 1 1018 1 1658
2 1 1466 1 1786
2 1 1914 1 2234
2 1 1336 1 1656
2 1 1016 1 1336
2 1 1016 1 1656
2 1 953 1 1913
2 1 953 1 2233
2 1 1913 1 2233
2 1 759 1 2039
2 1 951 1 1911
2 1 1911 1 2231
2 1 951 1 2231
2 1 1014 1 1334
2 1 1334 1 1654
2 1 1014 1 1654
2 1 887 1 1207
2 1 1078 1 2038
2 1 1910 1 2230
2 1 757 1 2037
2 1 757 1 1077
2 1 1077 1 2037
2 1 949 1 2229
2 1 756 1 2036
2 1 948 1 2228
2 1 1908 1 2228
2 1 948 1 1908
2 1 1011 1 1651
2 1 884 1 1204
2 1 755 1 2035
2 1 755 1 1075
2 1 1075 1 2035
2 1 1907 1 2227
2 1 754 1 2034
2 1 1074 1 2034
2 1 754 1 1074
2 1 946 1 2226
2 1 945 1 2225
2 1 945 1 1905
2 1 1905 1 2225
2 1 1008 1 1648
2 1 1008 1 1328
2 1 1328 1 1648
2 1 881 1 1201
2 1 881 1 1521
2 1 1201 1 1521
2 1 1904 1 2224
2 1 1007 1 1647
2 1 1071 1 2031
2 1 750 1 1070
2 1 942 1 2222
2 1 941 1 2221
2 1 1004 1 1644
2 1 877 1 1197
2 1 877 1 1517
2 1 1197 1 1517
2 1 748 1 2028
2 1 1452 1 1772
2 1 1772 1 2092
2 1 1452 1 2092
2 1 876 1 1516
2 1 1196 1 1516
2 1 876 1 1196
2 1 1067 1 2027
2 1 746 1 1066
2 1 1899 1 2219
2 1 938 1 1898
2 1 938 1 2218
2 1 1898 1 2218
2 1 1769 1 2089
2 1 1449 1 1769
2 1 1449 1 2089
2 1 873 1 1193
2 1 873 1 1513
2 1 1193 1 1513
2 1 937 1 1897
2 1 937 1 2217
2 1 1897 1 2217
2 1 1319 1 1639
2 1 1896 1 2216
2 1 743 1 1063
2 1 743 1 2023
2 1 1063 1 2023
2 1 1895 1 2215
2 1 742 1 1062
2 1 1766 1 2086
2 1 1446 1 2086
2 1 1446 1 1766
2 1 934 1 1894
2 1 1189 1 1509
2 1 740 1 2020
2 1 740 1 1060
2 1 1060 1 2020
2 1 996 1 1316
2 1 933 1 2213
2 1 739 1 2019
2 1 931 1 1891
2 1 867 1 1187
2 1 1187 1 1507
2 1 867 1 1507
2 1 738 1 1058
2 1 994 1 1314
2 1 1441 1 1761
2 1 992 1 1632
2 1 1312 1 1632
2 1 992 1 1312
2 1 736 1 2016
2 1 929 1 2209
2 1 991 1 1311
2 1 1311 1 1631
2 1 991 1 1631
2 1 1888 1 2208
2 1 1310 1 1630
2 1 734 1 2014
2 1 862 1 1182
2 1 1182 1 1502
2 1 862 1 1502
2 1 1309 1 1629
2 1 733 1 1053
2 1 732 1 2012
2 1 1307 1 1627
2 1 860 1 1180
2 1 1180 1 1500
2 1 860 1 1500
2 1 924 1 1884
2 1 731 1 1051
2 1 1051 1 2011
2 1 731 1 2011
2 1 730 1 1050
2 1 1050 1 2010
2 1 730 1 2010
2 1 1049 1 2009
2 1 729 1 2009
2 1 729 1 1049
2 1 921 1 2201
2 1 1048 1 2008
2 1 728 1 1048
2 1 728 1 2008
2 1 1432 1 1752
2 1 1752 1 2072
2 1 1432 1 2072
2 1 727 1 1047
2 1 1047 1 2007
2 1 727 1 2007
2 1 920 1 1880
2 1 726 1 1046
2 1 919 1 1879
2 1 1879 1 2199
2 1 919 1 2199
2 1 918 1 2198
2 1 1750 1 2070
2 1 1430 1 2070
2 1 1430 1 1750
2 1 725 1 1045
2 1 725 1 2005
2 1 1045 1 2005
2 1 1429 1 1749
2 1 1749 1 2069
2 1 1429 1 2069
2 1 1044 1 2004
2 1 724 1 2004
2 1 724 1 1044
2 1 917 1 2197
2 1 723 1 1043
2 1 916 1 1876
2 1 1876 1 2196
2 1 916 1 2196
2 1 722 1 1042
2 1 914 1 2194
2 1 1874 1 2194
2 1 914 1 1874
2 1 721 1 2001
2 1 721 1 1041
2 1 720 1 2000
2 1 1295 1 1615
2 1 1872 1 2192
2 1 912 1 2192
2 1 912 1 1872
2 1 719 1 1039
2 1 719 1 1999
2 1 1039 1 1999
2 1 1871 1 2191
2 1 718 1 1998
2 1 1870 1 2190
2 1 910 1 2190
2 1 910 1 1870
2 1 846 1 1486
2 1 846 1 1166
2 1 1166 1 1486
2 1 717 1 1997
2 1 973 1 1293
2 1 1741 1 2061
2 1 1421 1 2061
2 1 1421 1 1741
2 1 1292 1 1612
2 1 716 1 1996
2 1 1164 1 1484
2 1 971 1 1611
2 1 971 1 1291
2 1 1291 1 1611
2 1 715 1 1995
2 1 1868 1 2188
2 1 1034 1 1994
2 1 714 1 1034
2 1 714 1 1994
2 1 1738 1 2058
2 1 713 1 1993
2 1 713 1 1033
2 1 1033 1 1993
2 1 1417 1 1737
2 1 712 1 1032
2 1 712 1 1992
2 1 1032 1 1992
2 1 1865 1 2185
2 1 905 1 2185
2 1 905 1 1865
2 1 711 1 1991
2 1 1864 1 2184
2 1 904 1 2184
2 1 904 1 1864
2 1 903 1 2183
2 1 1735 1 2055
2 1 839 1 1479
2 1 710 1 1990
2 1 710 1 1030
2 1 1030 1 1990
2 1 966 1 1286
2 1 709 1 1989
2 1 901 1 1861
2 1 901 1 2181
2 1 1861 1 2181
2 1 964 1 1604
2 1 837 1 1157
2 1 1413 1 1733
2 1 1027 1 1987
2 1 707 1 1987
2 1 707 1 1027
2 1 1860 1 2180
2 1 899 1 1859
2 1 706 1 1986
2 1 706 1 1026
2 1 1026 1 1986
2 1 1858 1 2178
2 1 898 1 2178
2 1 898 1 1858
2 1 897 1 1857
2 1 1024 1 1984
