602 2240
2 1 1787 1 2107
2 1 1781 1 2101
2 1 1468 1 2108
2 1 1461 1 2101
2 1 1788 1 2108
2 1 1468 1 1788
2 1 1461 1 1781
2 1 1460 1 2100
2 1 1457 1 2097
2 1 1777 1 2097
2 1 1457 1 1777
2 1 1456 1 1776
2 1 1776 1 2096
2 1 1456 1 2096
2 1 1775 1 2095
2 1 1774 1 2094
2 1 1454 1 2094
2 1 1454 1 1774
2 1 1769 1 2089
2 1 1447 1 1767
2 1 1447 1 2087
2 1 1767 1 2087
2 1 1449 1 1769
2 1 1449 1 2089
2 1 1766 1 2086
2 1 1439 1 2079
2 1 1439 1 1759
2 1 1759 1 2079
2 1 1438 1 2078
2 1 1436 1 2076
2 1 1435 1 2075
2 1 1434 1 2074
2 1 1753 1 2073
2 1 1431 1 2071
2 1 1426 1 2066
2 1 1425 1 1745
2 1 1745 1 2065
2 1 1425 1 2065
2 1 1424 1 2064
2 1 1423 1 1743
2 1 1423 1 2063
2 1 1743 1 2063
2 1 1419 1 2059
2 1 1419 1 1739
2 1 1739 1 2059
2 1 1416 1 2056
2 1 1416 1 1736
2 1 1736 1 2056
2 1 1415 1 1735
2 1 1415 1 2055
2 1 1735 1 2055
2 1 1414 1 2054
2 1 1413 1 2053
2 1 1294 1 1614
2 1 972 1 1612
2 1 1292 1 1612
2 1 972 1 1292
2 1 970 1 1290
2 1 1289 1 1609
2 1 968 1 1288
2 1 1287 1 1607
2 1 1283 1 1603
2 1 1022 1 1662
2 1 1286 1 1606
2 1 1022 1 1342
2 1 1342 1 1662
2 1 1020 1 1660
2 1 1013 1 1333
2 1 1332 1 1652
2 1 1008 1 1648
2 1 1008 1 1328
2 1 1328 1 1648
2 1 1003 1 1323
2 1 1012 1 1332
2 1 1012 1 1652
2 1 1320 1 1640
2 1 1000 1 1320
2 1 1000 1 1640
2 1 991 1 1631
2 1 989 1 1309
2 1 1308 1 1628
2 1 988 1 1628
2 1 988 1 1308
2 1 984 1 1304
2 1 984 1 1624
2 1 1304 1 1624
2 1 979 1 1299
2 1 979 1 1619
2 1 1299 1 1619
2 1 1427 1 1747
2 1 1298 1 1618
2 1 978 1 1618
2 1 978 1 1298
2 1 977 1 1297
2 1 1297 1 1617
2 1 977 1 1617
2 1 976 1 1616
2 1 1296 1 1616
2 1 976 1 1296
2 1 1731 1 2051
2 1 834 1 1474
2 1 961 1 1281
2 1 1213 1 1533
2 1 891 1 1531
2 1 1210 1 1530
2 1 1338 1 1658
2 1 1018 1 1658
2 1 890 1 1530
2 1 1018 1 1338
2 1 1337 1 1657
2 1 1017 1 1657
2 1 1017 1 1337
2 1 890 1 1210
2 1 1205 1 1525
2 1 884 1 1524
2 1 1203 1 1523
2 1 883 1 1523
2 1 883 1 1203
2 1 882 1 1522
2 1 1201 1 1521
2 1 1199 1 1519
2 1 879 1 1199
2 1 880 1 1520
2 1 879 1 1519
2 1 878 1 1518
2 1 1198 1 1518
2 1 878 1 1198
2 1 1326 1 1646
2 1 1006 1 1646
2 1 1006 1 1326
2 1 1001 1 1321
2 1 1191 1 1511
2 1 1765 1 2085
2 1 870 1 1190
2 1 870 1 1510
2 1 1190 1 1510
2 1 998 1 1638
2 1 1444 1 2084
2 1 1764 1 2084
2 1 1444 1 1764
2 1 1317 1 1637
2 1 1762 1 2082
2 1 865 1 1505
2 1 864 1 1184
2 1 1442 1 1762
2 1 1442 1 2082
2 1 1183 1 1503
2 1 862 1 1502
2 1 861 1 1501
2 1 859 1 1179
2 1 859 1 1499
2 1 1179 1 1499
2 1 858 1 1498
2 1 857 1 1177
2 1 1177 1 1497
2 1 857 1 1497
2 1 1432 1 1752
2 1 982 1 1302
2 1 1171 1 1491
2 1 850 1 1170
2 1 1169 1 1489
2 1 849 1 1169
2 1 849 1 1489
2 1 848 1 1488
2 1 848 1 1168
2 1 1168 1 1488
2 1 847 1 1487
2 1 847 1 1167
2 1 1167 1 1487
2 1 1295 1 1615
2 1 845 1 1165
2 1 843 1 1163
2 1 842 1 1162
2 1 1162 1 1482
2 1 842 1 1482
2 1 1161 1 1481
2 1 1160 1 1480
2 1 839 1 1479
2 1 838 1 1478
2 1 838 1 1158
2 1 1158 1 1478
2 1 837 1 1157
2 1 1157 1 1477
2 1 837 1 1477
2 1 836 1 1476
2 1 1156 1 1476
2 1 836 1 1156
2 1 767 1 2047
2 1 1471 1 2111
2 1 766 1 2046
2 1 1021 1 1661
2 1 1470 1 2110
2 1 767 1 1087
2 1 1087 1 2047
2 1 1085 1 2045
2 1 765 1 2045
2 1 765 1 1085
2 1 1084 1 2044
2 1 764 1 2044
2 1 764 1 1084
2 1 1083 1 2043
2 1 956 1 1916
2 1 1915 1 2235
2 1 955 1 1915
2 1 955 1 2235
2 1 762 1 2042
2 1 1082 1 2042
2 1 762 1 1082
2 1 1914 1 2234
2 1 954 1 2234
2 1 954 1 1914
2 1 1016 1 1656
2 1 1335 1 1655
2 1 888 1 1208
2 1 1014 1 1654
2 1 887 1 1207
2 1 1078 1 2038
2 1 758 1 1078
2 1 758 1 2038
2 1 757 1 1077
2 1 1076 1 2036
2 1 949 1 1909
2 1 948 1 2228
2 1 755 1 2035
2 1 1075 1 2035
2 1 755 1 1075
2 1 947 1 1907
2 1 1074 1 2034
2 1 1458 1 1778
2 1 1778 1 2098
2 1 1458 1 2098
2 1 946 1 1906
2 1 753 1 2033
2 1 753 1 1073
2 1 1073 1 2033
2 1 752 1 1072
2 1 752 1 2032
2 1 1072 1 2032
2 1 945 1 1905
2 1 1905 1 2225
2 1 945 1 2225
2 1 944 1 1904
2 1 1904 1 2224
2 1 944 1 2224
2 1 1071 1 2031
2 1 943 1 1903
2 1 1903 1 2223
2 1 943 1 2223
2 1 750 1 1070
2 1 750 1 2030
2 1 1070 1 2030
2 1 942 1 2222
2 1 1902 1 2222
2 1 942 1 1902
2 1 941 1 2221
2 1 941 1 1901
2 1 1901 1 2221
2 1 1453 1 1773
2 1 877 1 1517
2 1 1324 1 1644
2 1 1004 1 1324
2 1 1004 1 1644
2 1 748 1 1068
2 1 1772 1 2092
2 1 1452 1 1772
2 1 1452 1 2092
2 1 1002 1 1642
2 1 1195 1 1515
2 1 1066 1 2026
2 1 746 1 1066
2 1 746 1 2026
2 1 939 1 1899
2 1 1899 1 2219
2 1 939 1 2219
2 1 1898 1 2218
2 1 1065 1 2025
2 1 744 1 2024
2 1 936 1 2216
2 1 1896 1 2216
2 1 936 1 1896
2 1 999 1 1639
2 1 1448 1 2088
2 1 1768 1 2088
2 1 1448 1 1768
2 1 872 1 1192
2 1 1192 1 1512
2 1 872 1 1512
2 1 743 1 2023
2 1 1063 1 2023
2 1 743 1 1063
2 1 1062 1 2022
2 1 1895 1 2215
2 1 934 1 1894
2 1 1894 1 2214
2 1 934 1 2214
2 1 741 1 2021
2 1 933 1 1893
2 1 933 1 2213
2 1 1893 1 2213
2 1 1189 1 1509
2 1 869 1 1189
2 1 869 1 1509
2 1 1316 1 1636
2 1 996 1 1636
2 1 996 1 1316
2 1 740 1 2020
2 1 1892 1 2212
2 1 868 1 1508
2 1 1315 1 1635
2 1 995 1 1635
2 1 995 1 1315
2 1 1314 1 1634
2 1 867 1 1507
2 1 1891 1 2211
2 1 993 1 1633
2 1 737 1 1057
2 1 1056 1 2016
2 1 736 1 1056
2 1 736 1 2016
2 1 1440 1 2080
2 1 1760 1 2080
2 1 1440 1 1760
2 1 928 1 2208
2 1 735 1 1055
2 1 735 1 2015
2 1 1055 1 2015
2 1 734 1 1054
2 1 734 1 2014
2 1 1054 1 2014
2 1 1887 1 2207
2 1 927 1 1887
2 1 927 1 2207
2 1 926 1 2206
2 1 926 1 1886
2 1 1886 1 2206
2 1 1053 1 2013
2 1 925 1 1885
2 1 1757 1 2077
2 1 1437 1 1757
2 1 1437 1 2077
2 1 1051 1 2011
2 1 924 1 2204
2 1 1884 1 2204
2 1 924 1 1884
2 1 923 1 1883
2 1 922 1 1882
2 1 729 1 1049
2 1 921 1 1881
2 1 920 1 2200
2 1 920 1 1880
2 1 1880 1 2200
2 1 856 1 1496
2 1 983 1 1623
2 1 1879 1 2199
2 1 1174 1 1494
2 1 854 1 1174
2 1 854 1 1494
2 1 853 1 1173
2 1 1044 1 2004
2 1 724 1 1044
2 1 724 1 2004
2 1 1748 1 2068
2 1 1428 1 1748
2 1 1428 1 2068
2 1 1043 1 2003
2 1 722 1 1042
2 1 915 1 2195
2 1 1875 1 2195
2 1 915 1 1875
2 1 1874 1 2194
2 1 914 1 1874
2 1 914 1 2194
2 1 1041 1 2001
2 1 913 1 1873
2 1 1040 1 2000
2 1 912 1 2192
2 1 719 1 1039
2 1 719 1 1999
2 1 1039 1 1999
2 1 911 1 1871
2 1 910 1 2190
2 1 846 1 1486
2 1 717 1 1997
2 1 1037 1 1997
2 1 717 1 1037
2 1 973 1 1613
2 1 973 1 1293
2 1 1293 1 1613
2 1 716 1 1996
2 1 908 1 2188
2 1 844 1 1164
2 1 971 1 1611
2 1 715 1 1995
2 1 715 1 1035
2 1 1035 1 1995
2 1 714 1 1034
2 1 1738 1 2058
2 1 1418 1 2058
2 1 1418 1 1738
2 1 906 1 2186
2 1 713 1 1033
2 1 1033 1 1993
2 1 713 1 1993
2 1 1417 1 2057
2 1 1032 1 1992
2 1 712 1 1992
2 1 712 1 1032
2 1 905 1 2185
2 1 1031 1 1991
2 1 904 1 1864
2 1 1863 1 2183
2 1 903 1 2183
2 1 903 1 1863
2 1 710 1 1990
2 1 710 1 1030
2 1 1030 1 1990
2 1 902 1 2182
2 1 709 1 1029
2 1 901 1 1861
2 1 708 1 1028
2 1 1412 1 1732
2 1 1412 1 2052
2 1 1732 1 2052
2 1 900 1 1860
2 1 707 1 1987
2 1 1155 1 1475
2 1 706 1 1026
2 1 899 1 2179
2 1 899 1 1859
2 1 1859 1 2179
2 1 705 1 1985
2 1 960 1 1280
2 1 1409 1 2049
2 1 1409 1 1729
2 1 1729 1 2049
2 1 1856 1 2176
2 1 1857 1 2177
2 1 897 1 2177
2 1 897 1 1857
3 1 618 1 1230 1 2190
3 1 599 1 1275 1 2235
3 1 599 1 1275 1 1915
3 1 567 1 827 1 2107
3 1 514 1 774 1 2054
3 1 479 1 1288 1 1928
3 1 568 1 828 1 1468
3 1 567 1 827 1 1787
3 1 440 1 1489 1 1809
3 1 587 1 1263 1 1903
3 1 570 1 830 1 1470
3 1 543 1 739 1 2019
3 1 587 1 943 1 1263
3 1 587 1 1263 1 2223
3 1 618 1 910 1 1230
3 1 487 1 976 1 1936
3 1 549 1 809 1 1769
3 1 598 1 1274 1 1914
3 1 598 1 954 1 1274
3 1 619 1 1231 1 1871
3 1 549 1 809 1 1449
3 1 598 1 1274 1 2234
3 1 449 1 1002 1 1962
3 1 478 1 1287 1 1927
3 1 549 1 809 1 2089
3 1 639 1 1251 1 2211
3 1 442 1 1171 1 1811
3 1 585 1 941 1 1261
3 1 428 1 1477 1 1797
3 1 630 1 858 1 1178
3 1 639 1 1251 1 1891
3 1 408 1 1201 1 1841
3 1 576 1 1252 1 1892
3 1 576 1 1252 1 2212
3 1 585 1 1261 1 1901
3 1 585 1 1261 1 2221
3 1 502 1 991 1 1951
3 1 372 1 765 1 1405
3 1 346 1 1379 1 2019
3 1 502 1 1631 1 1951
3 1 630 1 1178 1 1498
3 1 342 1 991 1 1311
3 1 442 1 1491 1 1811
3 1 523 1 783 1 2063
3 1 471 1 960 1 1920
3 1 568 1 828 1 1788
3 1 568 1 828 1 2108
3 1 428 1 1733 1 2053
3 1 513 1 773 1 1413
3 1 410 1 1779 1 2099
3 1 575 1 771 1 1731
3 1 575 1 771 1 2051
3 1 342 1 1311 1 1631
3 1 608 1 900 1 1220
3 1 629 1 921 1 1241
3 1 608 1 1220 1 1860
3 1 471 1 1280 1 1920
3 1 500 1 925 1 2205
3 1 424 1 1153 1 1793
3 1 546 1 806 1 1766
3 1 432 1 1481 1 1801
3 1 539 1 799 1 2079
3 1 547 1 807 1 2087
3 1 546 1 806 1 2086
3 1 547 1 807 1 1767
3 1 628 1 920 1 1240
3 1 547 1 807 1 1447
3 1 392 1 1505 1 1825
3 1 577 1 1253 1 2213
3 1 577 1 1253 1 1893
3 1 370 1 1339 1 1659
3 1 374 1 767 1 1407
3 1 559 1 819 1 2099
3 1 611 1 1159 1 1479
3 1 604 1 1216 1 1856
3 1 539 1 799 1 1759
3 1 554 1 814 1 1774
3 1 555 1 815 1 1775
3 1 554 1 814 1 1454
3 1 554 1 814 1 2094
3 1 422 1 1791 1 2111
3 1 555 1 815 1 2095
3 1 583 1 1259 1 2219
3 1 379 1 1028 1 1348
3 1 322 1 1291 1 1611
3 1 573 1 769 1 2049
3 1 560 1 820 1 2100
3 1 560 1 820 1 1460
3 1 602 1 958 1 1278
3 1 524 1 720 1 1040
3 1 556 1 816 1 1456
3 1 629 1 1241 1 1881
3 1 492 1 981 1 1941
3 1 391 1 864 1 1824
3 1 561 1 821 1 2101
3 1 577 1 933 1 1253
3 1 591 1 947 1 1267
3 1 496 1 921 1 2201
3 1 511 1 1640 1 1960
3 1 356 1 1325 1 1645
3 1 377 1 706 1 1346
3 1 452 1 1645 1 1965
3 1 353 1 1322 1 1642
3 1 496 1 1881 1 2201
3 1 586 1 1262 1 2222
3 1 441 1 850 1 1810
3 1 556 1 816 1 1776
3 1 571 1 831 1 1471
3 1 411 1 1780 1 2100
3 1 637 1 865 1 1185
3 1 408 1 1521 1 1841
3 1 441 1 1746 1 2066
3 1 326 1 1359 1 1999
3 1 441 1 1170 1 1810
3 1 511 1 1320 1 1960
3 1 538 1 798 1 1438
3 1 556 1 816 1 2096
3 1 404 1 1517 1 1837
3 1 360 1 1329 1 1649
3 1 557 1 817 1 1457
3 1 391 1 1184 1 1824
3 1 557 1 817 1 1777
3 1 557 1 817 1 2097
3 1 558 1 818 1 1458
3 1 422 1 1471 1 1791
3 1 592 1 884 1 1204
3 1 558 1 818 1 1778
3 1 458 1 1011 1 1971
3 1 561 1 821 1 1461
3 1 441 1 1426 1 1746
3 1 367 1 1016 1 1336
3 1 558 1 818 1 2098
3 1 330 1 1043 1 1363
3 1 362 1 1011 1 1331
3 1 459 1 1012 1 1972
3 1 344 1 737 1 1377
3 1 485 1 1294 1 1934
3 1 344 1 1057 1 1377
3 1 571 1 831 1 2111
3 1 323 1 716 1 1356
3 1 561 1 821 1 1781
3 1 618 1 1166 1 1486
3 1 388 1 1501 1 1821
3 1 506 1 1635 1 1955
3 1 411 1 1460 1 1780
3 1 466 1 1659 1 1979
3 1 377 1 1026 1 1346
3 1 609 1 901 1 1221
3 1 524 1 784 1 1424
3 1 511 1 1000 1 1960
3 1 604 1 1216 1 2176
3 1 456 1 1649 1 1969
3 1 343 1 992 1 1312
3 1 583 1 1259 1 1899
3 1 524 1 784 1 2064
3 1 393 1 866 1 1826
3 1 628 1 1240 1 1880
3 1 429 1 1414 1 1734
3 1 590 1 946 1 1266
3 1 513 1 773 1 2053
3 1 633 1 1245 1 1885
3 1 549 1 745 1 1065
3 1 390 1 1503 1 1823
