564 2240
2 1 1790 1 2110
2 1 1467 1 1787
2 1 1787 1 2107
2 1 1467 1 2107
2 1 1784 1 2104
2 1 1463 1 2103
2 1 1459 1 2099
2 1 1456 1 2096
2 1 1455 1 2095
2 1 1454 1 1774
2 1 1774 1 2094
2 1 1454 1 2094
2 1 1451 1 1771
2 1 1771 1 2091
2 1 1451 1 2091
2 1 1446 1 2086
2 1 1766 1 2086
2 1 1446 1 1766
2 1 1763 1 2083
2 1 1760 1 2080
2 1 1443 1 1763
2 1 1443 1 2083
2 1 1440 1 1760
2 1 1440 1 2080
2 1 1436 1 2076
2 1 1436 1 1756
2 1 1756 1 2076
2 1 1742 1 2062
2 1 1422 1 1742
2 1 1422 1 2062
2 1 1416 1 1736
2 1 1736 1 2056
2 1 1419 1 1739
2 1 1419 1 2059
2 1 1416 1 2056
2 1 1414 1 1734
2 1 967 1 1287
2 1 1284 1 1604
2 1 1739 1 2059
2 1 1021 1 1341
2 1 1021 1 1661
2 1 1341 1 1661
2 1 1019 1 1339
2 1 1339 1 1659
2 1 1019 1 1659
2 1 1018 1 1338
2 1 1018 1 1658
2 1 1338 1 1658
2 1 1016 1 1656
2 1 1336 1 1656
2 1 1016 1 1336
2 1 1015 1 1655
2 1 1335 1 1655
2 1 1015 1 1335
2 1 1014 1 1654
2 1 1332 1 1652
2 1 1012 1 1332
2 1 1012 1 1652
2 1 1007 1 1327
2 1 1002 1 1322
2 1 1449 1 1769
2 1 1000 1 1640
2 1 999 1 1319
2 1 1447 1 1767
2 1 997 1 1317
2 1 1317 1 1637
2 1 997 1 1637
2 1 1320 1 1640
2 1 1315 1 1635
2 1 995 1 1315
2 1 995 1 1635
2 1 1442 1 1762
2 1 1000 1 1320
2 1 1438 1 1758
2 1 1433 1 1753
2 1 1155 1 1475
2 1 835 1 1155
2 1 835 1 1475
2 1 1410 1 1730
2 1 833 1 1153
2 1 1280 1 1600
2 1 960 1 1280
2 1 960 1 1600
2 1 1211 1 1531
2 1 1210 1 1530
2 1 984 1 1624
2 1 1013 1 1333
2 1 890 1 1530
2 1 889 1 1529
2 1 890 1 1210
2 1 1208 1 1528
2 1 886 1 1526
2 1 887 1 1527
2 1 1207 1 1527
2 1 887 1 1207
2 1 884 1 1524
2 1 1011 1 1651
2 1 1457 1 2097
2 1 1457 1 1777
2 1 1777 1 2097
2 1 1200 1 1520
2 1 880 1 1200
2 1 880 1 1520
2 1 879 1 1199
2 1 1199 1 1519
2 1 879 1 1519
2 1 878 1 1198
2 1 878 1 1518
2 1 1198 1 1518
2 1 1006 1 1646
2 1 1452 1 2092
2 1 1452 1 1772
2 1 1772 1 2092
2 1 1195 1 1515
2 1 875 1 1515
2 1 875 1 1195
2 1 1450 1 1770
2 1 872 1 1192
2 1 870 1 1190
2 1 869 1 1509
2 1 1189 1 1509
2 1 869 1 1189
2 1 1186 1 1506
2 1 866 1 1186
2 1 866 1 1506
2 1 1314 1 1634
2 1 1180 1 1500
2 1 859 1 1499
2 1 1178 1 1498
2 1 985 1 1625
2 1 1305 1 1625
2 1 985 1 1305
2 1 1301 1 1621
2 1 1747 1 2067
2 1 1743 1 2063
2 1 976 1 1616
2 1 846 1 1166
2 1 1166 1 1486
2 1 846 1 1486
2 1 1421 1 2061
2 1 1420 1 1740
2 1 1420 1 2060
2 1 1740 1 2060
2 1 973 1 1293
2 1 973 1 1613
2 1 1293 1 1613
2 1 843 1 1163
2 1 843 1 1483
2 1 1163 1 1483
2 1 1737 1 2057
2 1 1160 1 1480
2 1 840 1 1480
2 1 840 1 1160
2 1 839 1 1479
2 1 1159 1 1479
2 1 839 1 1159
2 1 1412 1 2052
2 1 1285 1 1605
2 1 1412 1 1732
2 1 1732 1 2052
2 1 1023 1 1663
2 1 1343 1 1663
2 1 1023 1 1343
2 1 767 1 2047
2 1 1215 1 1535
2 1 1471 1 1791
2 1 1086 1 2046
2 1 765 1 2045
2 1 1918 1 2238
2 1 1917 1 2237
2 1 957 1 2237
2 1 957 1 1917
2 1 1020 1 1340
2 1 1469 1 2109
2 1 1789 1 2109
2 1 1469 1 1789
2 1 893 1 1213
2 1 1213 1 1533
2 1 893 1 1533
2 1 764 1 1084
2 1 1788 1 2108
2 1 1083 1 2043
2 1 763 1 2043
2 1 763 1 1083
2 1 1916 1 2236
2 1 762 1 2042
2 1 1082 1 2042
2 1 762 1 1082
2 1 955 1 1915
2 1 955 1 2235
2 1 1915 1 2235
2 1 1914 1 2234
2 1 954 1 2234
2 1 954 1 1914
2 1 761 1 1081
2 1 953 1 1913
2 1 760 1 1080
2 1 1080 1 2040
2 1 760 1 2040
2 1 759 1 1079
2 1 952 1 1912
2 1 951 1 1911
2 1 1911 1 2231
2 1 951 1 2231
2 1 758 1 1078
2 1 758 1 2038
2 1 1078 1 2038
2 1 950 1 1910
2 1 1909 1 2229
2 1 949 1 1909
2 1 949 1 2229
2 1 756 1 1076
2 1 756 1 2036
2 1 1076 1 2036
2 1 1460 1 1780
2 1 755 1 1075
2 1 947 1 2227
2 1 947 1 1907
2 1 1907 1 2227
2 1 946 1 1906
2 1 882 1 1202
2 1 882 1 1522
2 1 1202 1 1522
2 1 753 1 2033
2 1 1008 1 1328
2 1 881 1 1521
2 1 752 1 1072
2 1 943 1 1903
2 1 942 1 1902
2 1 941 1 2221
2 1 1004 1 1324
2 1 877 1 1517
2 1 877 1 1197
2 1 1197 1 1517
2 1 748 1 2028
2 1 876 1 1196
2 1 747 1 2027
2 1 747 1 1067
2 1 1067 1 2027
2 1 1003 1 1643
2 1 1323 1 1643
2 1 1003 1 1323
2 1 874 1 1514
2 1 1194 1 1514
2 1 874 1 1194
2 1 1898 1 2218
2 1 938 1 2218
2 1 938 1 1898
2 1 745 1 1065
2 1 744 1 1064
2 1 936 1 1896
2 1 1896 1 2216
2 1 936 1 2216
2 1 1448 1 1768
2 1 743 1 1063
2 1 1063 1 2023
2 1 743 1 2023
2 1 742 1 1062
2 1 742 1 2022
2 1 1062 1 2022
2 1 935 1 2215
2 1 934 1 2214
2 1 1061 1 2021
2 1 741 1 1061
2 1 741 1 2021
2 1 933 1 2213
2 1 1893 1 2213
2 1 933 1 1893
2 1 1060 1 2020
2 1 740 1 2020
2 1 740 1 1060
2 1 1444 1 1764
2 1 1059 1 2019
2 1 739 1 1059
2 1 739 1 2019
2 1 931 1 2211
2 1 930 1 2210
2 1 737 1 2017
2 1 865 1 1185
2 1 929 1 2209
2 1 1889 1 2209
2 1 929 1 1889
2 1 1312 1 1632
2 1 1056 1 2016
2 1 927 1 1887
2 1 927 1 2207
2 1 1887 1 2207
2 1 1310 1 1630
2 1 990 1 1310
2 1 990 1 1630
2 1 863 1 1503
2 1 863 1 1183
2 1 1183 1 1503
2 1 1439 1 1759
2 1 734 1 1054
2 1 734 1 2014
2 1 1054 1 2014
2 1 1886 1 2206
2 1 1757 1 2077
2 1 925 1 2205
2 1 1052 1 2012
2 1 732 1 2012
2 1 732 1 1052
2 1 731 1 1051
2 1 924 1 2204
2 1 1435 1 2075
2 1 1435 1 1755
2 1 1755 1 2075
2 1 1883 1 2203
2 1 923 1 1883
2 1 923 1 2203
2 1 730 1 2010
2 1 730 1 1050
2 1 1050 1 2010
2 1 1754 1 2074
2 1 729 1 1049
2 1 1882 1 2202
2 1 922 1 1882
2 1 922 1 2202
2 1 921 1 2201
2 1 921 1 1881
2 1 1881 1 2201
2 1 920 1 2200
2 1 920 1 1880
2 1 1880 1 2200
2 1 856 1 1176
2 1 1303 1 1623
2 1 983 1 1303
2 1 983 1 1623
2 1 1431 1 1751
2 1 1046 1 2006
2 1 1750 1 2070
2 1 918 1 2198
2 1 1173 1 1493
2 1 980 1 1620
2 1 1877 1 2197
2 1 917 1 2197
2 1 917 1 1877
2 1 723 1 2003
2 1 979 1 1619
2 1 1298 1 1618
2 1 978 1 1618
2 1 978 1 1298
2 1 1874 1 2194
2 1 850 1 1490
2 1 850 1 1170
2 1 1170 1 1490
2 1 977 1 1617
2 1 721 1 1041
2 1 1168 1 1488
2 1 912 1 1872
2 1 1167 1 1487
2 1 1038 1 1998
2 1 718 1 1038
2 1 718 1 1998
2 1 1870 1 2190
2 1 1292 1 1612
2 1 845 1 1485
2 1 845 1 1165
2 1 1165 1 1485
2 1 909 1 2189
2 1 1164 1 1484
2 1 844 1 1164
2 1 844 1 1484
2 1 971 1 1291
2 1 971 1 1611
2 1 1291 1 1611
2 1 715 1 1995
2 1 715 1 1035
2 1 1035 1 1995
2 1 906 1 2186
2 1 1866 1 2186
2 1 906 1 1866
2 1 969 1 1289
2 1 1738 1 2058
2 1 842 1 1162
2 1 842 1 1482
2 1 1162 1 1482
2 1 713 1 1993
2 1 1288 1 1608
2 1 712 1 1032
2 1 1032 1 1992
2 1 712 1 1992
2 1 711 1 1031
2 1 1031 1 1991
2 1 711 1 1991
2 1 1415 1 1735
2 1 1863 1 2183
2 1 903 1 2183
2 1 903 1 1863
2 1 1030 1 1990
2 1 710 1 1990
2 1 710 1 1030
2 1 1029 1 1989
2 1 709 1 1989
2 1 709 1 1029
2 1 902 1 1862
2 1 902 1 2182
2 1 1862 1 2182
2 1 1413 1 2053
2 1 901 1 2181
2 1 708 1 1988
2 1 707 1 1987
2 1 1027 1 1987
2 1 707 1 1027
2 1 1283 1 1603
2 1 963 1 1283
2 1 963 1 1603
2 1 1156 1 1476
2 1 900 1 1860
2 1 1859 1 2179
2 1 1154 1 1474
2 1 1281 1 1601
2 1 1025 1 1985
2 1 705 1 1025
2 1 705 1 1985
2 1 898 1 1858
2 1 1857 1 2177
2 1 1409 1 1729
2 1 896 1 2176
3 1 521 1 717 1 1997
3 1 507 1 1636 1 1956
3 1 570 1 830 1 1790
3 1 570 1 830 1 2110
3 1 511 1 1000 1 1960
3 1 567 1 827 1 1787
3 1 525 1 785 1 2065
3 1 508 1 997 1 1957
3 1 498 1 1627 1 1947
3 1 324 1 1357 1 1997
3 1 567 1 827 1 1467
3 1 592 1 948 1 1268
3 1 338 1 1307 1 1627
3 1 564 1 824 1 1784
3 1 635 1 927 1 1247
3 1 567 1 827 1 2107
3 1 627 1 1175 1 1495
3 1 511 1 1320 1 1960
3 1 459 1 948 1 2228
3 1 607 1 1219 1 1859
3 1 546 1 806 1 1446
3 1 500 1 1309 1 1949
3 1 415 1 1528 1 1848
3 1 564 1 824 1 2104
3 1 511 1 1640 1 1960
3 1 377 1 1282 1 1602
3 1 582 1 938 1 1258
3 1 431 1 840 1 1800
3 1 468 1 1021 1 1981
3 1 415 1 1208 1 1848
3 1 552 1 812 1 1772
3 1 510 1 1319 1 1959
3 1 510 1 999 1 1959
3 1 388 1 861 1 1821
3 1 407 1 880 1 1840
3 1 552 1 812 1 2092
3 1 547 1 807 1 1767
3 1 400 1 873 1 1833
3 1 436 1 1741 1 2061
3 1 546 1 806 1 2086
3 1 451 1 1004 1 1964
3 1 546 1 806 1 1766
3 1 536 1 796 1 2076
3 1 552 1 812 1 1452
3 1 386 1 859 1 1819
3 1 393 1 1506 1 1826
3 1 549 1 809 1 1769
3 1 502 1 1311 1 1951
3 1 460 1 1333 1 1973
3 1 436 1 1421 1 1741
3 1 407 1 1200 1 1840
3 1 322 1 1355 1 1995
3 1 563 1 823 1 2103
3 1 391 1 1184 1 1824
3 1 592 1 884 1 1204
3 1 449 1 1322 1 1962
3 1 635 1 1247 1 2207
3 1 594 1 1270 1 1910
3 1 465 1 1658 1 1978
3 1 387 1 1500 1 1820
3 1 551 1 811 1 1771
3 1 325 1 718 1 1358
3 1 566 1 826 1 2106
3 1 399 1 1192 1 1832
3 1 635 1 1247 1 1887
3 1 437 1 846 1 1806
3 1 591 1 947 1 1267
3 1 536 1 796 1 1756
3 1 597 1 1273 1 1913
3 1 639 1 1251 1 2211
3 1 596 1 952 1 1272
3 1 381 1 1286 1 1606
3 1 618 1 1230 1 1870
3 1 580 1 1256 1 2216
3 1 540 1 800 1 2080
3 1 597 1 953 1 1273
3 1 340 1 1053 1 1373
3 1 440 1 1745 1 2065
3 1 477 1 1606 1 1926
3 1 387 1 1180 1 1820
3 1 580 1 936 1 1256
3 1 568 1 828 1 2108
3 1 549 1 809 1 1449
3 1 557 1 817 1 2097
3 1 557 1 817 1 1777
3 1 341 1 1374 1 2014
3 1 557 1 817 1 1457
3 1 434 1 843 1 1803
3 1 596 1 1272 1 1912
3 1 581 1 873 1 1193
3 1 584 1 1260 1 1900
3 1 598 1 1274 1 2234
3 1 375 1 704 1 1344
3 1 605 1 1217 1 2177
3 1 434 1 1163 1 1803
3 1 538 1 798 1 1438
3 1 393 1 1186 1 1826
3 1 473 1 1602 1 1922
3 1 605 1 1217 1 1857
3 1 494 1 1303 1 1943
3 1 431 1 1160 1 1800
3 1 561 1 821 1 2101
3 1 628 1 920 1 1240
3 1 536 1 796 1 1436
3 1 628 1 1240 1 2200
3 1 538 1 798 1 1758
3 1 628 1 1240 1 1880
3 1 551 1 811 1 2091
3 1 414 1 1463 1 1783
3 1 410 1 1779 1 2099
3 1 417 1 1786 1 2106
3 1 575 1 771 1 2051
3 1 412 1 1781 1 2101
3 1 618 1 1230 1 2190
3 1 409 1 1522 1 1842
3 1 410 1 1459 1 1779
3 1 414 1 1783 1 2103
3 1 426 1 1731 1 2051
3 1 431 1 1480 1 1800
3 1 559 1 819 1 2099
3 1 554 1 814 1 1454
3 1 443 1 852 1 1812
3 1 554 1 814 1 2094
3 1 554 1 814 1 1774
3 1 551 1 811 1 1451
3 1 563 1 823 1 1463
3 1 473 1 898 1 2178
3 1 555 1 815 1 2095
3 1 555 1 815 1 1455
3 1 559 1 819 1 1459
3 1 556 1 816 1 1456
3 1 407 1 1776 1 2096
3 1 350 1 1383 1 2023
3 1 623 1 1235 1 2195
3 1 636 1 1248 1 1888
3 1 534 1 794 1 1754
3 1 406 1 1455 1 1775
3 1 492 1 1301 1 1941
3 1 406 1 1775 1 2095
3 1 556 1 816 1 2096
3 1 465 1 1338 1 1978
3 1 407 1 1456 1 1776
3 1 327 1 1360 1 2000
3 1 355 1 748 1 1388
