539 2240
2 1 1783 1 2103
2 1 1770 1 2090
2 1 1764 1 2084
2 1 1763 1 2083
2 1 1443 1 2083
2 1 1443 1 1763
2 1 1442 1 2082
2 1 1442 1 1762
2 1 1762 1 2082
2 1 1757 1 2077
2 1 1437 1 1757
2 1 1437 1 2077
2 1 1756 1 2076
2 1 1436 1 1756
2 1 1436 1 2076
2 1 1434 1 2074
2 1 1746 1 2066
2 1 1426 1 1746
2 1 1426 1 2066
2 1 1744 1 2064
2 1 1422 1 2062
2 1 1738 1 2058
2 1 1417 1 2057
2 1 1737 1 2057
2 1 1417 1 1737
2 1 1413 1 1733
2 1 1733 1 2053
2 1 1413 1 2053
2 1 974 1 1614
2 1 1416 1 1736
2 1 1286 1 1606
2 1 1410 1 1730
2 1 1020 1 1340
2 1 1336 1 1656
2 1 1015 1 1655
2 1 1016 1 1336
2 1 1016 1 1656
2 1 1335 1 1655
2 1 1015 1 1335
2 1 1460 1 1780
2 1 1007 1 1647
2 1 994 1 1634
2 1 993 1 1633
2 1 1440 1 1760
2 1 991 1 1311
2 1 991 1 1631
2 1 1311 1 1631
2 1 1302 1 1622
2 1 1430 1 1750
2 1 1429 1 1749
2 1 1427 1 1747
2 1 980 1 1620
2 1 977 1 1297
2 1 1297 1 1617
2 1 977 1 1617
2 1 1154 1 1474
2 1 1281 1 1601
2 1 961 1 1281
2 1 961 1 1601
2 1 891 1 1211
2 1 889 1 1209
2 1 1207 1 1527
2 1 886 1 1206
2 1 886 1 1526
2 1 1206 1 1526
2 1 1459 1 2099
2 1 1204 1 1524
2 1 1012 1 1332
2 1 1332 1 1652
2 1 1012 1 1652
2 1 1778 1 2098
2 1 1011 1 1651
2 1 1331 1 1651
2 1 1011 1 1331
2 1 1201 1 1521
2 1 881 1 1201
2 1 881 1 1521
2 1 1200 1 1520
2 1 1775 1 2095
2 1 878 1 1518
2 1 1198 1 1518
2 1 878 1 1198
2 1 1005 1 1325
2 1 1005 1 1645
2 1 1325 1 1645
2 1 873 1 1513
2 1 873 1 1193
2 1 1193 1 1513
2 1 1194 1 1514
2 1 1448 1 1768
2 1 1448 1 2088
2 1 1768 1 2088
2 1 1001 1 1321
2 1 1447 1 1767
2 1 1767 1 2087
2 1 1447 1 2087
2 1 867 1 1187
2 1 867 1 1507
2 1 1187 1 1507
2 1 866 1 1506
2 1 866 1 1186
2 1 1186 1 1506
2 1 864 1 1184
2 1 1759 1 2079
2 1 865 1 1185
2 1 1185 1 1505
2 1 865 1 1505
2 1 1312 1 1632
2 1 862 1 1502
2 1 1181 1 1501
2 1 860 1 1180
2 1 860 1 1500
2 1 1180 1 1500
2 1 859 1 1179
2 1 859 1 1499
2 1 1179 1 1499
2 1 1306 1 1626
2 1 1433 1 2073
2 1 986 1 1626
2 1 986 1 1306
2 1 985 1 1305
2 1 1174 1 1494
2 1 853 1 1173
2 1 981 1 1621
2 1 981 1 1301
2 1 1301 1 1621
2 1 1298 1 1618
2 1 851 1 1171
2 1 847 1 1167
2 1 847 1 1487
2 1 1167 1 1487
2 1 1420 1 1740
2 1 1165 1 1485
2 1 1740 1 2060
2 1 1420 1 2060
2 1 973 1 1613
2 1 846 1 1166
2 1 845 1 1485
2 1 1419 1 2059
2 1 1739 1 2059
2 1 845 1 1165
2 1 1419 1 1739
2 1 972 1 1292
2 1 842 1 1482
2 1 842 1 1162
2 1 1162 1 1482
2 1 1161 1 1481
2 1 841 1 1161
2 1 841 1 1481
2 1 840 1 1160
2 1 840 1 1480
2 1 1160 1 1480
2 1 839 1 1159
2 1 1734 1 2054
2 1 967 1 1607
2 1 1287 1 1607
2 1 967 1 1287
2 1 837 1 1477
2 1 836 1 1156
2 1 767 1 2047
2 1 1156 1 1476
2 1 836 1 1476
2 1 1023 1 1343
2 1 1023 1 1663
2 1 1343 1 1663
2 1 1342 1 1662
2 1 1471 1 2111
2 1 1791 1 2111
2 1 1471 1 1791
2 1 1470 1 2110
2 1 1790 1 2110
2 1 1470 1 1790
2 1 1341 1 1661
2 1 765 1 1085
2 1 1918 1 2238
2 1 764 1 2044
2 1 1083 1 2043
2 1 763 1 1083
2 1 763 1 2043
2 1 956 1 2236
2 1 1915 1 2235
2 1 762 1 2042
2 1 954 1 1914
2 1 890 1 1210
2 1 1337 1 1657
2 1 1017 1 1337
2 1 1017 1 1657
2 1 1081 1 2041
2 1 761 1 2041
2 1 761 1 1081
2 1 1785 1 2105
2 1 760 1 1080
2 1 1080 1 2040
2 1 760 1 2040
2 1 1784 1 2104
2 1 1079 1 2039
2 1 952 1 2232
2 1 951 1 2231
2 1 1782 1 2102
2 1 1910 1 2230
2 1 950 1 2230
2 1 950 1 1910
2 1 1077 1 2037
2 1 757 1 1077
2 1 757 1 2037
2 1 1781 1 2101
2 1 1461 1 1781
2 1 1461 1 2101
2 1 756 1 2036
2 1 756 1 1076
2 1 1076 1 2036
2 1 949 1 2229
2 1 1909 1 2229
2 1 949 1 1909
2 1 948 1 1908
2 1 1908 1 2228
2 1 948 1 2228
2 1 1907 1 2227
2 1 947 1 2227
2 1 947 1 1907
2 1 1010 1 1650
2 1 754 1 2034
2 1 882 1 1522
2 1 1073 1 2033
2 1 1777 1 2097
2 1 752 1 1072
2 1 1456 1 1776
2 1 1456 1 2096
2 1 1776 1 2096
2 1 944 1 1904
2 1 1904 1 2224
2 1 944 1 2224
2 1 1199 1 1519
2 1 1070 1 2030
2 1 1006 1 1326
2 1 943 1 1903
2 1 1903 1 2223
2 1 943 1 2223
2 1 1902 1 2222
2 1 749 1 2029
2 1 941 1 1901
2 1 877 1 1197
2 1 1324 1 1644
2 1 1004 1 1324
2 1 1004 1 1644
2 1 1323 1 1643
2 1 1452 1 2092
2 1 876 1 1196
2 1 1322 1 1642
2 1 1771 1 2091
2 1 1451 1 2091
2 1 1451 1 1771
2 1 746 1 2026
2 1 1066 1 2026
2 1 746 1 1066
2 1 745 1 1065
2 1 1897 1 2217
2 1 937 1 1897
2 1 937 1 2217
2 1 744 1 2024
2 1 1896 1 2216
2 1 936 1 2216
2 1 936 1 1896
2 1 872 1 1192
2 1 743 1 2023
2 1 1319 1 1639
2 1 999 1 1639
2 1 999 1 1319
2 1 871 1 1511
2 1 998 1 1318
2 1 998 1 1638
2 1 1318 1 1638
2 1 742 1 2022
2 1 1894 1 2214
2 1 997 1 1637
2 1 997 1 1317
2 1 1317 1 1637
2 1 870 1 1510
2 1 1190 1 1510
2 1 870 1 1190
2 1 1446 1 1766
2 1 996 1 1636
2 1 1765 1 2085
2 1 1060 1 2020
2 1 1893 1 2213
2 1 1059 1 2019
2 1 739 1 1059
2 1 739 1 2019
2 1 931 1 2211
2 1 1058 1 2018
2 1 738 1 2018
2 1 738 1 1058
2 1 930 1 1890
2 1 1890 1 2210
2 1 930 1 2210
2 1 737 1 2017
2 1 1057 1 2017
2 1 737 1 1057
2 1 929 1 2209
2 1 1889 1 2209
2 1 929 1 1889
2 1 1056 1 2016
2 1 928 1 1888
2 1 735 1 2015
2 1 927 1 2207
2 1 1887 1 2207
2 1 927 1 1887
2 1 990 1 1310
2 1 1054 1 2014
2 1 1758 1 2078
2 1 1886 1 2206
2 1 1053 1 2013
2 1 732 1 1052
2 1 925 1 2205
2 1 924 1 2204
2 1 1884 1 2204
2 1 924 1 1884
2 1 731 1 1051
2 1 1883 1 2203
2 1 923 1 1883
2 1 923 1 2203
2 1 1435 1 1755
2 1 730 1 1050
2 1 1050 1 2010
2 1 730 1 2010
2 1 1882 1 2202
2 1 922 1 2202
2 1 922 1 1882
2 1 1304 1 1624
2 1 984 1 1304
2 1 984 1 1624
2 1 857 1 1497
2 1 1177 1 1497
2 1 857 1 1177
2 1 983 1 1303
2 1 1752 1 2072
2 1 1432 1 2072
2 1 1432 1 1752
2 1 856 1 1176
2 1 856 1 1496
2 1 1176 1 1496
2 1 1751 1 2071
2 1 726 1 1046
2 1 1879 1 2199
2 1 725 1 1045
2 1 1878 1 2198
2 1 918 1 2198
2 1 918 1 1878
2 1 917 1 1877
2 1 1877 1 2197
2 1 917 1 2197
2 1 724 1 2004
2 1 916 1 2196
2 1 916 1 1876
2 1 1876 1 2196
2 1 979 1 1299
2 1 979 1 1619
2 1 1299 1 1619
2 1 852 1 1172
2 1 723 1 1043
2 1 1043 1 2003
2 1 723 1 2003
2 1 722 1 2002
2 1 722 1 1042
2 1 1042 1 2002
2 1 914 1 2194
2 1 1874 1 2194
2 1 914 1 1874
2 1 913 1 1873
2 1 1873 1 2193
2 1 913 1 2193
2 1 976 1 1296
2 1 849 1 1489
2 1 1039 1 1999
2 1 719 1 1039
2 1 719 1 1999
2 1 911 1 2191
2 1 718 1 1038
2 1 910 1 1870
2 1 717 1 1037
2 1 1421 1 2061
2 1 1421 1 1741
2 1 1741 1 2061
2 1 716 1 1996
2 1 971 1 1291
2 1 971 1 1611
2 1 1291 1 1611
2 1 1164 1 1484
2 1 908 1 2188
2 1 970 1 1290
2 1 1163 1 1483
2 1 843 1 1163
2 1 843 1 1483
2 1 1034 1 1994
2 1 905 1 2185
2 1 712 1 1032
2 1 1864 1 2184
2 1 904 1 1864
2 1 904 1 2184
2 1 711 1 1031
2 1 711 1 1991
2 1 1031 1 1991
2 1 903 1 2183
2 1 903 1 1863
2 1 1863 1 2183
2 1 710 1 1990
2 1 838 1 1158
2 1 902 1 1862
2 1 1029 1 1989
2 1 709 1 1029
2 1 709 1 1989
2 1 708 1 1028
2 1 1412 1 1732
2 1 900 1 2180
2 1 707 1 1027
2 1 1411 1 2051
2 1 706 1 1026
2 1 706 1 1986
2 1 1026 1 1986
2 1 1859 1 2179
2 1 899 1 1859
2 1 899 1 2179
2 1 705 1 1985
2 1 897 1 2177
2 1 833 1 1153
2 1 704 1 1984
2 1 960 1 1600
2 1 1280 1 1600
2 1 960 1 1280
3 1 498 1 987 1 1947
3 1 338 1 987 1 1307
3 1 552 1 748 1 2028
3 1 374 1 767 1 1407
3 1 565 1 825 1 1785
3 1 584 1 1260 1 1900
3 1 374 1 1407 1 2047
3 1 476 1 1285 1 1925
3 1 362 1 755 1 1395
3 1 465 1 1658 1 1978
3 1 518 1 714 1 1994
3 1 631 1 1243 1 2203
3 1 477 1 1286 1 1926
3 1 474 1 1283 1 1923
3 1 627 1 1175 1 1495
3 1 446 1 1495 1 1815
3 1 464 1 1337 1 1977
3 1 613 1 1225 1 2185
3 1 513 1 773 1 1413
3 1 465 1 954 1 2234
3 1 375 1 704 1 1344
3 1 369 1 1338 1 1658
3 1 338 1 1051 1 1371
3 1 477 1 1606 1 1926
3 1 605 1 1217 1 2177
3 1 605 1 897 1 1217
3 1 544 1 804 1 1764
3 1 624 1 1236 1 2196
3 1 513 1 773 1 1733
3 1 585 1 941 1 1261
3 1 585 1 1261 1 1901
3 1 534 1 794 1 1434
3 1 534 1 794 1 2074
3 1 622 1 850 1 1170
3 1 612 1 1224 1 1864
3 1 432 1 1481 1 1801
3 1 496 1 921 1 2201
3 1 518 1 778 1 2058
3 1 426 1 1155 1 1795
3 1 513 1 773 1 2053
3 1 432 1 1161 1 1801
3 1 518 1 778 1 1738
3 1 479 1 1288 1 1928
3 1 454 1 1007 1 1967
3 1 432 1 841 1 1801
3 1 465 1 1914 1 2234
3 1 502 1 1311 1 1951
3 1 454 1 1647 1 1967
3 1 526 1 786 1 1746
3 1 598 1 1274 1 1914
3 1 550 1 810 1 2090
3 1 519 1 715 1 1995
3 1 490 1 979 1 1939
3 1 604 1 1216 1 1856
3 1 375 1 1344 1 1984
3 1 578 1 1254 1 2214
3 1 553 1 813 1 1453
3 1 526 1 786 1 2066
3 1 628 1 1240 1 1880
3 1 361 1 754 1 1394
3 1 526 1 786 1 1426
3 1 608 1 1220 1 2180
3 1 470 1 1343 1 1983
3 1 449 1 1642 1 1962
3 1 449 1 1322 1 1962
3 1 542 1 802 1 2082
3 1 385 1 1434 1 1754
3 1 471 1 1856 1 2176
3 1 544 1 804 1 2084
3 1 531 1 791 1 1751
3 1 629 1 921 1 1241
3 1 452 1 941 1 2221
3 1 436 1 1165 1 1805
3 1 550 1 810 1 1770
3 1 452 1 1901 1 2221
3 1 385 1 1754 1 2074
3 1 537 1 797 1 2077
3 1 537 1 797 1 1437
3 1 355 1 1388 1 2028
3 1 537 1 797 1 1757
3 1 578 1 1254 1 1894
3 1 452 1 1005 1 1965
3 1 603 1 1279 1 1919
3 1 536 1 796 1 1436
3 1 563 1 823 1 2103
3 1 554 1 750 1 2030
3 1 536 1 796 1 1756
3 1 536 1 796 1 2076
3 1 598 1 954 1 1274
3 1 472 1 1281 1 1921
3 1 418 1 1467 1 1787
3 1 418 1 891 1 1851
3 1 563 1 823 1 1783
3 1 422 1 1215 1 1855
3 1 424 1 1409 1 1729
3 1 507 1 996 1 1956
3 1 570 1 830 1 1790
3 1 386 1 1499 1 1819
3 1 387 1 860 1 1820
3 1 441 1 850 1 1810
3 1 401 1 1514 1 1834
3 1 636 1 1248 1 1888
3 1 561 1 821 1 1781
3 1 593 1 1205 1 1525
3 1 322 1 1355 1 1995
3 1 413 1 886 1 1846
3 1 524 1 784 1 2064
3 1 524 1 784 1 1744
3 1 577 1 1253 1 2213
3 1 531 1 791 1 2071
