509 2240
2 1 1468 1 2108
2 1 1786 1 2106
2 1 1466 1 2106
2 1 1466 1 1786
2 1 1465 1 2105
2 1 1784 1 2104
2 1 1770 1 2090
2 1 1769 1 2089
2 1 1785 1 2105
2 1 1449 1 2089
2 1 1449 1 1769
2 1 1465 1 1785
2 1 1756 1 2076
2 1 1427 1 2067
2 1 1747 1 2067
2 1 1427 1 1747
2 1 1423 1 1743
2 1 1743 1 2063
2 1 1423 1 2063
2 1 1742 1 2062
2 1 1410 1 2050
2 1 1408 1 2048
2 1 1424 1 1744
2 1 1420 1 2060
2 1 1415 1 1735
2 1 1420 1 1740
2 1 1740 1 2060
2 1 1413 1 1733
2 1 966 1 1606
2 1 1286 1 1606
2 1 966 1 1286
2 1 1284 1 1604
2 1 1283 1 1603
2 1 1282 1 1602
2 1 962 1 1282
2 1 962 1 1602
2 1 1281 1 1601
2 1 961 1 1281
2 1 961 1 1601
2 1 1021 1 1341
2 1 1017 1 1657
2 1 1017 1 1337
2 1 1337 1 1657
2 1 1336 1 1656
2 1 1015 1 1335
2 1 1013 1 1333
2 1 1324 1 1644
2 1 1321 1 1641
2 1 1319 1 1639
2 1 997 1 1637
2 1 994 1 1634
2 1 999 1 1319
2 1 1435 1 1755
2 1 999 1 1639
2 1 980 1 1620
2 1 1320 1 1640
2 1 979 1 1299
2 1 979 1 1619
2 1 1299 1 1619
2 1 977 1 1617
2 1 832 1 1152
2 1 833 1 1153
2 1 1153 1 1473
2 1 1214 1 1534
2 1 833 1 1473
2 1 960 1 1600
2 1 895 1 1215
2 1 895 1 1535
2 1 1215 1 1535
2 1 1469 1 2109
2 1 1342 1 1662
2 1 1022 1 1342
2 1 1022 1 1662
2 1 892 1 1532
2 1 892 1 1212
2 1 1212 1 1532
2 1 1787 1 2107
2 1 1467 1 1787
2 1 1467 1 2107
2 1 1210 1 1530
2 1 890 1 1210
2 1 890 1 1530
2 1 889 1 1529
2 1 1208 1 1528
2 1 887 1 1527
2 1 888 1 1528
2 1 888 1 1208
2 1 883 1 1203
2 1 1207 1 1527
2 1 887 1 1207
2 1 1458 1 1778
2 1 881 1 1201
2 1 1456 1 2096
2 1 1328 1 1648
2 1 1008 1 1328
2 1 1008 1 1648
2 1 875 1 1195
2 1 874 1 1194
2 1 873 1 1193
2 1 873 1 1513
2 1 1193 1 1513
2 1 872 1 1512
2 1 1187 1 1507
2 1 1442 1 1762
2 1 1760 1 2080
2 1 1312 1 1632
2 1 992 1 1632
2 1 992 1 1312
2 1 1757 1 2077
2 1 860 1 1180
2 1 1180 1 1500
2 1 860 1 1500
2 1 859 1 1499
2 1 987 1 1627
2 1 987 1 1307
2 1 1307 1 1627
2 1 1754 1 2074
2 1 1433 1 2073
2 1 1752 1 2072
2 1 1431 1 1751
2 1 1431 1 2071
2 1 1751 1 2071
2 1 853 1 1173
2 1 853 1 1493
2 1 1173 1 1493
2 1 1430 1 2070
2 1 1425 1 2065
2 1 1171 1 1491
2 1 850 1 1490
2 1 978 1 1298
2 1 848 1 1488
2 1 848 1 1168
2 1 1168 1 1488
2 1 1750 1 2070
2 1 846 1 1486
2 1 846 1 1166
2 1 1166 1 1486
2 1 1741 1 2061
2 1 1294 1 1614
2 1 974 1 1294
2 1 974 1 1614
2 1 844 1 1164
2 1 844 1 1484
2 1 1164 1 1484
2 1 1162 1 1482
2 1 1417 1 2057
2 1 1430 1 1750
2 1 1163 1 1483
2 1 843 1 1163
2 1 843 1 1483
2 1 970 1 1610
2 1 1290 1 1610
2 1 970 1 1290
2 1 840 1 1160
2 1 840 1 1480
2 1 1160 1 1480
2 1 1159 1 1479
2 1 967 1 1287
2 1 1287 1 1607
2 1 967 1 1607
2 1 836 1 1156
2 1 896 1 1856
2 1 1157 1 1477
2 1 767 1 1087
2 1 1791 1 2111
2 1 766 1 1086
2 1 1470 1 2110
2 1 1918 1 2238
2 1 958 1 2238
2 1 958 1 1918
2 1 1020 1 1340
2 1 891 1 1531
2 1 891 1 1211
2 1 1211 1 1531
2 1 762 1 1082
2 1 762 1 2042
2 1 1082 1 2042
2 1 1914 1 2234
2 1 761 1 1081
2 1 953 1 2233
2 1 760 1 1080
2 1 760 1 2040
2 1 1080 1 2040
2 1 1912 1 2232
2 1 952 1 2232
2 1 952 1 1912
2 1 759 1 1079
2 1 951 1 1911
2 1 951 1 2231
2 1 1911 1 2231
2 1 1078 1 2038
2 1 1782 1 2102
2 1 1462 1 1782
2 1 1462 1 2102
2 1 950 1 1910
2 1 757 1 2037
2 1 1076 1 2036
2 1 756 1 2036
2 1 756 1 1076
2 1 949 1 2229
2 1 1909 1 2229
2 1 949 1 1909
2 1 1075 1 2035
2 1 755 1 1075
2 1 755 1 2035
2 1 1073 1 2033
2 1 753 1 2033
2 1 753 1 1073
2 1 1009 1 1649
2 1 1009 1 1329
2 1 1329 1 1649
2 1 1457 1 2097
2 1 1457 1 1777
2 1 1777 1 2097
2 1 1200 1 1520
2 1 752 1 2032
2 1 1007 1 1327
2 1 1007 1 1647
2 1 1327 1 1647
2 1 944 1 2224
2 1 1199 1 1519
2 1 879 1 1199
2 1 879 1 1519
2 1 1325 1 1645
2 1 749 1 1069
2 1 1902 1 2222
2 1 1006 1 1326
2 1 1453 1 1773
2 1 1323 1 1643
2 1 747 1 1067
2 1 1067 1 2027
2 1 747 1 2027
2 1 940 1 1900
2 1 1900 1 2220
2 1 940 1 2220
2 1 746 1 2026
2 1 746 1 1066
2 1 1066 1 2026
2 1 938 1 1898
2 1 745 1 1065
2 1 1065 1 2025
2 1 745 1 2025
2 1 937 1 1897
2 1 937 1 2217
2 1 1897 1 2217
2 1 744 1 1064
2 1 744 1 2024
2 1 1064 1 2024
2 1 936 1 2216
2 1 936 1 1896
2 1 1896 1 2216
2 1 1768 1 2088
2 1 1063 1 2023
2 1 743 1 2023
2 1 743 1 1063
2 1 1447 1 1767
2 1 1767 1 2087
2 1 1447 1 2087
2 1 1062 1 2022
2 1 935 1 1895
2 1 935 1 2215
2 1 1895 1 2215
2 1 1061 1 2021
2 1 741 1 1061
2 1 741 1 2021
2 1 934 1 1894
2 1 1894 1 2214
2 1 934 1 2214
2 1 1445 1 1765
2 1 1445 1 2085
2 1 1765 1 2085
2 1 740 1 2020
2 1 1060 1 2020
2 1 740 1 1060
2 1 933 1 1893
2 1 933 1 2213
2 1 1893 1 2213
2 1 1444 1 1764
2 1 1444 1 2084
2 1 1764 1 2084
2 1 739 1 1059
2 1 932 1 1892
2 1 932 1 2212
2 1 1892 1 2212
2 1 1443 1 2083
2 1 1443 1 1763
2 1 1763 1 2083
2 1 1891 1 2211
2 1 931 1 1891
2 1 931 1 2211
2 1 993 1 1633
2 1 1057 1 2017
2 1 930 1 1890
2 1 930 1 2210
2 1 1890 1 2210
2 1 1761 1 2081
2 1 991 1 1631
2 1 928 1 2208
2 1 1887 1 2207
2 1 863 1 1503
2 1 863 1 1183
2 1 1183 1 1503
2 1 990 1 1630
2 1 989 1 1629
2 1 1182 1 1502
2 1 969 1 1289
2 1 988 1 1308
2 1 1308 1 1628
2 1 988 1 1628
2 1 861 1 1181
2 1 732 1 2012
2 1 732 1 1052
2 1 1052 1 2012
2 1 1884 1 2204
2 1 1051 1 2011
2 1 923 1 2203
2 1 1883 1 2203
2 1 923 1 1883
2 1 858 1 1178
2 1 922 1 2202
2 1 922 1 1882
2 1 1882 1 2202
2 1 1305 1 1625
2 1 1881 1 2201
2 1 857 1 1497
2 1 728 1 2008
2 1 856 1 1496
2 1 983 1 1623
2 1 1303 1 1623
2 1 983 1 1303
2 1 982 1 1622
2 1 855 1 1495
2 1 981 1 1621
2 1 1174 1 1494
2 1 854 1 1494
2 1 854 1 1174
2 1 725 1 2005
2 1 725 1 1045
2 1 1045 1 2005
2 1 1877 1 2197
2 1 1429 1 2069
2 1 1044 1 2004
2 1 1748 1 2068
2 1 1428 1 2068
2 1 1428 1 1748
2 1 1043 1 2003
2 1 723 1 1043
2 1 723 1 2003
2 1 1042 1 2002
2 1 915 1 1875
2 1 1875 1 2195
2 1 915 1 2195
2 1 914 1 2194
2 1 1296 1 1616
2 1 849 1 1169
2 1 913 1 1873
2 1 1040 1 2000
2 1 719 1 1999
2 1 1039 1 1999
2 1 719 1 1039
2 1 1871 1 2191
2 1 911 1 1871
2 1 911 1 2191
2 1 718 1 1038
2 1 910 1 1870
2 1 1870 1 2190
2 1 910 1 2190
2 1 909 1 1869
2 1 909 1 2189
2 1 1869 1 2189
2 1 1165 1 1485
2 1 845 1 1165
2 1 845 1 1485
2 1 716 1 1036
2 1 1036 1 1996
2 1 716 1 1996
2 1 1868 1 2188
2 1 907 1 2187
2 1 1419 1 1739
2 1 1739 1 2059
2 1 1419 1 2059
2 1 1034 1 1994
2 1 714 1 1994
2 1 714 1 1034
2 1 1418 1 1738
2 1 906 1 2186
2 1 968 1 1608
2 1 1288 1 1608
2 1 968 1 1288
2 1 1032 1 1992
2 1 905 1 1865
2 1 905 1 2185
2 1 1865 1 2185
2 1 1416 1 2056
2 1 1416 1 1736
2 1 1736 1 2056
2 1 711 1 1031
2 1 710 1 1990
2 1 903 1 2183
2 1 1863 1 2183
2 1 903 1 1863
2 1 902 1 1862
2 1 1862 1 2182
2 1 902 1 2182
2 1 965 1 1605
2 1 965 1 1285
2 1 1285 1 1605
2 1 1734 1 2054
2 1 1414 1 2054
2 1 1414 1 1734
2 1 838 1 1158
2 1 709 1 1029
2 1 1028 1 1988
2 1 1861 1 2181
2 1 708 1 1988
2 1 708 1 1028
2 1 1860 1 2180
2 1 900 1 1860
2 1 900 1 2180
2 1 1027 1 1987
2 1 707 1 1987
2 1 707 1 1027
2 1 899 1 1859
2 1 706 1 1986
2 1 706 1 1026
2 1 1026 1 1986
2 1 705 1 1025
2 1 705 1 1985
2 1 1025 1 1985
2 1 704 1 1024
3 1 625 1 1237 1 2197
3 1 634 1 1246 1 1886
3 1 332 1 1365 1 2005
3 1 501 1 1886 1 2206
3 1 334 1 727 1 1367
3 1 625 1 1237 1 1877
3 1 371 1 1084 1 1404
3 1 321 1 714 1 1354
3 1 622 1 1234 1 2194
3 1 348 1 997 1 1317
3 1 622 1 914 1 1234
3 1 598 1 1274 1 2234
3 1 628 1 1240 1 1880
3 1 568 1 764 1 1084
3 1 541 1 737 1 1057
3 1 531 1 791 1 1751
3 1 508 1 1637 1 1957
3 1 550 1 810 1 2090
3 1 519 1 715 1 1035
3 1 574 1 770 1 1410
3 1 550 1 810 1 1770
3 1 549 1 809 1 1449
3 1 574 1 770 1 2050
3 1 425 1 1730 1 2050
3 1 566 1 826 1 1786
3 1 576 1 1188 1 1508
3 1 541 1 737 1 2017
3 1 527 1 787 1 1747
3 1 549 1 809 1 1769
3 1 565 1 825 1 1785
3 1 567 1 827 1 2107
3 1 566 1 826 1 1466
3 1 395 1 1508 1 1828
3 1 567 1 827 1 1787
3 1 566 1 826 1 2106
3 1 536 1 796 1 2076
3 1 536 1 796 1 1756
3 1 568 1 828 1 2108
3 1 419 1 1468 1 1788
3 1 568 1 828 1 1468
3 1 419 1 1788 1 2108
3 1 523 1 783 1 1743
3 1 523 1 783 1 2063
3 1 549 1 809 1 2089
3 1 567 1 827 1 1467
3 1 514 1 774 1 1414
3 1 438 1 847 1 1807
3 1 382 1 711 1 1351
3 1 474 1 1859 1 2179
3 1 530 1 790 1 1430
3 1 509 1 1318 1 1958
3 1 425 1 1410 1 1730
3 1 527 1 787 1 1427
3 1 619 1 847 1 1167
3 1 475 1 1284 1 1924
3 1 564 1 824 1 1784
3 1 564 1 824 1 2104
3 1 495 1 1880 1 2200
3 1 565 1 825 1 1465
3 1 535 1 731 1 2011
3 1 565 1 825 1 2105
3 1 527 1 787 1 2067
3 1 507 1 1636 1 1956
3 1 477 1 1286 1 1926
3 1 362 1 1395 1 2035
3 1 382 1 1031 1 1351
3 1 531 1 791 1 2071
3 1 420 1 1789 1 2109
3 1 468 1 957 1 2237
3 1 400 1 1193 1 1833
3 1 624 1 1172 1 1492
3 1 603 1 959 1 1279
3 1 530 1 790 1 2070
3 1 335 1 728 1 1368
3 1 601 1 1213 1 1533
3 1 394 1 1507 1 1827
3 1 384 1 1497 1 1817
3 1 491 1 980 1 1940
3 1 491 1 1620 1 1940
