435 2240
2 1 1789 1 2109
2 1 1467 1 2107
2 1 1786 1 2106
2 1 1466 1 2106
2 1 1466 1 1786
2 1 1784 1 2104
2 1 1464 1 2104
2 1 1464 1 1784
2 1 1783 1 2103
2 1 1463 1 1783
2 1 1463 1 2103
2 1 1777 1 2097
2 1 1457 1 2097
2 1 1457 1 1777
2 1 1770 1 2090
2 1 1450 1 1770
2 1 1450 1 2090
2 1 1445 1 2085
2 1 1443 1 2083
2 1 1761 1 2081
2 1 1433 1 2073
2 1 1753 1 2073
2 1 1750 1 2070
2 1 1433 1 1753
2 1 1426 1 1746
2 1 1746 1 2066
2 1 1426 1 2066
2 1 1423 1 1743
2 1 1745 1 2065
2 1 1743 1 2063
2 1 1425 1 2065
2 1 1423 1 2063
2 1 1742 1 2062
2 1 1418 1 2058
2 1 975 1 1615
2 1 1425 1 1745
2 1 975 1 1295
2 1 1295 1 1615
2 1 973 1 1293
2 1 1416 1 1736
2 1 1282 1 1602
2 1 962 1 1282
2 1 962 1 1602
2 1 1409 1 1729
2 1 1020 1 1660
2 1 1340 1 1660
2 1 1020 1 1340
2 1 1468 1 1788
2 1 1338 1 1658
2 1 1336 1 1656
2 1 1016 1 1656
2 1 1014 1 1654
2 1 1016 1 1336
2 1 1331 1 1651
2 1 1011 1 1651
2 1 1011 1 1331
2 1 1324 1 1644
2 1 1002 1 1322
2 1 1321 1 1641
2 1 999 1 1319
2 1 999 1 1639
2 1 1319 1 1639
2 1 1317 1 1637
2 1 997 1 1637
2 1 997 1 1317
2 1 1314 1 1634
2 1 1442 1 1762
2 1 990 1 1630
2 1 990 1 1310
2 1 989 1 1629
2 1 1310 1 1630
2 1 1309 1 1629
2 1 989 1 1309
2 1 1436 1 1756
2 1 1306 1 1626
2 1 980 1 1300
2 1 1298 1 1618
2 1 980 1 1620
2 1 1300 1 1620
2 1 1297 1 1617
2 1 1730 1 2050
2 1 963 1 1283
2 1 963 1 1603
2 1 1283 1 1603
2 1 1153 1 1473
2 1 833 1 1473
2 1 833 1 1153
2 1 832 1 1152
2 1 960 1 1600
2 1 1023 1 1663
2 1 1343 1 1663
2 1 1023 1 1343
2 1 1213 1 1533
2 1 893 1 1213
2 1 893 1 1533
2 1 892 1 1532
2 1 891 1 1211
2 1 890 1 1210
2 1 1210 1 1530
2 1 890 1 1530
2 1 889 1 1529
2 1 887 1 1527
2 1 1206 1 1526
2 1 886 1 1206
2 1 886 1 1526
2 1 1205 1 1525
2 1 1779 1 2099
2 1 1459 1 2099
2 1 1459 1 1779
2 1 882 1 1522
2 1 882 1 1202
2 1 1202 1 1522
2 1 1201 1 1521
2 1 1009 1 1329
2 1 1456 1 1776
2 1 1776 1 2096
2 1 1456 1 2096
2 1 1328 1 1648
2 1 1774 1 2094
2 1 1452 1 1772
2 1 1194 1 1514
2 1 873 1 1513
2 1 1193 1 1513
2 1 873 1 1193
2 1 872 1 1192
2 1 1000 1 1640
2 1 1197 1 1517
2 1 1190 1 1510
2 1 1189 1 1509
2 1 868 1 1508
2 1 866 1 1506
2 1 865 1 1185
2 1 1760 1 2080
2 1 993 1 1633
2 1 863 1 1503
2 1 1182 1 1502
2 1 1181 1 1501
2 1 1180 1 1500
2 1 877 1 1517
2 1 877 1 1197
2 1 859 1 1179
2 1 987 1 1307
2 1 984 1 1624
2 1 1304 1 1624
2 1 984 1 1304
2 1 854 1 1174
2 1 853 1 1493
2 1 853 1 1173
2 1 1173 1 1493
2 1 1301 1 1621
2 1 850 1 1170
2 1 1169 1 1489
2 1 849 1 1169
2 1 849 1 1489
2 1 1168 1 1488
2 1 848 1 1488
2 1 848 1 1168
2 1 1167 1 1487
2 1 846 1 1486
2 1 846 1 1166
2 1 1166 1 1486
2 1 1294 1 1614
2 1 1163 1 1483
2 1 1160 1 1480
2 1 1288 1 1608
2 1 968 1 1608
2 1 968 1 1288
2 1 841 1 1481
2 1 1157 1 1477
2 1 967 1 1607
2 1 896 1 2176
2 1 1342 1 1662
2 1 1215 1 1535
2 1 959 1 1919
2 1 1021 1 1341
2 1 894 1 1534
2 1 765 1 1085
2 1 765 1 2045
2 1 1085 1 2045
2 1 956 1 1916
2 1 1916 1 2236
2 1 956 1 2236
2 1 1083 1 2043
2 1 763 1 2043
2 1 763 1 1083
2 1 955 1 2235
2 1 1082 1 2042
2 1 762 1 2042
2 1 762 1 1082
2 1 954 1 1914
2 1 761 1 1081
2 1 1081 1 2041
2 1 761 1 2041
2 1 953 1 1913
2 1 1913 1 2233
2 1 953 1 2233
2 1 1785 1 2105
2 1 760 1 2040
2 1 760 1 1080
2 1 1080 1 2040
2 1 952 1 2232
2 1 952 1 1912
2 1 1912 1 2232
2 1 951 1 2231
2 1 758 1 1078
2 1 1462 1 2102
2 1 1782 1 2102
2 1 1462 1 1782
2 1 950 1 1910
2 1 950 1 2230
2 1 1910 1 2230
2 1 1076 1 2036
2 1 756 1 2036
2 1 756 1 1076
2 1 949 1 2229
2 1 1909 1 2229
2 1 949 1 1909
2 1 1780 1 2100
2 1 1460 1 1780
2 1 1460 1 2100
2 1 1010 1 1650
2 1 1010 1 1330
2 1 1330 1 1650
2 1 1203 1 1523
2 1 947 1 2227
2 1 1778 1 2098
2 1 1073 1 2033
2 1 1905 1 2225
2 1 945 1 2225
2 1 945 1 1905
2 1 944 1 2224
2 1 880 1 1520
2 1 1200 1 1520
2 1 880 1 1200
2 1 1007 1 1647
2 1 1327 1 1647
2 1 1007 1 1327
2 1 751 1 2031
2 1 1903 1 2223
2 1 1326 1 1646
2 1 1006 1 1646
2 1 1006 1 1326
2 1 879 1 1519
2 1 1199 1 1519
2 1 879 1 1199
2 1 750 1 2030
2 1 1325 1 1645
2 1 749 1 1069
2 1 1901 1 2221
2 1 748 1 2028
2 1 876 1 1196
2 1 940 1 2220
2 1 940 1 1900
2 1 1900 1 2220
2 1 747 1 2027
2 1 1067 1 2027
2 1 747 1 1067
2 1 1771 1 2091
2 1 746 1 2026
2 1 746 1 1066
2 1 1066 1 2026
2 1 1065 1 2025
2 1 745 1 2025
2 1 745 1 1065
2 1 938 1 2218
2 1 937 1 2217
2 1 744 1 1064
2 1 936 1 1896
2 1 998 1 1638
2 1 998 1 1318
2 1 1318 1 1638
2 1 1447 1 1767
2 1 1767 1 2087
2 1 1447 1 2087
2 1 742 1 2022
2 1 1062 1 2022
2 1 742 1 1062
2 1 1446 1 2086
2 1 741 1 1061
2 1 933 1 1893
2 1 1764 1 2084
2 1 932 1 1892
2 1 739 1 1059
2 1 1058 1 2018
2 1 738 1 1058
2 1 738 1 2018
2 1 1891 1 2211
2 1 931 1 1891
2 1 931 1 2211
2 1 930 1 1890
2 1 737 1 1057
2 1 929 1 2209
2 1 864 1 1504
2 1 864 1 1184
2 1 1184 1 1504
2 1 928 1 1888
2 1 1888 1 2208
2 1 928 1 2208
2 1 735 1 1055
2 1 1887 1 2207
2 1 734 1 1054
2 1 1758 1 2078
2 1 1438 1 1758
2 1 1438 1 2078
2 1 926 1 1886
2 1 1757 1 2077
2 1 1885 1 2205
2 1 925 1 2205
2 1 925 1 1885
2 1 1051 1 2011
2 1 924 1 2204
2 1 1435 1 1755
2 1 1883 1 2203
2 1 923 1 2203
2 1 923 1 1883
2 1 730 1 2010
2 1 1434 1 2074
2 1 985 1 1625
2 1 1305 1 1625
2 1 985 1 1305
2 1 1049 1 2009
2 1 729 1 1049
2 1 729 1 2009
2 1 922 1 2202
2 1 1882 1 2202
2 1 922 1 1882
2 1 920 1 2200
2 1 1303 1 1623
2 1 983 1 1303
2 1 983 1 1623
2 1 856 1 1496
2 1 1176 1 1496
2 1 856 1 1176
2 1 727 1 2007
2 1 855 1 1175
2 1 855 1 1495
2 1 1175 1 1495
2 1 982 1 1622
2 1 726 1 2006
2 1 726 1 1046
2 1 1046 1 2006
2 1 1878 1 2198
2 1 725 1 2005
2 1 1045 1 2005
2 1 725 1 1045
2 1 917 1 2197
2 1 1429 1 2069
2 1 724 1 2004
2 1 979 1 1299
2 1 979 1 1619
2 1 1299 1 1619
2 1 1172 1 1492
2 1 1043 1 2003
2 1 723 1 2003
2 1 723 1 1043
2 1 916 1 1876
2 1 1042 1 2002
2 1 721 1 1041
2 1 913 1 2193
2 1 720 1 2000
2 1 720 1 1040
2 1 1040 1 2000
2 1 912 1 2192
2 1 1424 1 1744
2 1 1744 1 2064
2 1 1424 1 2064
2 1 719 1 1999
2 1 719 1 1039
2 1 1039 1 1999
2 1 718 1 1038
2 1 911 1 1871
2 1 1871 1 2191
2 1 911 1 2191
2 1 910 1 2190
2 1 1870 1 2190
2 1 910 1 1870
2 1 1421 1 1741
2 1 1421 1 2061
2 1 1741 1 2061
2 1 845 1 1485
2 1 909 1 2189
2 1 1869 1 2189
2 1 909 1 1869
2 1 1420 1 2060
2 1 1420 1 1740
2 1 1740 1 2060
2 1 715 1 1035
2 1 715 1 1995
2 1 1035 1 1995
2 1 1419 1 1739
2 1 1419 1 2059
2 1 1739 1 2059
2 1 714 1 1034
2 1 907 1 2187
2 1 907 1 1867
2 1 1867 1 2187
2 1 1033 1 1993
2 1 713 1 1993
2 1 713 1 1033
2 1 1866 1 2186
2 1 906 1 2186
2 1 906 1 1866
2 1 905 1 1865
2 1 1737 1 2057
2 1 712 1 1992
2 1 712 1 1032
2 1 1032 1 1992
2 1 904 1 2184
2 1 904 1 1864
2 1 1864 1 2184
2 1 903 1 2183
2 1 1863 1 2183
2 1 903 1 1863
2 1 966 1 1606
2 1 1415 1 2055
2 1 1285 1 1605
2 1 1734 1 2054
2 1 1158 1 1478
2 1 1029 1 1989
2 1 1028 1 1988
2 1 708 1 1988
2 1 708 1 1028
2 1 900 1 2180
2 1 1860 1 2180
2 1 900 1 1860
2 1 1859 1 2179
2 1 899 1 2179
2 1 899 1 1859
2 1 961 1 1601
2 1 1281 1 1601
2 1 961 1 1281
2 1 834 1 1154
2 1 705 1 1985
2 1 705 1 1025
2 1 1025 1 1985
