441 2240
2 1 1784 1 2104
2 1 1775 1 2095
2 1 1455 1 2095
2 1 1455 1 1775
2 1 1769 1 2089
2 1 1768 1 2088
2 1 1448 1 2088
2 1 1448 1 1768
2 1 1766 1 2086
2 1 1765 1 2085
2 1 1442 1 1762
2 1 1762 1 2082
2 1 1442 1 2082
2 1 1440 1 2080
2 1 1760 1 2080
2 1 1440 1 1760
2 1 1756 1 2076
2 1 1751 1 2071
2 1 1428 1 2068
2 1 1428 1 1748
2 1 1748 1 2068
2 1 1747 1 2067
2 1 1426 1 1746
2 1 1746 1 2066
2 1 1426 1 2066
2 1 1424 1 2064
2 1 1425 1 2065
2 1 1744 1 2064
2 1 1742 1 2062
2 1 1424 1 1744
2 1 1421 1 2061
2 1 1421 1 1741
2 1 1741 1 2061
2 1 1419 1 2059
2 1 1419 1 1739
2 1 1739 1 2059
2 1 1738 1 2058
2 1 1418 1 1738
2 1 1733 1 2053
2 1 975 1 1295
2 1 1295 1 1615
2 1 975 1 1615
2 1 1418 1 2058
2 1 970 1 1290
2 1 968 1 1288
2 1 1286 1 1606
2 1 961 1 1601
2 1 961 1 1281
2 1 1281 1 1601
2 1 1341 1 1661
2 1 1021 1 1341
2 1 1021 1 1661
2 1 1340 1 1660
2 1 1023 1 1343
2 1 1023 1 1663
2 1 1343 1 1663
2 1 1468 1 1788
2 1 1015 1 1335
2 1 1015 1 1655
2 1 1335 1 1655
2 1 999 1 1639
2 1 1444 1 1764
2 1 1319 1 1639
2 1 1331 1 1651
2 1 1011 1 1651
2 1 999 1 1319
2 1 1011 1 1331
2 1 997 1 1317
2 1 1314 1 1634
2 1 994 1 1314
2 1 994 1 1634
2 1 1333 1 1653
2 1 989 1 1629
2 1 989 1 1309
2 1 1309 1 1629
2 1 1435 1 1755
2 1 985 1 1625
2 1 1332 1 1652
2 1 1305 1 1625
2 1 985 1 1305
2 1 1430 1 1750
2 1 981 1 1621
2 1 1301 1 1621
2 1 981 1 1301
2 1 1336 1 1656
2 1 979 1 1619
2 1 978 1 1298
2 1 1298 1 1618
2 1 978 1 1618
2 1 1012 1 1652
2 1 1297 1 1617
2 1 1152 1 1472
2 1 1213 1 1533
2 1 834 1 1154
2 1 895 1 1215
2 1 891 1 1211
2 1 1019 1 1659
2 1 1019 1 1339
2 1 1339 1 1659
2 1 889 1 1529
2 1 1208 1 1528
2 1 1206 1 1526
2 1 885 1 1525
2 1 887 1 1207
2 1 1204 1 1524
2 1 1202 1 1522
2 1 1207 1 1527
2 1 887 1 1527
2 1 1012 1 1332
2 1 1457 1 1777
2 1 1777 1 2097
2 1 1457 1 2097
2 1 880 1 1520
2 1 987 1 1627
2 1 1199 1 1519
2 1 1327 1 1647
2 1 1007 1 1647
2 1 1007 1 1327
2 1 1196 1 1516
2 1 1451 1 2091
2 1 1329 1 1649
2 1 1323 1 1643
2 1 1003 1 1323
2 1 1003 1 1643
2 1 873 1 1193
2 1 872 1 1192
2 1 872 1 1512
2 1 1192 1 1512
2 1 1447 1 1767
2 1 1447 1 2087
2 1 1767 1 2087
2 1 870 1 1510
2 1 869 1 1509
2 1 869 1 1189
2 1 1189 1 1509
2 1 868 1 1508
2 1 865 1 1505
2 1 863 1 1503
2 1 863 1 1183
2 1 1183 1 1503
2 1 860 1 1180
2 1 1433 1 1753
2 1 856 1 1176
2 1 859 1 1499
2 1 854 1 1494
2 1 855 1 1175
2 1 1179 1 1499
2 1 859 1 1179
2 1 1302 1 1622
2 1 982 1 1622
2 1 982 1 1302
2 1 1172 1 1492
2 1 1171 1 1491
2 1 851 1 1171
2 1 851 1 1491
2 1 1006 1 1326
2 1 1006 1 1646
2 1 1326 1 1646
2 1 850 1 1490
2 1 1170 1 1490
2 1 850 1 1170
2 1 849 1 1489
2 1 849 1 1169
2 1 1169 1 1489
2 1 848 1 1488
2 1 976 1 1616
2 1 976 1 1296
2 1 1296 1 1616
2 1 845 1 1485
2 1 1165 1 1485
2 1 845 1 1165
2 1 1163 1 1483
2 1 841 1 1481
2 1 1161 1 1481
2 1 841 1 1161
2 1 969 1 1609
2 1 1162 1 1482
2 1 1289 1 1609
2 1 842 1 1482
2 1 969 1 1289
2 1 842 1 1162
2 1 1159 1 1479
2 1 1412 1 2052
2 1 1732 1 2052
2 1 1412 1 1732
2 1 1087 1 2047
2 1 767 1 1087
2 1 767 1 2047
2 1 1086 1 2046
2 1 1470 1 2110
2 1 765 1 1085
2 1 1085 1 2045
2 1 765 1 2045
2 1 958 1 1918
2 1 1469 1 2109
2 1 764 1 2044
2 1 764 1 1084
2 1 1084 1 2044
2 1 957 1 1917
2 1 763 1 1083
2 1 1787 1 2107
2 1 955 1 2235
2 1 955 1 1915
2 1 1915 1 2235
2 1 1210 1 1530
2 1 761 1 1081
2 1 954 1 1914
2 1 954 1 2234
2 1 1914 1 2234
2 1 1465 1 2105
2 1 760 1 2040
2 1 760 1 1080
2 1 1080 1 2040
2 1 759 1 1079
2 1 1783 1 2103
2 1 1911 1 2231
2 1 951 1 1911
2 1 951 1 2231
2 1 758 1 1078
2 1 1077 1 2037
2 1 950 1 1910
2 1 950 1 2230
2 1 1910 1 2230
2 1 949 1 1909
2 1 1461 1 1781
2 1 1461 1 2101
2 1 1781 1 2101
2 1 756 1 2036
2 1 1076 1 2036
2 1 756 1 1076
2 1 1780 1 2100
2 1 755 1 2035
2 1 1075 1 2035
2 1 755 1 1075
2 1 948 1 1908
2 1 1908 1 2228
2 1 948 1 2228
2 1 1459 1 2099
2 1 1779 1 2099
2 1 1459 1 1779
2 1 947 1 1907
2 1 1907 1 2227
2 1 947 1 2227
2 1 753 1 2033
2 1 1906 1 2226
2 1 946 1 2226
2 1 946 1 1906
2 1 945 1 1905
2 1 1008 1 1648
2 1 881 1 1201
2 1 752 1 2032
2 1 752 1 1072
2 1 1072 1 2032
2 1 1904 1 2224
2 1 1776 1 2096
2 1 751 1 1071
2 1 943 1 2223
2 1 751 1 2031
2 1 1071 1 2031
2 1 942 1 1902
2 1 942 1 2222
2 1 1902 1 2222
2 1 1005 1 1645
2 1 1198 1 1518
2 1 878 1 1198
2 1 878 1 1518
2 1 1773 1 2093
2 1 1068 1 2028
2 1 1004 1 1324
2 1 1900 1 2220
2 1 747 1 2027
2 1 1002 1 1642
2 1 746 1 2026
2 1 1001 1 1321
2 1 874 1 1514
2 1 1194 1 1514
2 1 874 1 1194
2 1 1065 1 2025
2 1 744 1 1064
2 1 1064 1 2024
2 1 744 1 2024
2 1 936 1 1896
2 1 936 1 2216
2 1 1896 1 2216
2 1 743 1 2023
2 1 1318 1 1638
2 1 871 1 1511
2 1 1895 1 2215
2 1 935 1 2215
2 1 935 1 1895
2 1 1062 1 2022
2 1 1061 1 2021
2 1 741 1 1061
2 1 741 1 2021
2 1 1893 1 2213
2 1 933 1 1893
2 1 933 1 2213
2 1 932 1 1892
2 1 1892 1 2212
2 1 932 1 2212
2 1 739 1 1059
2 1 739 1 2019
2 1 1059 1 2019
2 1 1763 1 2083
2 1 1443 1 1763
2 1 1443 1 2083
2 1 931 1 2211
2 1 931 1 1891
2 1 1891 1 2211
2 1 1058 1 2018
2 1 738 1 1058
2 1 738 1 2018
2 1 737 1 1057
2 1 930 1 1890
2 1 930 1 2210
2 1 1890 1 2210
2 1 929 1 2209
2 1 928 1 1888
2 1 1439 1 2079
2 1 1759 1 2079
2 1 1439 1 1759
2 1 927 1 1887
2 1 927 1 2207
2 1 1887 1 2207
2 1 734 1 1054
2 1 1758 1 2078
2 1 1438 1 2078
2 1 1438 1 1758
2 1 926 1 1886
2 1 1886 1 2206
2 1 926 1 2206
2 1 1308 1 1628
2 1 988 1 1628
2 1 988 1 1308
2 1 1052 1 2012
2 1 925 1 1885
2 1 1885 1 2205
2 1 925 1 2205
2 1 1051 1 2011
2 1 1883 1 2203
2 1 923 1 2203
2 1 923 1 1883
2 1 1754 1 2074
2 1 1882 1 2202
2 1 922 1 1882
2 1 922 1 2202
2 1 1304 1 1624
2 1 984 1 1624
2 1 984 1 1304
2 1 1177 1 1497
2 1 728 1 1048
2 1 1048 1 2008
2 1 728 1 2008
2 1 921 1 2201
2 1 1881 1 2201
2 1 921 1 1881
2 1 919 1 1879
2 1 1878 1 2198
2 1 918 1 2198
2 1 918 1 1878
2 1 917 1 2197
2 1 980 1 1620
2 1 1300 1 1620
2 1 980 1 1300
2 1 1429 1 2069
2 1 853 1 1173
2 1 724 1 1044
2 1 724 1 2004
2 1 1044 1 2004
2 1 915 1 2195
2 1 1042 1 2002
2 1 722 1 1042
2 1 722 1 2002
2 1 914 1 2194
2 1 721 1 1041
2 1 1873 1 2193
2 1 913 1 1873
2 1 913 1 2193
2 1 1040 1 2000
2 1 720 1 1040
2 1 720 1 2000
2 1 912 1 1872
2 1 847 1 1487
2 1 911 1 1871
2 1 1871 1 2191
2 1 911 1 2191
2 1 718 1 1038
2 1 718 1 1998
2 1 1038 1 1998
2 1 717 1 1037
2 1 909 1 2189
2 1 1420 1 2060
2 1 1164 1 1484
2 1 844 1 1484
2 1 844 1 1164
2 1 908 1 2188
2 1 908 1 1868
2 1 1868 1 2188
2 1 715 1 1035
2 1 714 1 1034
2 1 714 1 1994
2 1 1034 1 1994
2 1 906 1 2186
2 1 1033 1 1993
2 1 1417 1 2057
2 1 905 1 2185
2 1 1416 1 1736
2 1 1416 1 2056
2 1 1736 1 2056
2 1 1160 1 1480
2 1 1031 1 1991
2 1 904 1 1864
2 1 1415 1 2055
2 1 710 1 1990
2 1 1414 1 1734
2 1 1158 1 1478
2 1 709 1 1029
2 1 965 1 1285
2 1 965 1 1605
2 1 1285 1 1605
2 1 902 1 1862
2 1 1283 1 1603
2 1 900 1 2180
2 1 1860 1 2180
2 1 900 1 1860
2 1 707 1 1987
2 1 836 1 1476
2 1 1156 1 1476
2 1 836 1 1156
2 1 835 1 1475
2 1 1155 1 1475
2 1 835 1 1155
2 1 706 1 1026
2 1 1026 1 1986
2 1 706 1 1986
2 1 705 1 1985
2 1 1280 1 1600
2 1 1729 1 2049
2 1 704 1 1024
2 1 1024 1 1984
2 1 704 1 1984
