702 2240
2 1 1784 1 2104
2 1 1775 1 2095
2 1 1455 1 2095
2 1 1455 1 1775
2 1 1769 1 2089
2 1 1768 1 2088
2 1 1448 1 2088
2 1 1448 1 1768
2 1 1766 1 2086
2 1 1765 1 2085
2 1 1442 1 1762
2 1 1762 1 2082
2 1 1442 1 2082
2 1 1440 1 2080
2 1 1760 1 2080
2 1 1440 1 1760
2 1 1756 1 2076
2 1 1751 1 2071
2 1 1428 1 2068
2 1 1428 1 1748
2 1 1748 1 2068
2 1 1747 1 2067
2 1 1426 1 1746
2 1 1746 1 2066
2 1 1426 1 2066
2 1 1424 1 2064
2 1 1425 1 2065
2 1 1744 1 2064
2 1 1742 1 2062
2 1 1424 1 1744
2 1 1421 1 2061
2 1 1421 1 1741
2 1 1741 1 2061
2 1 1419 1 2059
2 1 1419 1 1739
2 1 1739 1 2059
2 1 1738 1 2058
2 1 1418 1 1738
2 1 1733 1 2053
2 1 975 1 1295
2 1 1295 1 1615
2 1 975 1 1615
2 1 1418 1 2058
2 1 970 1 1290
2 1 968 1 1288
2 1 1286 1 1606
2 1 961 1 1601
2 1 961 1 1281
2 1 1281 1 1601
2 1 1341 1 1661
2 1 1021 1 1341
2 1 1021 1 1661
2 1 1340 1 1660
2 1 1023 1 1343
2 1 1023 1 1663
2 1 1343 1 1663
2 1 1468 1 1788
2 1 1015 1 1335
2 1 1015 1 1655
2 1 1335 1 1655
2 1 999 1 1639
2 1 1444 1 1764
2 1 1319 1 1639
2 1 1331 1 1651
2 1 1011 1 1651
2 1 999 1 1319
2 1 1011 1 1331
2 1 997 1 1317
2 1 1314 1 1634
2 1 994 1 1314
2 1 994 1 1634
2 1 1333 1 1653
2 1 989 1 1629
2 1 989 1 1309
2 1 1309 1 1629
2 1 1435 1 1755
2 1 985 1 1625
2 1 1332 1 1652
2 1 1305 1 1625
2 1 985 1 1305
2 1 1430 1 1750
2 1 981 1 1621
2 1 1301 1 1621
2 1 981 1 1301
2 1 1336 1 1656
2 1 979 1 1619
2 1 978 1 1298
2 1 1298 1 1618
2 1 978 1 1618
2 1 1012 1 1652
2 1 1297 1 1617
2 1 1152 1 1472
2 1 1213 1 1533
2 1 834 1 1154
2 1 895 1 1215
2 1 891 1 1211
2 1 1019 1 1659
2 1 1019 1 1339
2 1 1339 1 1659
2 1 889 1 1529
2 1 1208 1 1528
2 1 1206 1 1526
2 1 885 1 1525
2 1 887 1 1207
2 1 1204 1 1524
2 1 1202 1 1522
2 1 1207 1 1527
2 1 887 1 1527
2 1 1012 1 1332
2 1 1457 1 1777
2 1 1777 1 2097
2 1 1457 1 2097
2 1 880 1 1520
2 1 987 1 1627
2 1 1199 1 1519
2 1 1327 1 1647
2 1 1007 1 1647
2 1 1007 1 1327
2 1 1196 1 1516
2 1 1451 1 2091
2 1 1329 1 1649
2 1 1323 1 1643
2 1 1003 1 1323
2 1 1003 1 1643
2 1 873 1 1193
2 1 872 1 1192
2 1 872 1 1512
2 1 1192 1 1512
2 1 1447 1 1767
2 1 1447 1 2087
2 1 1767 1 2087
2 1 870 1 1510
2 1 869 1 1509
2 1 869 1 1189
2 1 1189 1 1509
2 1 868 1 1508
2 1 865 1 1505
2 1 863 1 1503
2 1 863 1 1183
2 1 1183 1 1503
2 1 860 1 1180
2 1 1433 1 1753
2 1 856 1 1176
2 1 859 1 1499
2 1 854 1 1494
2 1 855 1 1175
2 1 1179 1 1499
2 1 859 1 1179
2 1 1302 1 1622
2 1 982 1 1622
2 1 982 1 1302
2 1 1172 1 1492
2 1 1171 1 1491
2 1 851 1 1171
2 1 851 1 1491
2 1 1006 1 1326
2 1 1006 1 1646
2 1 1326 1 1646
2 1 850 1 1490
2 1 1170 1 1490
2 1 850 1 1170
2 1 849 1 1489
2 1 849 1 1169
2 1 1169 1 1489
2 1 848 1 1488
2 1 976 1 1616
2 1 976 1 1296
2 1 1296 1 1616
2 1 845 1 1485
2 1 1165 1 1485
2 1 845 1 1165
2 1 1163 1 1483
2 1 841 1 1481
2 1 1161 1 1481
2 1 841 1 1161
2 1 969 1 1609
2 1 1162 1 1482
2 1 1289 1 1609
2 1 842 1 1482
2 1 969 1 1289
2 1 842 1 1162
2 1 1159 1 1479
2 1 1412 1 2052
2 1 1732 1 2052
2 1 1412 1 1732
2 1 1087 1 2047
2 1 767 1 1087
2 1 767 1 2047
2 1 1086 1 2046
2 1 1470 1 2110
2 1 765 1 1085
2 1 1085 1 2045
2 1 765 1 2045
2 1 958 1 1918
2 1 1469 1 2109
2 1 764 1 2044
2 1 764 1 1084
2 1 1084 1 2044
2 1 957 1 1917
2 1 763 1 1083
2 1 1787 1 2107
2 1 955 1 2235
2 1 955 1 1915
2 1 1915 1 2235
2 1 1210 1 1530
2 1 761 1 1081
2 1 954 1 1914
2 1 954 1 2234
2 1 1914 1 2234
2 1 1465 1 2105
2 1 760 1 2040
2 1 760 1 1080
2 1 1080 1 2040
2 1 759 1 1079
2 1 1783 1 2103
2 1 1911 1 2231
2 1 951 1 1911
2 1 951 1 2231
2 1 758 1 1078
2 1 1077 1 2037
2 1 950 1 1910
2 1 950 1 2230
2 1 1910 1 2230
2 1 949 1 1909
2 1 1461 1 1781
2 1 1461 1 2101
2 1 1781 1 2101
2 1 756 1 2036
2 1 1076 1 2036
2 1 756 1 1076
2 1 1780 1 2100
2 1 755 1 2035
2 1 1075 1 2035
2 1 755 1 1075
2 1 948 1 1908
2 1 1908 1 2228
2 1 948 1 2228
2 1 1459 1 2099
2 1 1779 1 2099
2 1 1459 1 1779
2 1 947 1 1907
2 1 1907 1 2227
2 1 947 1 2227
2 1 753 1 2033
2 1 1906 1 2226
2 1 946 1 2226
2 1 946 1 1906
2 1 945 1 1905
2 1 1008 1 1648
2 1 881 1 1201
2 1 752 1 2032
2 1 752 1 1072
2 1 1072 1 2032
2 1 1904 1 2224
2 1 1776 1 2096
2 1 751 1 1071
2 1 943 1 2223
2 1 751 1 2031
2 1 1071 1 2031
2 1 942 1 1902
2 1 942 1 2222
2 1 1902 1 2222
2 1 1005 1 1645
2 1 1198 1 1518
2 1 878 1 1198
2 1 878 1 1518
2 1 1773 1 2093
2 1 1068 1 2028
2 1 1004 1 1324
2 1 1900 1 2220
2 1 747 1 2027
2 1 1002 1 1642
2 1 746 1 2026
2 1 1001 1 1321
2 1 874 1 1514
2 1 1194 1 1514
2 1 874 1 1194
2 1 1065 1 2025
2 1 744 1 1064
2 1 1064 1 2024
2 1 744 1 2024
2 1 936 1 1896
2 1 936 1 2216
2 1 1896 1 2216
2 1 743 1 2023
2 1 1318 1 1638
2 1 871 1 1511
2 1 1895 1 2215
2 1 935 1 2215
2 1 935 1 1895
2 1 1062 1 2022
2 1 1061 1 2021
2 1 741 1 1061
2 1 741 1 2021
2 1 1893 1 2213
2 1 933 1 1893
2 1 933 1 2213
2 1 932 1 1892
2 1 1892 1 2212
2 1 932 1 2212
2 1 739 1 1059
2 1 739 1 2019
2 1 1059 1 2019
2 1 1763 1 2083
2 1 1443 1 1763
2 1 1443 1 2083
2 1 931 1 2211
2 1 931 1 1891
2 1 1891 1 2211
2 1 1058 1 2018
2 1 738 1 1058
2 1 738 1 2018
2 1 737 1 1057
2 1 930 1 1890
2 1 930 1 2210
2 1 1890 1 2210
2 1 929 1 2209
2 1 928 1 1888
2 1 1439 1 2079
2 1 1759 1 2079
2 1 1439 1 1759
2 1 927 1 1887
2 1 927 1 2207
2 1 1887 1 2207
2 1 734 1 1054
2 1 1758 1 2078
2 1 1438 1 2078
2 1 1438 1 1758
2 1 926 1 1886
2 1 1886 1 2206
2 1 926 1 2206
2 1 1308 1 1628
2 1 988 1 1628
2 1 988 1 1308
2 1 1052 1 2012
2 1 925 1 1885
2 1 1885 1 2205
2 1 925 1 2205
2 1 1051 1 2011
2 1 1883 1 2203
2 1 923 1 2203
2 1 923 1 1883
2 1 1754 1 2074
2 1 1882 1 2202
2 1 922 1 1882
2 1 922 1 2202
2 1 1304 1 1624
2 1 984 1 1624
2 1 984 1 1304
2 1 1177 1 1497
2 1 728 1 1048
2 1 1048 1 2008
2 1 728 1 2008
2 1 921 1 2201
2 1 1881 1 2201
2 1 921 1 1881
2 1 919 1 1879
2 1 1878 1 2198
2 1 918 1 2198
2 1 918 1 1878
2 1 917 1 2197
2 1 980 1 1620
2 1 1300 1 1620
2 1 980 1 1300
2 1 1429 1 2069
2 1 853 1 1173
2 1 724 1 1044
2 1 724 1 2004
2 1 1044 1 2004
2 1 915 1 2195
2 1 1042 1 2002
2 1 722 1 1042
2 1 722 1 2002
2 1 914 1 2194
2 1 721 1 1041
2 1 1873 1 2193
2 1 913 1 1873
2 1 913 1 2193
2 1 1040 1 2000
2 1 720 1 1040
2 1 720 1 2000
2 1 912 1 1872
2 1 847 1 1487
2 1 911 1 1871
2 1 1871 1 2191
2 1 911 1 2191
2 1 718 1 1038
2 1 718 1 1998
2 1 1038 1 1998
2 1 717 1 1037
2 1 909 1 2189
2 1 1420 1 2060
2 1 1164 1 1484
2 1 844 1 1484
2 1 844 1 1164
2 1 908 1 2188
2 1 908 1 1868
2 1 1868 1 2188
2 1 715 1 1035
2 1 714 1 1034
2 1 714 1 1994
2 1 1034 1 1994
2 1 906 1 2186
2 1 1033 1 1993
2 1 1417 1 2057
2 1 905 1 2185
2 1 1416 1 1736
2 1 1416 1 2056
2 1 1736 1 2056
2 1 1160 1 1480
2 1 1031 1 1991
2 1 904 1 1864
2 1 1415 1 2055
2 1 710 1 1990
2 1 1414 1 1734
2 1 1158 1 1478
2 1 709 1 1029
2 1 965 1 1285
2 1 965 1 1605
2 1 1285 1 1605
2 1 902 1 1862
2 1 1283 1 1603
2 1 900 1 2180
2 1 1860 1 2180
2 1 900 1 1860
2 1 707 1 1987
2 1 836 1 1476
2 1 1156 1 1476
2 1 836 1 1156
2 1 835 1 1475
2 1 1155 1 1475
2 1 835 1 1155
2 1 706 1 1026
2 1 1026 1 1986
2 1 706 1 1986
2 1 705 1 1985
2 1 1280 1 1600
2 1 1729 1 2049
2 1 704 1 1024
2 1 1024 1 1984
2 1 704 1 1984
3 1 593 1 1269 1 1909
3 1 542 1 802 1 1442
3 1 517 1 713 1 1033
3 1 380 1 709 1 1349
3 1 380 1 1029 1 1349
3 1 542 1 802 1 1762
3 1 507 1 1636 1 1956
3 1 517 1 713 1 1993
3 1 542 1 802 1 2082
3 1 591 1 1203 1 1523
3 1 555 1 815 1 1775
3 1 555 1 815 1 1455
3 1 360 1 1393 1 2033
3 1 347 1 1316 1 1636
3 1 359 1 1392 1 2032
3 1 598 1 1274 1 2234
3 1 598 1 1274 1 1914
3 1 598 1 954 1 1274
3 1 537 1 733 1 2013
3 1 540 1 800 1 2080
3 1 530 1 726 1 1046
3 1 412 1 1525 1 1845
3 1 563 1 823 1 1783
3 1 536 1 796 1 1756
3 1 625 1 1237 1 2197
3 1 446 1 1175 1 1815
3 1 536 1 796 1 2076
3 1 549 1 809 1 2089
3 1 546 1 806 1 1766
3 1 549 1 809 1 1769
3 1 440 1 1745 1 2065
3 1 639 1 867 1 1187
3 1 540 1 800 1 1440
3 1 548 1 808 1 1768
3 1 625 1 917 1 1237
3 1 546 1 806 1 2086
3 1 540 1 800 1 1760
3 1 545 1 805 1 1765
3 1 413 1 1782 1 2102
3 1 467 1 956 1 2236
3 1 545 1 805 1 2085
3 1 548 1 808 1 2088
3 1 562 1 822 1 2102
3 1 548 1 808 1 1448
3 1 448 1 1001 1 1961
3 1 448 1 1321 1 1961
3 1 564 1 824 1 1784
3 1 604 1 1216 1 2176
3 1 374 1 767 1 1407
3 1 607 1 1219 1 2179
3 1 524 1 784 1 1744
3 1 475 1 1284 1 1924
3 1 441 1 850 1 1810
3 1 564 1 824 1 2104
3 1 531 1 791 1 1751
3 1 531 1 791 1 2071
3 1 555 1 815 1 2095
3 1 320 1 1033 1 1353
3 1 320 1 1353 1 1993
3 1 433 1 1482 1 1802
3 1 472 1 897 1 2177
3 1 580 1 936 1 1256
3 1 441 1 1490 1 1810
3 1 441 1 1170 1 1810
3 1 527 1 723 1 1043
3 1 486 1 1295 1 1935
3 1 524 1 784 1 2064
3 1 524 1 784 1 1424
3 1 488 1 1297 1 1937
3 1 626 1 1238 1 2198
3 1 488 1 1617 1 1937
3 1 579 1 871 1 1191
3 1 610 1 902 1 1222
3 1 534 1 794 1 2074
3 1 335 1 1368 1 2008
3 1 610 1 1222 1 1862
3 1 347 1 1060 1 1380
3 1 340 1 1373 1 2013
3 1 381 1 1350 1 1990
3 1 412 1 885 1 1845
3 1 569 1 829 1 2109
3 1 515 1 775 1 1415
3 1 614 1 1226 1 2186
3 1 399 1 1192 1 1832
3 1 515 1 775 1 2055
3 1 620 1 848 1 1168
3 1 588 1 880 1 1200
3 1 594 1 1270 1 1910
3 1 504 1 993 1 1953
3 1 503 1 1888 1 2208
3 1 430 1 1415 1 1735
3 1 608 1 1220 1 1860
3 1 471 1 1600 1 1920
3 1 440 1 1489 1 1809
3 1 386 1 859 1 1819
3 1 509 1 1318 1 1958
3 1 557 1 817 1 1457
3 1 430 1 1735 1 2055
3 1 620 1 1168 1 1488
3 1 440 1 849 1 1809
3 1 440 1 1169 1 1809
3 1 483 1 1612 1 1932
3 1 508 1 1317 1 1957
3 1 508 1 997 1 1957
3 1 554 1 750 1 2030
3 1 430 1 1159 1 1799
3 1 333 1 1046 1 1366
3 1 478 1 1287 1 1927
3 1 525 1 785 1 1425
3 1 486 1 975 1 1935
3 1 463 1 1656 1 1976
3 1 634 1 1182 1 1502
3 1 578 1 1254 1 2214
3 1 609 1 1221 1 2181
3 1 492 1 1621 1 1941
3 1 430 1 1479 1 1799
3 1 580 1 1256 1 2216
3 1 580 1 1256 1 1896
3 1 638 1 1186 1 1506
3 1 552 1 748 1 2028
3 1 518 1 778 1 1418
3 1 510 1 1319 1 1959
3 1 552 1 748 1 1068
3 1 544 1 740 1 1060
3 1 543 1 803 1 1443
3 1 486 1 1615 1 1935
3 1 614 1 906 1 1226
3 1 447 1 856 1 1816
3 1 382 1 1031 1 1351
3 1 538 1 798 1 1438
3 1 528 1 788 1 2068
3 1 332 1 725 1 1365
3 1 567 1 827 1 2107
3 1 559 1 819 1 1779
3 1 349 1 1382 1 2022
3 1 522 1 782 1 2062
3 1 626 1 1238 1 1878
3 1 355 1 1388 1 2028
3 1 418 1 891 1 1851
3 1 422 1 895 1 1855
3 1 393 1 1506 1 1826
3 1 375 1 1344 1 1984
3 1 528 1 788 1 1428
3 1 431 1 1160 1 1800
3 1 626 1 918 1 1238
3 1 427 1 1156 1 1796
3 1 629 1 921 1 1241
3 1 557 1 817 1 1777
3 1 605 1 897 1 1217
3 1 477 1 1862 1 2182
3 1 396 1 1509 1 1829
3 1 399 1 872 1 1832
3 1 535 1 795 1 1755
3 1 510 1 999 1 1959
3 1 587 1 1263 1 2223
3 1 585 1 877 1 1197
3 1 623 1 915 1 1235
3 1 576 1 868 1 1188
3 1 439 1 1488 1 1808
3 1 567 1 827 1 1787
3 1 459 1 1012 1 1972
3 1 368 1 1337 1 1657
3 1 329 1 722 1 1362
3 1 453 1 1006 1 1966
3 1 356 1 749 1 1389
3 1 586 1 942 1 1262
3 1 451 1 1324 1 1964
3 1 539 1 735 1 1055
3 1 593 1 1205 1 1525
3 1 637 1 929 1 1249
3 1 577 1 1253 1 1893
3 1 497 1 1626 1 1946
3 1 481 1 970 1 1930
3 1 329 1 1042 1 1362
3 1 329 1 1362 1 2002
3 1 435 1 1420 1 1740
3 1 477 1 902 1 2182
3 1 593 1 885 1 1205
3 1 373 1 1342 1 1662
3 1 518 1 778 1 1738
3 1 632 1 1244 1 1884
3 1 427 1 1476 1 1796
3 1 386 1 1499 1 1819
3 1 377 1 706 1 1346
3 1 365 1 1014 1 1334
3 1 421 1 1214 1 1854
3 1 538 1 798 1 1758
3 1 543 1 803 1 2083
3 1 469 1 1662 1 1982
3 1 552 1 812 1 2092
3 1 458 1 1651 1 1971
3 1 573 1 769 1 1729
3 1 331 1 724 1 1364
3 1 431 1 1480 1 1800
3 1 396 1 869 1 1829
3 1 576 1 1188 1 1508
3 1 374 1 1087 1 1407
3 1 351 1 1384 1 2024
3 1 355 1 1068 1 1388
3 1 512 1 772 1 1732
3 1 586 1 1262 1 1902
3 1 619 1 847 1 1167
3 1 402 1 1771 1 2091
3 1 342 1 1311 1 1631
3 1 436 1 1485 1 1805
3 1 450 1 1323 1 1963
3 1 359 1 1328 1 1648
3 1 474 1 1283 1 1923
3 1 596 1 952 1 1272
3 1 396 1 1189 1 1829
3 1 630 1 858 1 1178
3 1 477 1 1286 1 1926
3 1 558 1 754 1 1074
3 1 570 1 766 1 2046
3 1 560 1 820 1 1780
3 1 516 1 776 1 1736
3 1 397 1 870 1 1830
3 1 627 1 919 1 1239
3 1 527 1 787 1 2067
3 1 569 1 829 1 1469
3 1 399 1 1512 1 1832
3 1 422 1 1215 1 1855
3 1 525 1 785 1 2065
3 1 608 1 900 1 1220
3 1 618 1 846 1 1166
3 1 447 1 1176 1 1816
3 1 496 1 1625 1 1945
3 1 539 1 799 1 1759
3 1 539 1 799 1 2079
3 1 539 1 799 1 1439
3 1 357 1 1390 1 2030
3 1 390 1 1183 1 1823
3 1 538 1 798 1 2078
3 1 522 1 782 1 1742
3 1 586 1 1262 1 2222
3 1 528 1 788 1 1748
3 1 527 1 787 1 1747
3 1 433 1 842 1 1802
3 1 395 1 868 1 1828
3 1 518 1 778 1 2058
3 1 437 1 846 1 1806
3 1 619 1 1231 1 2191
3 1 535 1 795 1 1435
3 1 549 1 745 1 2025
3 1 513 1 773 1 1733
3 1 570 1 766 1 1086
3 1 385 1 858 1 1818
3 1 608 1 1220 1 2180
3 1 477 1 1606 1 1926
3 1 534 1 794 1 1754
3 1 401 1 1450 1 1770
3 1 374 1 1407 1 2047
3 1 379 1 708 1 1348
3 1 633 1 1245 1 2205
3 1 514 1 774 1 1414
3 1 341 1 990 1 1310
3 1 375 1 1024 1 1344
3 1 407 1 1520 1 1840
3 1 554 1 814 1 1774
3 1 352 1 1065 1 1385
3 1 514 1 774 1 1734
