431 2240
2 1 1788 1 2108
2 1 1467 1 1787
2 1 1787 1 2107
2 1 1467 1 2107
2 1 1459 1 2099
2 1 1455 1 2095
2 1 1438 1 2078
2 1 1438 1 1758
2 1 1758 1 2078
2 1 1434 1 1754
2 1 1754 1 2074
2 1 1434 1 2074
2 1 1425 1 1745
2 1 1745 1 2065
2 1 1425 1 2065
2 1 1423 1 2063
2 1 1421 1 2061
2 1 1421 1 1741
2 1 1741 1 2061
2 1 1417 1 1737
2 1 1737 1 2057
2 1 1417 1 2057
2 1 1416 1 1736
2 1 1736 1 2056
2 1 1416 1 2056
2 1 1413 1 2053
2 1 1412 1 2052
2 1 1412 1 1732
2 1 1732 1 2052
2 1 1410 1 2050
2 1 1408 1 2048
2 1 1408 1 1728
2 1 1728 1 2048
2 1 969 1 1289
2 1 1289 1 1609
2 1 969 1 1609
2 1 965 1 1285
2 1 1285 1 1605
2 1 965 1 1605
2 1 963 1 1603
2 1 961 1 1281
2 1 1339 1 1659
2 1 1019 1 1659
2 1 1019 1 1339
2 1 1338 1 1658
2 1 1460 1 1780
2 1 1337 1 1657
2 1 1011 1 1331
2 1 1017 1 1657
2 1 1007 1 1327
2 1 1327 1 1647
2 1 1007 1 1647
2 1 1017 1 1337
2 1 1326 1 1646
2 1 1322 1 1642
2 1 1002 1 1322
2 1 1002 1 1642
2 1 999 1 1639
2 1 1448 1 1768
2 1 998 1 1638
2 1 996 1 1316
2 1 1313 1 1633
2 1 991 1 1631
2 1 991 1 1311
2 1 1311 1 1631
2 1 1309 1 1629
2 1 989 1 1629
2 1 989 1 1309
2 1 1432 1 1752
2 1 985 1 1625
2 1 1426 1 1746
2 1 976 1 1616
2 1 964 1 1604
2 1 964 1 1284
2 1 1284 1 1604
2 1 1154 1 1474
2 1 960 1 1600
2 1 1152 1 1472
2 1 1280 1 1600
2 1 1153 1 1473
2 1 960 1 1280
2 1 833 1 1473
2 1 833 1 1153
2 1 1471 1 1791
2 1 1470 1 1790
2 1 1470 1 2110
2 1 1790 1 2110
2 1 1023 1 1663
2 1 1023 1 1343
2 1 1343 1 1663
2 1 1212 1 1532
2 1 891 1 1211
2 1 891 1 1531
2 1 1211 1 1531
2 1 1210 1 1530
2 1 890 1 1210
2 1 890 1 1530
2 1 1463 1 2103
2 1 1016 1 1336
2 1 1209 1 1529
2 1 889 1 1529
2 1 889 1 1209
2 1 1204 1 1524
2 1 888 1 1208
2 1 1335 1 1655
2 1 882 1 1202
2 1 1202 1 1522
2 1 882 1 1522
2 1 1330 1 1650
2 1 1198 1 1518
2 1 878 1 1518
2 1 878 1 1198
2 1 877 1 1197
2 1 1196 1 1516
2 1 1770 1 2090
2 1 1003 1 1323
2 1 1003 1 1643
2 1 1323 1 1643
2 1 871 1 1191
2 1 869 1 1189
2 1 873 1 1513
2 1 869 1 1509
2 1 1189 1 1509
2 1 1764 1 2084
2 1 997 1 1317
2 1 1317 1 1637
2 1 997 1 1637
2 1 867 1 1507
2 1 867 1 1187
2 1 1187 1 1507
2 1 1186 1 1506
2 1 1314 1 1634
2 1 1441 1 1761
2 1 864 1 1184
2 1 1439 1 2079
2 1 1759 1 2079
2 1 1439 1 1759
2 1 862 1 1502
2 1 861 1 1501
2 1 1435 1 2075
2 1 858 1 1498
2 1 1433 1 2073
2 1 1433 1 1753
2 1 1753 1 2073
2 1 856 1 1496
2 1 856 1 1176
2 1 1176 1 1496
2 1 1750 1 2070
2 1 983 1 1623
2 1 853 1 1493
2 1 853 1 1173
2 1 1173 1 1493
2 1 1428 1 1748
2 1 1427 1 1747
2 1 850 1 1170
2 1 1744 1 2064
2 1 977 1 1617
2 1 847 1 1167
2 1 1167 1 1487
2 1 847 1 1487
2 1 846 1 1486
2 1 1166 1 1486
2 1 846 1 1166
2 1 1165 1 1485
2 1 973 1 1613
2 1 1292 1 1612
2 1 972 1 1292
2 1 972 1 1612
2 1 840 1 1480
2 1 1160 1 1480
2 1 840 1 1160
2 1 1735 1 2055
2 1 838 1 1478
2 1 837 1 1157
2 1 1156 1 1476
2 1 836 1 1476
2 1 836 1 1156
2 1 959 1 2239
2 1 1919 1 2239
2 1 959 1 1919
2 1 895 1 1535
2 1 766 1 2046
2 1 1022 1 1342
2 1 1341 1 1661
2 1 894 1 1214
2 1 765 1 2045
2 1 1469 1 2109
2 1 893 1 1213
2 1 1213 1 1533
2 1 893 1 1533
2 1 1084 1 2044
2 1 764 1 1084
2 1 764 1 2044
2 1 763 1 1083
2 1 955 1 2235
2 1 1915 1 2235
2 1 955 1 1915
2 1 762 1 1082
2 1 1082 1 2042
2 1 762 1 2042
2 1 954 1 1914
2 1 1914 1 2234
2 1 954 1 2234
2 1 761 1 2041
2 1 761 1 1081
2 1 1081 1 2041
2 1 1080 1 2040
2 1 1464 1 2104
2 1 759 1 2039
2 1 1207 1 1527
2 1 758 1 2038
2 1 1333 1 1653
2 1 1206 1 1526
2 1 886 1 1526
2 1 886 1 1206
2 1 1012 1 1332
2 1 1781 1 2101
2 1 1461 1 1781
2 1 1461 1 2101
2 1 885 1 1205
2 1 756 1 1076
2 1 755 1 1075
2 1 1075 1 2035
2 1 755 1 2035
2 1 1908 1 2228
2 1 947 1 2227
2 1 754 1 2034
2 1 754 1 1074
2 1 1074 1 2034
2 1 1458 1 2098
2 1 946 1 1906
2 1 753 1 2033
2 1 1777 1 2097
2 1 1201 1 1521
2 1 752 1 2032
2 1 1072 1 2032
2 1 752 1 1072
2 1 945 1 1905
2 1 751 1 1071
2 1 1904 1 2224
2 1 1070 1 2030
2 1 750 1 1070
2 1 750 1 2030
2 1 942 1 1902
2 1 749 1 1069
2 1 1453 1 2093
2 1 941 1 2221
2 1 941 1 1901
2 1 1901 1 2221
2 1 1068 1 2028
2 1 1067 1 2027
2 1 747 1 2027
2 1 747 1 1067
2 1 940 1 1900
2 1 746 1 2026
2 1 939 1 1899
2 1 1001 1 1321
2 1 1065 1 2025
2 1 1898 1 2218
2 1 938 1 1898
2 1 938 1 2218
2 1 1064 1 2024
2 1 743 1 2023
2 1 1063 1 2023
2 1 743 1 1063
2 1 936 1 2216
2 1 1447 1 2087
2 1 935 1 2215
2 1 1895 1 2215
2 1 935 1 1895
2 1 742 1 1062
2 1 741 1 2021
2 1 741 1 1061
2 1 1061 1 2021
2 1 934 1 1894
2 1 933 1 1893
2 1 740 1 2020
2 1 1892 1 2212
2 1 932 1 2212
2 1 932 1 1892
2 1 995 1 1635
2 1 868 1 1188
2 1 1059 1 2019
2 1 1443 1 1763
2 1 1443 1 2083
2 1 1763 1 2083
2 1 737 1 2017
2 1 930 1 2210
2 1 1890 1 2210
2 1 930 1 1890
2 1 865 1 1505
2 1 1056 1 2016
2 1 736 1 2016
2 1 736 1 1056
2 1 992 1 1312
2 1 1888 1 2208
2 1 927 1 2207
2 1 1887 1 2207
2 1 927 1 1887
2 1 990 1 1630
2 1 863 1 1183
2 1 734 1 2014
2 1 734 1 1054
2 1 1054 1 2014
2 1 1886 1 2206
2 1 733 1 2013
2 1 1053 1 2013
2 1 733 1 1053
2 1 1437 1 2077
2 1 1757 1 2077
2 1 1437 1 1757
2 1 925 1 1885
2 1 1885 1 2205
2 1 925 1 2205
2 1 732 1 2012
2 1 1052 1 2012
2 1 732 1 1052
2 1 924 1 1884
2 1 924 1 2204
2 1 1884 1 2204
2 1 1050 1 2010
2 1 923 1 1883
2 1 923 1 2203
2 1 1883 1 2203
2 1 921 1 1881
2 1 921 1 2201
2 1 1881 1 2201
2 1 1177 1 1497
2 1 857 1 1177
2 1 857 1 1497
2 1 728 1 2008
2 1 728 1 1048
2 1 1048 1 2008
2 1 984 1 1624
2 1 1880 1 2200
2 1 919 1 2199
2 1 919 1 1879
2 1 1879 1 2199
2 1 982 1 1302
2 1 982 1 1622
2 1 1302 1 1622
2 1 1751 1 2071
2 1 1431 1 1751
2 1 1431 1 2071
2 1 1301 1 1621
2 1 981 1 1621
2 1 981 1 1301
2 1 1749 1 2069
2 1 1877 1 2197
2 1 916 1 2196
2 1 916 1 1876
2 1 1876 1 2196
2 1 1875 1 2195
2 1 978 1 1298
2 1 722 1 2002
2 1 1042 1 2002
2 1 722 1 1042
2 1 1874 1 2194
2 1 721 1 2001
2 1 721 1 1041
2 1 1041 1 2001
2 1 913 1 1873
2 1 913 1 2193
2 1 1873 1 2193
2 1 1295 1 1615
2 1 848 1 1488
2 1 912 1 1872
2 1 1872 1 2192
2 1 912 1 2192
2 1 1039 1 1999
2 1 1038 1 1998
2 1 718 1 1038
2 1 718 1 1998
2 1 910 1 1870
2 1 1742 1 2062
2 1 909 1 2189
2 1 1868 1 2188
2 1 908 1 1868
2 1 908 1 2188
2 1 844 1 1164
2 1 1164 1 1484
2 1 844 1 1484
2 1 1291 1 1611
2 1 971 1 1291
2 1 971 1 1611
2 1 715 1 1995
2 1 970 1 1290
2 1 970 1 1610
2 1 1290 1 1610
2 1 1418 1 1738
2 1 712 1 1032
2 1 905 1 2185
2 1 904 1 1864
2 1 1864 1 2184
2 1 904 1 2184
2 1 711 1 1991
2 1 1286 1 1606
2 1 1159 1 1479
2 1 839 1 1479
2 1 839 1 1159
2 1 903 1 2183
2 1 903 1 1863
2 1 1863 1 2183
2 1 710 1 1990
2 1 710 1 1030
2 1 1030 1 1990
2 1 1862 1 2182
2 1 709 1 1029
2 1 901 1 1861
2 1 1282 1 1602
2 1 1731 1 2051
2 1 1155 1 1475
2 1 835 1 1155
2 1 835 1 1475
2 1 1859 1 2179
2 1 899 1 1859
2 1 899 1 2179
2 1 1026 1 1986
2 1 706 1 1026
2 1 706 1 1986
2 1 705 1 1025
2 1 1858 1 2178
2 1 1409 1 2049
2 1 1409 1 1729
2 1 1729 1 2049
2 1 704 1 1984
2 1 1024 1 1984
2 1 704 1 1024
2 1 1856 1 2176
2 1 896 1 2176
2 1 896 1 1856
