429 2240
2 1 1784 1 2104
2 1 1464 1 2104
2 1 1464 1 1784
2 1 1460 1 1780
2 1 1460 1 2100
2 1 1780 1 2100
2 1 1459 1 2099
2 1 1458 1 2098
2 1 1458 1 1778
2 1 1778 1 2098
2 1 1455 1 1775
2 1 1775 1 2095
2 1 1455 1 2095
2 1 1759 1 2079
2 1 1438 1 1758
2 1 1758 1 2078
2 1 1438 1 2078
2 1 1417 1 2057
2 1 1417 1 1737
2 1 1737 1 2057
2 1 1412 1 2052
2 1 1412 1 1732
2 1 1732 1 2052
2 1 1416 1 1736
2 1 1410 1 2050
2 1 1728 1 2048
2 1 1408 1 1728
2 1 1736 1 2056
2 1 1408 1 2048
2 1 1416 1 2056
2 1 965 1 1285
2 1 1413 1 1733
2 1 964 1 1604
2 1 964 1 1284
2 1 1284 1 1604
2 1 1283 1 1603
2 1 963 1 1603
2 1 963 1 1283
2 1 1409 1 1729
2 1 1335 1 1655
2 1 1466 1 1786
2 1 1015 1 1655
2 1 1015 1 1335
2 1 1017 1 1657
2 1 1013 1 1333
2 1 1331 1 1651
2 1 1011 1 1651
2 1 1011 1 1331
2 1 1326 1 1646
2 1 1311 1 1631
2 1 1310 1 1630
2 1 1002 1 1322
2 1 989 1 1629
2 1 1425 1 1745
2 1 978 1 1298
2 1 835 1 1475
2 1 1317 1 1637
2 1 835 1 1155
2 1 1155 1 1475
2 1 834 1 1154
2 1 833 1 1473
2 1 832 1 1152
2 1 1280 1 1600
2 1 960 1 1600
2 1 960 1 1280
2 1 1470 1 1790
2 1 1470 1 2110
2 1 1790 1 2110
2 1 1023 1 1343
2 1 1213 1 1533
2 1 893 1 1533
2 1 893 1 1213
2 1 1787 1 2107
2 1 1020 1 1660
2 1 1467 1 2107
2 1 1467 1 1787
2 1 1210 1 1530
2 1 890 1 1210
2 1 890 1 1530
2 1 1465 1 2105
2 1 888 1 1528
2 1 1208 1 1528
2 1 888 1 1208
2 1 887 1 1527
2 1 887 1 1207
2 1 1207 1 1527
2 1 886 1 1206
2 1 1014 1 1654
2 1 1334 1 1654
2 1 1014 1 1334
2 1 884 1 1524
2 1 1204 1 1524
2 1 884 1 1204
2 1 883 1 1203
2 1 1203 1 1523
2 1 883 1 1523
2 1 882 1 1522
2 1 1457 1 1777
2 1 1777 1 2097
2 1 1457 1 2097
2 1 1454 1 2094
2 1 877 1 1517
2 1 1197 1 1517
2 1 877 1 1197
2 1 1195 1 1515
2 1 873 1 1193
2 1 1191 1 1511
2 1 998 1 1318
2 1 998 1 1638
2 1 1318 1 1638
2 1 868 1 1188
2 1 867 1 1187
2 1 995 1 1635
2 1 1314 1 1634
2 1 862 1 1182
2 1 862 1 1502
2 1 1182 1 1502
2 1 861 1 1501
2 1 1180 1 1500
2 1 1435 1 2075
2 1 1432 1 2072
2 1 985 1 1305
2 1 855 1 1495
2 1 1749 1 2069
2 1 1429 1 1749
2 1 1429 1 2069
2 1 858 1 1498
2 1 858 1 1178
2 1 1301 1 1621
2 1 1174 1 1494
2 1 1178 1 1498
2 1 981 1 1621
2 1 981 1 1301
2 1 1428 1 1748
2 1 851 1 1171
2 1 1746 1 2066
2 1 849 1 1169
2 1 849 1 1489
2 1 1169 1 1489
2 1 1743 1 2063
2 1 976 1 1296
2 1 976 1 1616
2 1 1296 1 1616
2 1 1421 1 2061
2 1 1741 1 2061
2 1 1421 1 1741
2 1 1420 1 2060
2 1 973 1 1293
2 1 1419 1 2059
2 1 842 1 1482
2 1 840 1 1160
2 1 840 1 1480
2 1 1160 1 1480
2 1 1415 1 1735
2 1 1415 1 2055
2 1 846 1 1486
2 1 1735 1 2055
2 1 968 1 1608
2 1 838 1 1158
2 1 838 1 1478
2 1 1158 1 1478
2 1 1856 1 2176
2 1 896 1 2176
2 1 896 1 1856
2 1 767 1 2047
2 1 959 1 2239
2 1 1919 1 2239
2 1 959 1 1919
2 1 895 1 1535
2 1 1918 1 2238
2 1 894 1 1214
2 1 1085 1 2045
2 1 1021 1 1661
2 1 1021 1 1341
2 1 1341 1 1661
2 1 1917 1 2237
2 1 1469 1 1789
2 1 764 1 2044
2 1 1019 1 1659
2 1 1019 1 1339
2 1 1339 1 1659
2 1 1468 1 2108
2 1 1916 1 2236
2 1 956 1 1916
2 1 956 1 2236
2 1 1211 1 1531
2 1 1082 1 2042
2 1 1018 1 1658
2 1 1018 1 1338
2 1 1338 1 1658
2 1 1914 1 2234
2 1 761 1 2041
2 1 953 1 2233
2 1 1016 1 1336
2 1 889 1 1209
2 1 759 1 2039
2 1 1079 1 2039
2 1 759 1 1079
2 1 951 1 2231
2 1 758 1 2038
2 1 758 1 1078
2 1 1078 1 2038
2 1 950 1 1910
2 1 949 1 2229
2 1 1012 1 1332
2 1 1332 1 1652
2 1 1012 1 1652
2 1 885 1 1205
2 1 756 1 2036
2 1 756 1 1076
2 1 1076 1 2036
2 1 1075 1 2035
2 1 755 1 2035
2 1 755 1 1075
2 1 1907 1 2227
2 1 947 1 1907
2 1 947 1 2227
2 1 754 1 1074
2 1 1328 1 1648
2 1 1201 1 1521
2 1 881 1 1201
2 1 881 1 1521
2 1 1905 1 2225
2 1 945 1 1905
2 1 945 1 2225
2 1 752 1 2032
2 1 1904 1 2224
2 1 880 1 1520
2 1 751 1 1071
2 1 1198 1 1518
2 1 878 1 1198
2 1 878 1 1518
2 1 942 1 2222
2 1 942 1 1902
2 1 1902 1 2222
2 1 1069 1 2029
2 1 749 1 2029
2 1 749 1 1069
2 1 1453 1 1773
2 1 748 1 2028
2 1 1452 1 2092
2 1 1452 1 1772
2 1 1772 1 2092
2 1 1323 1 1643
2 1 1067 1 2027
2 1 940 1 2220
2 1 1451 1 1771
2 1 1451 1 2091
2 1 1771 1 2091
2 1 746 1 2026
2 1 1899 1 2219
2 1 1194 1 1514
2 1 1065 1 2025
2 1 1001 1 1321
2 1 1898 1 2218
2 1 938 1 1898
2 1 938 1 2218
2 1 999 1 1639
2 1 1319 1 1639
2 1 999 1 1319
2 1 1448 1 2088
2 1 1063 1 2023
2 1 743 1 1063
2 1 743 1 2023
2 1 936 1 1896
2 1 742 1 2022
2 1 1062 1 2022
2 1 742 1 1062
2 1 741 1 2021
2 1 996 1 1316
2 1 1189 1 1509
2 1 740 1 2020
2 1 740 1 1060
2 1 1060 1 2020
2 1 1892 1 2212
2 1 739 1 1059
2 1 1059 1 2019
2 1 739 1 2019
2 1 1443 1 1763
2 1 1443 1 2083
2 1 1763 1 2083
2 1 931 1 2211
2 1 993 1 1633
2 1 1313 1 1633
2 1 993 1 1313
2 1 1186 1 1506
2 1 737 1 2017
2 1 930 1 2210
2 1 1889 1 2209
2 1 992 1 1632
2 1 1312 1 1632
2 1 992 1 1312
2 1 865 1 1185
2 1 1056 1 2016
2 1 736 1 2016
2 1 736 1 1056
2 1 1055 1 2015
2 1 734 1 1054
2 1 927 1 1887
2 1 926 1 2206
2 1 926 1 1886
2 1 1886 1 2206
2 1 733 1 2013
2 1 733 1 1053
2 1 1053 1 2013
2 1 1437 1 2077
2 1 1885 1 2205
2 1 925 1 2205
2 1 925 1 1885
2 1 1052 1 2012
2 1 732 1 2012
2 1 732 1 1052
2 1 731 1 2011
2 1 924 1 1884
2 1 923 1 1883
2 1 1883 1 2203
2 1 923 1 2203
2 1 986 1 1626
2 1 1050 1 2010
2 1 730 1 2010
2 1 730 1 1050
2 1 1434 1 1754
2 1 1754 1 2074
2 1 1434 1 2074
2 1 1049 1 2009
2 1 1753 1 2073
2 1 728 1 2008
2 1 921 1 2201
2 1 921 1 1881
2 1 1881 1 2201
2 1 1303 1 1623
2 1 983 1 1623
2 1 983 1 1303
2 1 1176 1 1496
2 1 1047 1 2007
2 1 727 1 2007
2 1 727 1 1047
2 1 920 1 1880
2 1 1880 1 2200
2 1 920 1 2200
2 1 1751 1 2071
2 1 1431 1 1751
2 1 1431 1 2071
2 1 1046 1 2006
2 1 1750 1 2070
2 1 918 1 2198
2 1 980 1 1620
2 1 1173 1 1493
2 1 917 1 1877
2 1 1877 1 2197
2 1 917 1 2197
2 1 1876 1 2196
2 1 852 1 1492
2 1 1299 1 1619
2 1 979 1 1299
2 1 979 1 1619
2 1 723 1 2003
2 1 723 1 1043
2 1 1043 1 2003
2 1 1875 1 2195
2 1 914 1 2194
2 1 977 1 1617
2 1 1041 1 2001
2 1 721 1 1041
2 1 721 1 2001
2 1 1873 1 2193
2 1 848 1 1168
2 1 912 1 2192
2 1 912 1 1872
2 1 1872 1 2192
2 1 719 1 1999
2 1 1871 1 2191
2 1 847 1 1167
2 1 1038 1 1998
2 1 718 1 1998
2 1 718 1 1038
2 1 974 1 1294
2 1 1870 1 2190
2 1 909 1 1869
2 1 716 1 1996
2 1 1292 1 1612
2 1 972 1 1292
2 1 972 1 1612
2 1 844 1 1484
2 1 1868 1 2188
2 1 970 1 1610
2 1 843 1 1483
2 1 714 1 1034
2 1 1034 1 1994
2 1 714 1 1994
2 1 1418 1 1738
2 1 713 1 1033
2 1 1033 1 1993
2 1 713 1 1993
2 1 712 1 1032
2 1 712 1 1992
2 1 1032 1 1992
2 1 905 1 2185
2 1 904 1 2184
2 1 903 1 2183
2 1 903 1 1863
2 1 1863 1 2183
2 1 1286 1 1606
2 1 966 1 1286
2 1 966 1 1606
2 1 839 1 1479
2 1 1159 1 1479
2 1 839 1 1159
2 1 1030 1 1990
2 1 1862 1 2182
2 1 1414 1 1734
2 1 901 1 2181
2 1 1861 1 2181
2 1 901 1 1861
2 1 1860 1 2180
2 1 900 1 2180
2 1 900 1 1860
2 1 1859 1 2179
2 1 899 1 2179
2 1 899 1 1859
2 1 706 1 1026
2 1 706 1 1986
2 1 1026 1 1986
2 1 898 1 2178
2 1 898 1 1858
2 1 1858 1 2178
2 1 705 1 1025
2 1 897 1 1857
2 1 704 1 1024
