431 2240
2 1 1778 1 2098
2 1 1772 1 2092
2 1 1451 1 1771
2 1 1451 1 2091
2 1 1771 1 2091
2 1 1766 1 2086
2 1 1763 1 2083
2 1 1762 1 2082
2 1 1441 1 2081
2 1 1436 1 2076
2 1 1436 1 1756
2 1 1756 1 2076
2 1 1435 1 1755
2 1 1435 1 2075
2 1 1755 1 2075
2 1 1754 1 2074
2 1 1434 1 1754
2 1 1434 1 2074
2 1 1428 1 2068
2 1 1748 1 2068
2 1 1428 1 1748
2 1 1424 1 2064
2 1 1744 1 2064
2 1 1424 1 1744
2 1 1740 1 2060
2 1 1420 1 2060
2 1 1420 1 1740
2 1 1738 1 2058
2 1 1735 1 2055
2 1 1415 1 2055
2 1 1418 1 1738
2 1 1418 1 2058
2 1 1295 1 1615
2 1 975 1 1615
2 1 975 1 1295
2 1 1293 1 1613
2 1 973 1 1293
2 1 973 1 1613
2 1 972 1 1292
2 1 1292 1 1612
2 1 972 1 1612
2 1 1291 1 1611
2 1 1280 1 1600
2 1 1415 1 1735
2 1 1338 1 1658
2 1 1337 1 1657
2 1 1336 1 1656
2 1 1015 1 1655
2 1 1335 1 1655
2 1 1015 1 1335
2 1 1334 1 1654
2 1 1333 1 1653
2 1 1331 1 1651
2 1 1003 1 1323
2 1 1323 1 1643
2 1 1003 1 1643
2 1 1332 1 1652
2 1 1005 1 1325
2 1 1325 1 1645
2 1 1005 1 1645
2 1 994 1 1634
2 1 1438 1 1758
2 1 989 1 1309
2 1 1437 1 1757
2 1 1308 1 1628
2 1 988 1 1628
2 1 988 1 1308
2 1 1304 1 1624
2 1 984 1 1624
2 1 984 1 1304
2 1 1432 1 1752
2 1 1431 1 1751
2 1 982 1 1622
2 1 981 1 1621
2 1 1301 1 1621
2 1 981 1 1301
2 1 980 1 1620
2 1 979 1 1619
2 1 1299 1 1619
2 1 979 1 1299
2 1 1009 1 1329
2 1 1009 1 1649
2 1 1329 1 1649
2 1 1427 1 1747
2 1 980 1 1300
2 1 1300 1 1620
2 1 1298 1 1618
2 1 977 1 1617
2 1 977 1 1297
2 1 1297 1 1617
2 1 1425 1 1745
2 1 1411 1 2051
2 1 963 1 1603
2 1 833 1 1153
2 1 1215 1 1535
2 1 1342 1 1662
2 1 1210 1 1530
2 1 889 1 1209
2 1 963 1 1283
2 1 1207 1 1527
2 1 1283 1 1603
2 1 1206 1 1526
2 1 1205 1 1525
2 1 1330 1 1650
2 1 1200 1 1520
2 1 1198 1 1518
2 1 1196 1 1516
2 1 1326 1 1646
2 1 1194 1 1514
2 1 874 1 1194
2 1 874 1 1514
2 1 875 1 1515
2 1 875 1 1195
2 1 1195 1 1515
2 1 1768 1 2088
2 1 1002 1 1642
2 1 1001 1 1321
2 1 1001 1 1641
2 1 1321 1 1641
2 1 1767 1 2087
2 1 870 1 1510
2 1 1445 1 2085
2 1 1444 1 1764
2 1 866 1 1506
2 1 865 1 1505
2 1 1185 1 1505
2 1 865 1 1185
2 1 1760 1 2080
2 1 1440 1 1760
2 1 1440 1 2080
2 1 1313 1 1633
2 1 993 1 1633
2 1 993 1 1313
2 1 1439 1 1759
2 1 1439 1 2079
2 1 1759 1 2079
2 1 862 1 1502
2 1 861 1 1181
2 1 859 1 1179
2 1 859 1 1499
2 1 1179 1 1499
2 1 858 1 1498
2 1 857 1 1497
2 1 855 1 1175
2 1 1176 1 1496
2 1 854 1 1174
2 1 1173 1 1493
2 1 851 1 1171
2 1 851 1 1491
2 1 1171 1 1491
2 1 850 1 1170
2 1 976 1 1616
2 1 848 1 1168
2 1 976 1 1296
2 1 1296 1 1616
2 1 846 1 1166
2 1 846 1 1486
2 1 1166 1 1486
2 1 845 1 1165
2 1 1165 1 1485
2 1 845 1 1485
2 1 1164 1 1484
2 1 843 1 1163
2 1 843 1 1483
2 1 1163 1 1483
2 1 1736 1 2056
2 1 1416 1 2056
2 1 1416 1 1736
2 1 842 1 1482
2 1 842 1 1162
2 1 1162 1 1482
2 1 1289 1 1609
2 1 839 1 1479
2 1 1159 1 1479
2 1 839 1 1159
2 1 1156 1 1476
2 1 1408 1 2048
2 1 838 1 1478
2 1 1158 1 1478
2 1 838 1 1158
2 1 1728 1 2048
2 1 1408 1 1728
2 1 1152 1 1472
2 1 1343 1 1663
2 1 1023 1 1343
2 1 1023 1 1663
2 1 767 1 1087
2 1 767 1 2047
2 1 1087 1 2047
2 1 1214 1 1534
2 1 765 1 2045
2 1 958 1 1918
2 1 893 1 1213
2 1 764 1 2044
2 1 1339 1 1659
2 1 1468 1 1788
2 1 763 1 2043
2 1 1083 1 2043
2 1 763 1 1083
2 1 1787 1 2107
2 1 1467 1 1787
2 1 1467 1 2107
2 1 762 1 1082
2 1 762 1 2042
2 1 1082 1 2042
2 1 761 1 2041
2 1 1081 1 2041
2 1 761 1 1081
2 1 954 1 2234
2 1 1080 1 2040
2 1 760 1 1080
2 1 760 1 2040
2 1 759 1 2039
2 1 1079 1 2039
2 1 759 1 1079
2 1 952 1 1912
2 1 1912 1 2232
2 1 952 1 2232
2 1 1783 1 2103
2 1 1463 1 1783
2 1 1463 1 2103
2 1 758 1 2038
2 1 758 1 1078
2 1 1078 1 2038
2 1 951 1 1911
2 1 757 1 2037
2 1 757 1 1077
2 1 1077 1 2037
2 1 950 1 2230
2 1 756 1 1076
2 1 1076 1 2036
2 1 756 1 2036
2 1 755 1 2035
2 1 755 1 1075
2 1 1075 1 2035
2 1 948 1 1908
2 1 1779 1 2099
2 1 1459 1 1779
2 1 1459 1 2099
2 1 1074 1 2034
2 1 754 1 2034
2 1 754 1 1074
2 1 947 1 2227
2 1 947 1 1907
2 1 1907 1 2227
2 1 946 1 1906
2 1 946 1 2226
2 1 1906 1 2226
2 1 945 1 1905
2 1 1905 1 2225
2 1 945 1 2225
2 1 1777 1 2097
2 1 881 1 1201
2 1 1201 1 1521
2 1 881 1 1521
2 1 1008 1 1648
2 1 752 1 1072
2 1 752 1 2032
2 1 1072 1 2032
2 1 1776 1 2096
2 1 751 1 2031
2 1 1071 1 2031
2 1 751 1 1071
2 1 1904 1 2224
2 1 1775 1 2095
2 1 750 1 1070
2 1 943 1 2223
2 1 943 1 1903
2 1 1903 1 2223
2 1 1774 1 2094
2 1 942 1 2222
2 1 1902 1 2222
2 1 942 1 1902
2 1 1773 1 2093
2 1 1068 1 2028
2 1 1901 1 2221
2 1 941 1 1901
2 1 941 1 2221
2 1 1067 1 2027
2 1 1900 1 2220
2 1 939 1 2219
2 1 1899 1 2219
2 1 939 1 1899
2 1 746 1 1066
2 1 938 1 2218
2 1 938 1 1898
2 1 1898 1 2218
2 1 1770 1 2090
2 1 745 1 2025
2 1 1769 1 2089
2 1 1320 1 1640
2 1 1000 1 1640
2 1 1000 1 1320
2 1 937 1 1897
2 1 937 1 2217
2 1 1897 1 2217
2 1 1319 1 1639
2 1 999 1 1319
2 1 999 1 1639
2 1 743 1 2023
2 1 1896 1 2216
2 1 1895 1 2215
2 1 871 1 1511
2 1 1062 1 2022
2 1 1894 1 2214
2 1 933 1 2213
2 1 996 1 1636
2 1 869 1 1509
2 1 740 1 2020
2 1 995 1 1635
2 1 868 1 1508
2 1 868 1 1188
2 1 1188 1 1508
2 1 739 1 2019
2 1 1059 1 2019
2 1 739 1 1059
2 1 1891 1 2211
2 1 1058 1 2018
2 1 930 1 2210
2 1 929 1 2209
2 1 928 1 1888
2 1 1184 1 1504
2 1 864 1 1184
2 1 864 1 1504
2 1 1310 1 1630
2 1 863 1 1503
2 1 863 1 1183
2 1 1183 1 1503
2 1 1887 1 2207
2 1 733 1 1053
2 1 925 1 1885
2 1 925 1 2205
2 1 1885 1 2205
2 1 924 1 1884
2 1 1884 1 2204
2 1 924 1 2204
2 1 1051 1 2011
2 1 923 1 1883
2 1 923 1 2203
2 1 1883 1 2203
2 1 1050 1 2010
2 1 730 1 2010
2 1 730 1 1050
2 1 922 1 1882
2 1 922 1 2202
2 1 1882 1 2202
2 1 729 1 1049
2 1 921 1 2201
2 1 1753 1 2073
2 1 1433 1 2073
2 1 1433 1 1753
2 1 728 1 1048
2 1 920 1 2200
2 1 920 1 1880
2 1 1880 1 2200
2 1 1879 1 2199
2 1 919 1 2199
2 1 919 1 1879
2 1 1046 1 2006
2 1 726 1 2006
2 1 726 1 1046
2 1 1750 1 2070
2 1 1430 1 1750
2 1 1430 1 2070
2 1 918 1 1878
2 1 918 1 2198
2 1 1878 1 2198
2 1 1429 1 1749
2 1 724 1 1044
2 1 917 1 2197
2 1 916 1 1876
2 1 916 1 2196
2 1 1876 1 2196
2 1 915 1 1875
2 1 1875 1 2195
2 1 915 1 2195
2 1 1042 1 2002
2 1 914 1 2194
2 1 721 1 1041
2 1 720 1 1040
2 1 913 1 2193
2 1 912 1 2192
2 1 847 1 1487
2 1 847 1 1167
2 1 1167 1 1487
2 1 911 1 1871
2 1 1871 1 2191
2 1 911 1 2191
2 1 718 1 1038
2 1 717 1 1037
2 1 1421 1 2061
2 1 1741 1 2061
2 1 1421 1 1741
2 1 716 1 1036
2 1 715 1 1035
2 1 908 1 2188
2 1 907 1 2187
2 1 714 1 1994
2 1 1034 1 1994
2 1 714 1 1034
2 1 906 1 1866
2 1 905 1 2185
2 1 968 1 1288
2 1 968 1 1608
2 1 1288 1 1608
2 1 1417 1 2057
2 1 841 1 1481
2 1 1287 1 1607
2 1 967 1 1607
2 1 967 1 1287
2 1 1160 1 1480
2 1 711 1 1031
2 1 710 1 1030
2 1 1862 1 2182
2 1 902 1 1862
2 1 902 1 2182
2 1 709 1 1029
2 1 1413 1 2053
2 1 1028 1 1988
2 1 708 1 1988
2 1 708 1 1028
2 1 901 1 2181
2 1 1412 1 2052
2 1 707 1 1987
2 1 1155 1 1475
2 1 834 1 1474
2 1 834 1 1154
2 1 1154 1 1474
2 1 705 1 1025
2 1 1409 1 2049
2 1 704 1 1984
