529 2240
2 1 1462 1 2102
2 1 1461 1 1781
2 1 1781 1 2101
2 1 1461 1 2101
2 1 1784 1 2104
2 1 1766 1 2086
2 1 1464 1 1784
2 1 1444 1 1764
2 1 1764 1 2084
2 1 1444 1 2084
2 1 1762 1 2082
2 1 1441 1 2081
2 1 1464 1 2104
2 1 1440 1 2080
2 1 1440 1 1760
2 1 1760 1 2080
2 1 1758 1 2078
2 1 1751 1 2071
2 1 1431 1 1751
2 1 1431 1 2071
2 1 1745 1 2065
2 1 1744 1 2064
2 1 1424 1 2064
2 1 1424 1 1744
2 1 1743 1 2063
2 1 1421 1 2061
2 1 1421 1 1741
2 1 1741 1 2061
2 1 1423 1 2063
2 1 1740 1 2060
2 1 1418 1 1738
2 1 1419 1 2059
2 1 1423 1 1743
2 1 1418 1 2058
2 1 1738 1 2058
2 1 1730 1 2050
2 1 975 1 1295
2 1 1290 1 1610
2 1 970 1 1610
2 1 973 1 1613
2 1 968 1 1608
2 1 970 1 1290
2 1 1470 1 1790
2 1 1019 1 1659
2 1 1021 1 1661
2 1 1339 1 1659
2 1 1019 1 1339
2 1 1017 1 1337
2 1 1018 1 1338
2 1 1018 1 1658
2 1 1338 1 1658
2 1 1004 1 1644
2 1 1003 1 1643
2 1 1468 1 1788
2 1 1323 1 1643
2 1 1003 1 1323
2 1 997 1 1317
2 1 995 1 1315
2 1 995 1 1635
2 1 1315 1 1635
2 1 1311 1 1631
2 1 983 1 1623
2 1 981 1 1621
2 1 1299 1 1619
2 1 977 1 1297
2 1 976 1 1296
2 1 1411 1 1731
2 1 833 1 1473
2 1 1153 1 1473
2 1 833 1 1153
2 1 1728 1 2048
2 1 834 1 1154
2 1 961 1 1281
2 1 1281 1 1601
2 1 961 1 1601
2 1 1791 1 2111
2 1 1280 1 1600
2 1 1469 1 1789
2 1 1214 1 1534
2 1 892 1 1212
2 1 894 1 1534
2 1 894 1 1214
2 1 1208 1 1528
2 1 891 1 1211
2 1 887 1 1527
2 1 1206 1 1526
2 1 885 1 1525
2 1 1205 1 1525
2 1 885 1 1205
2 1 1333 1 1653
2 1 1455 1 1775
2 1 1774 1 2094
2 1 1454 1 1774
2 1 1454 1 2094
2 1 1327 1 1647
2 1 1012 1 1652
2 1 875 1 1515
2 1 877 1 1197
2 1 875 1 1195
2 1 1195 1 1515
2 1 1322 1 1642
2 1 874 1 1514
2 1 1001 1 1641
2 1 1448 1 1768
2 1 877 1 1517
2 1 1447 1 2087
2 1 1197 1 1517
2 1 870 1 1190
2 1 870 1 1510
2 1 1190 1 1510
2 1 1188 1 1508
2 1 867 1 1507
2 1 1187 1 1507
2 1 867 1 1187
2 1 1186 1 1506
2 1 866 1 1186
2 1 866 1 1506
2 1 1185 1 1505
2 1 865 1 1185
2 1 865 1 1505
2 1 864 1 1184
2 1 864 1 1504
2 1 1184 1 1504
2 1 1759 1 2079
2 1 1439 1 1759
2 1 1439 1 2079
2 1 1182 1 1502
2 1 862 1 1182
2 1 862 1 1502
2 1 861 1 1181
2 1 1181 1 1501
2 1 861 1 1501
2 1 854 1 1174
2 1 854 1 1494
2 1 1174 1 1494
2 1 982 1 1302
2 1 982 1 1622
2 1 1302 1 1622
2 1 1170 1 1490
2 1 852 1 1172
2 1 988 1 1308
2 1 849 1 1169
2 1 848 1 1488
2 1 847 1 1487
2 1 846 1 1486
2 1 1165 1 1485
2 1 1164 1 1484
2 1 844 1 1484
2 1 844 1 1164
2 1 843 1 1483
2 1 842 1 1482
2 1 1162 1 1482
2 1 842 1 1162
2 1 841 1 1161
2 1 841 1 1481
2 1 1161 1 1481
2 1 969 1 1609
2 1 969 1 1289
2 1 1289 1 1609
2 1 1413 1 2053
2 1 965 1 1285
2 1 1412 1 1732
2 1 1343 1 1663
2 1 1023 1 1663
2 1 1023 1 1343
2 1 767 1 2047
2 1 895 1 1535
2 1 1342 1 1662
2 1 1086 1 2046
2 1 893 1 1213
2 1 957 1 2237
2 1 764 1 2044
2 1 764 1 1084
2 1 1084 1 2044
2 1 763 1 1083
2 1 1083 1 2043
2 1 763 1 2043
2 1 1787 1 2107
2 1 1467 1 1787
2 1 1467 1 2107
2 1 955 1 1915
2 1 1915 1 2235
2 1 955 1 2235
2 1 1082 1 2042
2 1 762 1 2042
2 1 762 1 1082
2 1 1081 1 2041
2 1 1914 1 2234
2 1 954 1 2234
2 1 954 1 1914
2 1 1785 1 2105
2 1 1465 1 2105
2 1 1465 1 1785
2 1 953 1 2233
2 1 1080 1 2040
2 1 759 1 1079
2 1 759 1 2039
2 1 1079 1 2039
2 1 1912 1 2232
2 1 952 1 2232
2 1 952 1 1912
2 1 1463 1 2103
2 1 951 1 1911
2 1 951 1 2231
2 1 1911 1 2231
2 1 758 1 2038
2 1 758 1 1078
2 1 1078 1 2038
2 1 757 1 1077
2 1 1908 1 2228
2 1 948 1 2228
2 1 948 1 1908
2 1 884 1 1524
2 1 884 1 1204
2 1 1204 1 1524
2 1 1331 1 1651
2 1 1011 1 1651
2 1 1011 1 1331
2 1 1779 1 2099
2 1 1459 1 1779
2 1 1459 1 2099
2 1 883 1 1203
2 1 1009 1 1329
2 1 1329 1 1649
2 1 1009 1 1649
2 1 1778 1 2098
2 1 1202 1 1522
2 1 1906 1 2226
2 1 1201 1 1521
2 1 1457 1 1777
2 1 1008 1 1328
2 1 751 1 2031
2 1 1904 1 2224
2 1 750 1 2030
2 1 1903 1 2223
2 1 943 1 2223
2 1 943 1 1903
2 1 1326 1 1646
2 1 1902 1 2222
2 1 1005 1 1645
2 1 1325 1 1645
2 1 1005 1 1325
2 1 878 1 1198
2 1 749 1 1069
2 1 749 1 2029
2 1 1069 1 2029
2 1 1901 1 2221
2 1 1773 1 2093
2 1 1453 1 1773
2 1 1453 1 2093
2 1 1068 1 2028
2 1 748 1 1068
2 1 748 1 2028
2 1 747 1 1067
2 1 1900 1 2220
2 1 940 1 1900
2 1 940 1 2220
2 1 939 1 1899
2 1 1066 1 2026
2 1 746 1 2026
2 1 746 1 1066
2 1 938 1 1898
2 1 745 1 2025
2 1 1769 1 2089
2 1 1000 1 1320
2 1 1000 1 1640
2 1 1320 1 1640
2 1 999 1 1639
2 1 1192 1 1512
2 1 743 1 2023
2 1 871 1 1191
2 1 742 1 1062
2 1 998 1 1638
2 1 933 1 2213
2 1 996 1 1636
2 1 996 1 1316
2 1 1316 1 1636
2 1 1765 1 2085
2 1 1445 1 1765
2 1 1445 1 2085
2 1 869 1 1509
2 1 1189 1 1509
2 1 869 1 1189
2 1 740 1 1060
2 1 1060 1 2020
2 1 740 1 2020
2 1 1059 1 2019
2 1 931 1 1891
2 1 931 1 2211
2 1 1891 1 2211
2 1 1058 1 2018
2 1 930 1 1890
2 1 737 1 1057
2 1 929 1 2209
2 1 929 1 1889
2 1 1889 1 2209
2 1 736 1 2016
2 1 736 1 1056
2 1 1056 1 2016
2 1 928 1 1888
2 1 1310 1 1630
2 1 863 1 1183
2 1 863 1 1503
2 1 1183 1 1503
2 1 927 1 2207
2 1 734 1 1054
2 1 1886 1 2206
2 1 1053 1 2013
2 1 733 1 2013
2 1 733 1 1053
2 1 1885 1 2205
2 1 925 1 1885
2 1 925 1 2205
2 1 1437 1 1757
2 1 732 1 2012
2 1 1436 1 2076
2 1 731 1 2011
2 1 987 1 1627
2 1 987 1 1307
2 1 1307 1 1627
2 1 924 1 2204
2 1 1884 1 2204
2 1 924 1 1884
2 1 986 1 1306
2 1 1435 1 2075
2 1 730 1 2010
2 1 985 1 1305
2 1 985 1 1625
2 1 1305 1 1625
2 1 1434 1 1754
2 1 729 1 1049
2 1 1433 1 1753
2 1 1048 1 2008
2 1 728 1 2008
2 1 728 1 1048
2 1 1881 1 2201
2 1 1432 1 1752
2 1 1047 1 2007
2 1 727 1 2007
2 1 727 1 1047
2 1 1880 1 2200
2 1 920 1 1880
2 1 920 1 2200
2 1 1046 1 2006
2 1 726 1 1046
2 1 726 1 2006
2 1 919 1 1879
2 1 919 1 2199
2 1 1879 1 2199
2 1 918 1 1878
2 1 1878 1 2198
2 1 918 1 2198
2 1 725 1 2005
2 1 1173 1 1493
2 1 853 1 1493
2 1 853 1 1173
2 1 980 1 1620
2 1 1300 1 1620
2 1 980 1 1300
2 1 1044 1 2004
2 1 915 1 2195
2 1 978 1 1618
2 1 978 1 1298
2 1 1298 1 1618
2 1 851 1 1171
2 1 722 1 2002
2 1 722 1 1042
2 1 1042 1 2002
2 1 1873 1 2193
2 1 913 1 1873
2 1 913 1 2193
2 1 720 1 2000
2 1 720 1 1040
2 1 1040 1 2000
2 1 912 1 1872
2 1 912 1 2192
2 1 1872 1 2192
2 1 719 1 1039
2 1 911 1 1871
2 1 1871 1 2191
2 1 911 1 2191
2 1 1038 1 1998
2 1 718 1 1038
2 1 718 1 1998
2 1 910 1 1870
2 1 910 1 2190
2 1 1870 1 2190
2 1 1742 1 2062
2 1 1422 1 1742
2 1 1422 1 2062
2 1 1037 1 1997
2 1 717 1 1997
2 1 717 1 1037
2 1 716 1 1036
2 1 1036 1 1996
2 1 716 1 1996
2 1 909 1 2189
2 1 908 1 2188
2 1 908 1 1868
2 1 1868 1 2188
2 1 715 1 1035
2 1 907 1 1867
2 1 1867 1 2187
2 1 907 1 2187
2 1 714 1 1034
2 1 906 1 1866
2 1 905 1 1865
2 1 905 1 2185
2 1 1865 1 2185
2 1 1417 1 1737
2 1 967 1 1607
2 1 1287 1 1607
2 1 967 1 1287
2 1 1031 1 1991
2 1 1864 1 2184
2 1 904 1 2184
2 1 904 1 1864
2 1 710 1 1030
2 1 1030 1 1990
2 1 710 1 1990
2 1 902 1 2182
2 1 1862 1 2182
2 1 902 1 1862
2 1 963 1 1283
2 1 1283 1 1603
2 1 963 1 1603
2 1 707 1 1987
2 1 836 1 1156
2 1 836 1 1476
2 1 1156 1 1476
2 1 835 1 1155
2 1 706 1 1026
2 1 1858 1 2178
2 1 705 1 1025
2 1 1409 1 1729
2 1 1729 1 2049
2 1 1409 1 2049
2 1 897 1 2177
2 1 896 1 2176
2 1 897 1 1857
2 1 1857 1 2177
2 1 896 1 1856
2 1 1856 1 2176
3 1 492 1 917 1 2197
3 1 488 1 977 1 1937
3 1 592 1 948 1 1268
3 1 488 1 1297 1 1937
3 1 349 1 1062 1 1382
3 1 349 1 742 1 1382
3 1 363 1 756 1 1396
3 1 586 1 1262 1 2222
3 1 530 1 790 1 2070
3 1 586 1 1262 1 1902
3 1 495 1 1624 1 1944
3 1 445 1 1750 1 2070
3 1 608 1 1220 1 1860
3 1 592 1 1268 1 1908
3 1 592 1 1268 1 2228
3 1 466 1 1019 1 1979
3 1 466 1 1339 1 1979
3 1 531 1 791 1 1751
3 1 531 1 791 1 2071
3 1 531 1 791 1 1431
3 1 540 1 800 1 2080
3 1 540 1 800 1 1760
3 1 540 1 800 1 1440
3 1 496 1 1305 1 1945
3 1 496 1 985 1 1945
3 1 496 1 1625 1 1945
3 1 546 1 806 1 2086
3 1 546 1 806 1 1766
3 1 577 1 933 1 1253
3 1 577 1 1253 1 2213
3 1 543 1 803 1 2083
3 1 394 1 1763 1 2083
3 1 564 1 824 1 1464
3 1 426 1 835 1 1795
3 1 401 1 874 1 1834
3 1 564 1 824 1 1784
3 1 413 1 1782 1 2102
3 1 413 1 1462 1 1782
3 1 475 1 1860 1 2180
3 1 378 1 707 1 1347
3 1 564 1 824 1 2104
3 1 538 1 798 1 1758
3 1 538 1 798 1 2078
3 1 552 1 812 1 2092
3 1 542 1 802 1 1762
3 1 625 1 917 1 1237
3 1 450 1 1323 1 1963
3 1 403 1 1772 1 2092
3 1 342 1 735 1 1375
3 1 486 1 1295 1 1935
3 1 542 1 802 1 2082
3 1 541 1 801 1 2081
3 1 441 1 1490 1 1810
3 1 541 1 801 1 1441
3 1 551 1 811 1 2091
3 1 426 1 1155 1 1795
3 1 402 1 1771 1 2091
3 1 392 1 1441 1 1761
3 1 392 1 1761 1 2081
3 1 328 1 1041 1 1361
3 1 561 1 821 1 1461
3 1 562 1 822 1 1462
3 1 615 1 1227 1 1867
3 1 562 1 822 1 2102
3 1 561 1 821 1 1781
3 1 332 1 725 1 1365
3 1 524 1 784 1 2064
3 1 561 1 821 1 2101
3 1 615 1 907 1 1227
3 1 524 1 784 1 1744
3 1 597 1 889 1 1209
3 1 544 1 804 1 2084
3 1 544 1 804 1 1444
3 1 544 1 804 1 1764
3 1 524 1 784 1 1424
3 1 526 1 786 1 1746
3 1 428 1 1733 1 2053
3 1 477 1 1286 1 1926
3 1 378 1 1347 1 1987
3 1 450 1 939 1 2219
3 1 475 1 964 1 1924
3 1 377 1 1026 1 1346
3 1 606 1 1218 1 1858
3 1 357 1 1390 1 2030
3 1 442 1 851 1 1811
3 1 372 1 1021 1 1341
