437 2240
2 1 1791 1 2111
2 1 1790 1 2110
2 1 1468 1 2108
2 1 1470 1 1790
2 1 1782 1 2102
2 1 1780 1 2100
2 1 1470 1 2110
2 1 1777 1 2097
2 1 1764 1 2084
2 1 1444 1 1764
2 1 1450 1 2090
2 1 1444 1 2084
2 1 1770 1 2090
2 1 1443 1 2083
2 1 1759 1 2079
2 1 1441 1 1761
2 1 1761 1 2081
2 1 1450 1 1770
2 1 1441 1 2081
2 1 1438 1 2078
2 1 1437 1 1757
2 1 1757 1 2077
2 1 1437 1 2077
2 1 1434 1 2074
2 1 1434 1 1754
2 1 1754 1 2074
2 1 1432 1 2072
2 1 1749 1 2069
2 1 1429 1 1749
2 1 1429 1 2069
2 1 1428 1 2068
2 1 1428 1 1748
2 1 1748 1 2068
2 1 1742 1 2062
2 1 1422 1 2062
2 1 1422 1 1742
2 1 1420 1 2060
2 1 1417 1 2057
2 1 1410 1 1730
2 1 1730 1 2050
2 1 1410 1 2050
2 1 1291 1 1611
2 1 970 1 1610
2 1 1413 1 1733
2 1 973 1 1293
2 1 967 1 1607
2 1 964 1 1604
2 1 961 1 1601
2 1 961 1 1281
2 1 1281 1 1601
2 1 1019 1 1659
2 1 1339 1 1659
2 1 1019 1 1339
2 1 1016 1 1336
2 1 1333 1 1653
2 1 1013 1 1653
2 1 1013 1 1333
2 1 1001 1 1641
2 1 1320 1 1640
2 1 1000 1 1320
2 1 1000 1 1640
2 1 1312 1 1632
2 1 992 1 1312
2 1 994 1 1634
2 1 992 1 1632
2 1 990 1 1310
2 1 989 1 1629
2 1 1307 1 1627
2 1 987 1 1627
2 1 987 1 1307
2 1 985 1 1625
2 1 1433 1 1753
2 1 983 1 1303
2 1 1303 1 1623
2 1 983 1 1623
2 1 1302 1 1622
2 1 982 1 1622
2 1 982 1 1302
2 1 1430 1 1750
2 1 981 1 1301
2 1 1299 1 1619
2 1 979 1 1619
2 1 979 1 1299
2 1 834 1 1474
2 1 1409 1 2049
2 1 832 1 1472
2 1 894 1 1534
2 1 894 1 1214
2 1 1214 1 1534
2 1 1342 1 1662
2 1 895 1 1215
2 1 1017 1 1657
2 1 1207 1 1527
2 1 1461 1 1781
2 1 1334 1 1654
2 1 1014 1 1334
2 1 1014 1 1654
2 1 1202 1 1522
2 1 884 1 1204
2 1 882 1 1522
2 1 882 1 1202
2 1 1201 1 1521
2 1 1329 1 1649
2 1 1456 1 1776
2 1 1771 1 2091
2 1 1324 1 1644
2 1 1004 1 1324
2 1 1004 1 1644
2 1 874 1 1514
2 1 999 1 1639
2 1 1193 1 1513
2 1 873 1 1513
2 1 873 1 1193
2 1 998 1 1638
2 1 1318 1 1638
2 1 998 1 1318
2 1 867 1 1507
2 1 867 1 1187
2 1 1187 1 1507
2 1 1315 1 1635
2 1 995 1 1315
2 1 995 1 1635
2 1 865 1 1185
2 1 1760 1 2080
2 1 1440 1 2080
2 1 1440 1 1760
2 1 863 1 1503
2 1 1182 1 1502
2 1 862 1 1182
2 1 862 1 1502
2 1 861 1 1501
2 1 1181 1 1501
2 1 861 1 1181
2 1 860 1 1500
2 1 1755 1 2075
2 1 1435 1 1755
2 1 1435 1 2075
2 1 1178 1 1498
2 1 858 1 1498
2 1 858 1 1178
2 1 857 1 1177
2 1 1177 1 1497
2 1 857 1 1497
2 1 856 1 1176
2 1 855 1 1495
2 1 1174 1 1494
2 1 853 1 1173
2 1 1172 1 1492
2 1 852 1 1492
2 1 852 1 1172
2 1 1427 1 2067
2 1 1747 1 2067
2 1 1427 1 1747
2 1 850 1 1170
2 1 850 1 1490
2 1 1170 1 1490
2 1 1745 1 2065
2 1 1425 1 1745
2 1 1425 1 2065
2 1 1297 1 1617
2 1 977 1 1297
2 1 977 1 1617
2 1 1166 1 1486
2 1 847 1 1167
2 1 1294 1 1614
2 1 974 1 1294
2 1 974 1 1614
2 1 843 1 1483
2 1 840 1 1160
2 1 840 1 1480
2 1 1160 1 1480
2 1 1158 1 1478
2 1 1157 1 1477
2 1 965 1 1605
2 1 1285 1 1605
2 1 965 1 1285
2 1 767 1 1087
2 1 1087 1 2047
2 1 767 1 2047
2 1 959 1 1919
2 1 766 1 1086
2 1 958 1 2238
2 1 765 1 2045
2 1 957 1 1917
2 1 1917 1 2237
2 1 957 1 2237
2 1 1789 1 2109
2 1 893 1 1213
2 1 1213 1 1533
2 1 893 1 1533
2 1 1340 1 1660
2 1 764 1 1084
2 1 1084 1 2044
2 1 1020 1 1660
2 1 764 1 2044
2 1 1020 1 1340
2 1 1916 1 2236
2 1 1018 1 1338
2 1 1018 1 1658
2 1 1338 1 1658
2 1 891 1 1211
2 1 891 1 1531
2 1 1211 1 1531
2 1 1082 1 2042
2 1 762 1 1082
2 1 762 1 2042
2 1 1466 1 1786
2 1 1081 1 2041
2 1 1785 1 2105
2 1 1465 1 1785
2 1 1465 1 2105
2 1 760 1 2040
2 1 953 1 2233
2 1 1335 1 1655
2 1 1464 1 2104
2 1 1208 1 1528
2 1 759 1 1079
2 1 1079 1 2039
2 1 759 1 2039
2 1 952 1 2232
2 1 1078 1 2038
2 1 758 1 1078
2 1 758 1 2038
2 1 950 1 1910
2 1 885 1 1205
2 1 1205 1 1525
2 1 885 1 1525
2 1 949 1 2229
2 1 1332 1 1652
2 1 756 1 1076
2 1 1076 1 2036
2 1 756 1 2036
2 1 1908 1 2228
2 1 755 1 2035
2 1 1330 1 1650
2 1 883 1 1523
2 1 947 1 2227
2 1 1907 1 2227
2 1 947 1 1907
2 1 754 1 2034
2 1 754 1 1074
2 1 1074 1 2034
2 1 1778 1 2098
2 1 753 1 1073
2 1 1073 1 2033
2 1 753 1 2033
2 1 752 1 2032
2 1 945 1 1905
2 1 945 1 2225
2 1 1905 1 2225
2 1 944 1 1904
2 1 944 1 2224
2 1 1904 1 2224
2 1 1007 1 1647
2 1 1007 1 1327
2 1 1327 1 1647
2 1 880 1 1520
2 1 1455 1 1775
2 1 1775 1 2095
2 1 1455 1 2095
2 1 879 1 1199
2 1 1903 1 2223
2 1 1070 1 2030
2 1 750 1 2030
2 1 750 1 1070
2 1 1774 1 2094
2 1 1454 1 2094
2 1 1454 1 1774
2 1 1069 1 2029
2 1 749 1 2029
2 1 749 1 1069
2 1 1902 1 2222
2 1 1453 1 1773
2 1 1773 1 2093
2 1 1453 1 2093
2 1 1068 1 2028
2 1 941 1 1901
2 1 1901 1 2221
2 1 941 1 2221
2 1 1772 1 2092
2 1 1452 1 2092
2 1 1452 1 1772
2 1 747 1 2027
2 1 1900 1 2220
2 1 940 1 2220
2 1 940 1 1900
2 1 1195 1 1515
2 1 1066 1 2026
2 1 746 1 2026
2 1 746 1 1066
2 1 1899 1 2219
2 1 939 1 1899
2 1 939 1 2219
2 1 1898 1 2218
2 1 1065 1 2025
2 1 937 1 1897
2 1 1897 1 2217
2 1 937 1 2217
2 1 1449 1 2089
2 1 744 1 2024
2 1 1064 1 2024
2 1 744 1 1064
2 1 936 1 1896
2 1 935 1 1895
2 1 934 1 1894
2 1 997 1 1637
2 1 870 1 1510
2 1 1190 1 1510
2 1 870 1 1190
2 1 740 1 2020
2 1 740 1 1060
2 1 1060 1 2020
2 1 1892 1 2212
2 1 931 1 2211
2 1 930 1 1890
2 1 866 1 1186
2 1 866 1 1506
2 1 1186 1 1506
2 1 1057 1 2017
2 1 1889 1 2209
2 1 928 1 2208
2 1 928 1 1888
2 1 1888 1 2208
2 1 991 1 1631
2 1 1311 1 1631
2 1 991 1 1311
2 1 864 1 1504
2 1 735 1 1055
2 1 1887 1 2207
2 1 926 1 2206
2 1 1886 1 2206
2 1 926 1 1886
2 1 1053 1 2013
2 1 925 1 1885
2 1 732 1 1052
2 1 924 1 2204
2 1 1884 1 2204
2 1 924 1 1884
2 1 731 1 2011
2 1 986 1 1306
2 1 730 1 2010
2 1 730 1 1050
2 1 1050 1 2010
2 1 1882 1 2202
2 1 1049 1 2009
2 1 921 1 2201
2 1 1048 1 2008
2 1 920 1 1880
2 1 1880 1 2200
2 1 920 1 2200
2 1 1047 1 2007
2 1 727 1 2007
2 1 727 1 1047
2 1 1751 1 2071
2 1 1431 1 1751
2 1 1431 1 2071
2 1 726 1 1046
2 1 1046 1 2006
2 1 726 1 2006
2 1 918 1 2198
2 1 917 1 2197
2 1 1877 1 2197
2 1 917 1 1877
2 1 1044 1 2004
2 1 916 1 2196
2 1 1876 1 2196
2 1 916 1 1876
2 1 851 1 1171
2 1 1171 1 1491
2 1 851 1 1491
2 1 915 1 2195
2 1 722 1 1042
2 1 849 1 1169
2 1 913 1 1873
2 1 1295 1 1615
2 1 848 1 1488
2 1 1168 1 1488
2 1 848 1 1168
2 1 719 1 1039
2 1 1039 1 1999
2 1 719 1 1999
2 1 1423 1 2063
2 1 1871 1 2191
2 1 1038 1 1998
2 1 718 1 1038
2 1 718 1 1998
2 1 717 1 1997
2 1 910 1 1870
2 1 845 1 1485
2 1 1421 1 1741
2 1 1869 1 2189
2 1 909 1 2189
2 1 909 1 1869
2 1 716 1 1996
2 1 716 1 1036
2 1 1036 1 1996
2 1 1035 1 1995
2 1 715 1 1035
2 1 715 1 1995
2 1 1868 1 2188
2 1 907 1 1867
2 1 1739 1 2059
2 1 1419 1 1739
2 1 1419 1 2059
2 1 714 1 1034
2 1 713 1 1993
2 1 1033 1 1993
2 1 713 1 1033
2 1 906 1 1866
2 1 906 1 2186
2 1 1866 1 2186
2 1 712 1 1032
2 1 1032 1 1992
2 1 712 1 1992
2 1 904 1 1864
2 1 966 1 1606
2 1 966 1 1286
2 1 1286 1 1606
2 1 1735 1 2055
2 1 1415 1 2055
2 1 1415 1 1735
2 1 900 1 2180
2 1 963 1 1283
2 1 1027 1 1987
2 1 836 1 1156
2 1 1026 1 1986
2 1 706 1 1026
2 1 706 1 1986
2 1 898 1 1858
2 1 1280 1 1600
2 1 833 1 1473
2 1 1153 1 1473
2 1 833 1 1153
2 1 1857 1 2177
2 1 897 1 2177
2 1 897 1 1857
2 1 1024 1 1984
