580 2240
2 1 1782 1 2102
2 1 1459 1 1779
2 1 1779 1 2099
2 1 1459 1 2099
2 1 1781 1 2101
2 1 1777 1 2097
2 1 1457 1 2097
2 1 1457 1 1777
2 1 1456 1 1776
2 1 1461 1 2101
2 1 1456 1 2096
2 1 1461 1 1781
2 1 1776 1 2096
2 1 1455 1 1775
2 1 1775 1 2095
2 1 1455 1 2095
2 1 1454 1 2094
2 1 1454 1 1774
2 1 1774 1 2094
2 1 1772 1 2092
2 1 1452 1 2092
2 1 1452 1 1772
2 1 1449 1 1769
2 1 1449 1 2089
2 1 1769 1 2089
2 1 1443 1 2083
2 1 1440 1 2080
2 1 1437 1 2077
2 1 1436 1 2076
2 1 1754 1 2074
2 1 1434 1 1754
2 1 1434 1 2074
2 1 1751 1 2071
2 1 1748 1 2068
2 1 1426 1 2066
2 1 1426 1 1746
2 1 1746 1 2066
2 1 1736 1 2056
2 1 1293 1 1613
2 1 1411 1 2051
2 1 1422 1 1742
2 1 973 1 1293
2 1 973 1 1613
2 1 1731 1 2051
2 1 1411 1 1731
2 1 968 1 1288
2 1 1022 1 1662
2 1 1020 1 1340
2 1 1340 1 1660
2 1 1020 1 1660
2 1 1015 1 1655
2 1 1012 1 1652
2 1 1328 1 1648
2 1 1007 1 1647
2 1 1007 1 1327
2 1 1327 1 1647
2 1 1314 1 1634
2 1 994 1 1634
2 1 994 1 1314
2 1 1312 1 1632
2 1 991 1 1631
2 1 1442 1 1762
2 1 991 1 1311
2 1 1439 1 1759
2 1 1311 1 1631
2 1 990 1 1310
2 1 988 1 1628
2 1 986 1 1626
2 1 1304 1 1624
2 1 1301 1 1621
2 1 981 1 1621
2 1 981 1 1301
2 1 979 1 1299
2 1 1299 1 1619
2 1 979 1 1619
2 1 1155 1 1475
2 1 834 1 1474
2 1 1409 1 1729
2 1 1409 1 2049
2 1 1729 1 2049
2 1 1468 1 1788
2 1 891 1 1211
2 1 1466 1 1786
2 1 1018 1 1658
2 1 888 1 1208
2 1 1783 1 2103
2 1 1206 1 1526
2 1 886 1 1206
2 1 885 1 1525
2 1 1460 1 1780
2 1 1460 1 2100
2 1 1780 1 2100
2 1 886 1 1526
2 1 1013 1 1333
2 1 883 1 1203
2 1 883 1 1523
2 1 1203 1 1523
2 1 1458 1 1778
2 1 1778 1 2098
2 1 1458 1 2098
2 1 881 1 1521
2 1 880 1 1520
2 1 880 1 1200
2 1 1200 1 1520
2 1 1199 1 1519
2 1 879 1 1199
2 1 879 1 1519
2 1 878 1 1518
2 1 1198 1 1518
2 1 878 1 1198
2 1 1453 1 1773
2 1 876 1 1196
2 1 1003 1 1323
2 1 1003 1 1643
2 1 1323 1 1643
2 1 873 1 1193
2 1 1447 1 2087
2 1 1767 1 2087
2 1 1192 1 1512
2 1 872 1 1192
2 1 872 1 1512
2 1 1447 1 1767
2 1 1000 1 1640
2 1 999 1 1319
2 1 1446 1 1766
2 1 1764 1 2084
2 1 867 1 1507
2 1 1187 1 1507
2 1 867 1 1187
2 1 966 1 1286
2 1 1286 1 1606
2 1 966 1 1606
2 1 866 1 1506
2 1 866 1 1186
2 1 1186 1 1506
2 1 865 1 1185
2 1 1184 1 1504
2 1 864 1 1184
2 1 864 1 1504
2 1 863 1 1503
2 1 862 1 1182
2 1 860 1 1500
2 1 859 1 1179
2 1 1179 1 1499
2 1 859 1 1499
2 1 1178 1 1498
2 1 1177 1 1497
2 1 857 1 1497
2 1 857 1 1177
2 1 1175 1 1495
2 1 1174 1 1494
2 1 854 1 1174
2 1 854 1 1494
2 1 982 1 1302
2 1 852 1 1172
2 1 851 1 1491
2 1 1171 1 1491
2 1 851 1 1171
2 1 978 1 1298
2 1 978 1 1618
2 1 1298 1 1618
2 1 1424 1 2064
2 1 847 1 1167
2 1 1167 1 1487
2 1 847 1 1487
2 1 1421 1 2061
2 1 1294 1 1614
2 1 974 1 1614
2 1 974 1 1294
2 1 844 1 1484
2 1 1418 1 1738
2 1 1418 1 2058
2 1 1738 1 2058
2 1 841 1 1161
2 1 1161 1 1481
2 1 841 1 1481
2 1 840 1 1160
2 1 839 1 1479
2 1 838 1 1158
2 1 1285 1 1605
2 1 1856 1 2176
2 1 832 1 1472
2 1 1023 1 1663
2 1 1087 1 2047
2 1 767 1 1087
2 1 767 1 2047
2 1 1790 1 2110
2 1 1021 1 1661
2 1 958 1 1918
2 1 958 1 2238
2 1 1918 1 2238
2 1 1789 1 2109
2 1 764 1 2044
2 1 1917 1 2237
2 1 1083 1 2043
2 1 1019 1 1659
2 1 1339 1 1659
2 1 1019 1 1339
2 1 956 1 1916
2 1 1916 1 2236
2 1 956 1 2236
2 1 1915 1 2235
2 1 954 1 1914
2 1 1017 1 1657
2 1 1913 1 2233
2 1 1016 1 1656
2 1 1016 1 1336
2 1 1336 1 1656
2 1 760 1 2040
2 1 760 1 1080
2 1 1080 1 2040
2 1 759 1 2039
2 1 1014 1 1654
2 1 887 1 1527
2 1 1910 1 2230
2 1 1077 1 2037
2 1 949 1 2229
2 1 949 1 1909
2 1 1909 1 2229
2 1 756 1 2036
2 1 948 1 2228
2 1 884 1 1524
2 1 1011 1 1651
2 1 1331 1 1651
2 1 1011 1 1331
2 1 1907 1 2227
2 1 946 1 2226
2 1 946 1 1906
2 1 1906 1 2226
2 1 1009 1 1649
2 1 1202 1 1522
2 1 882 1 1202
2 1 882 1 1522
2 1 753 1 1073
2 1 753 1 2033
2 1 1073 1 2033
2 1 1904 1 2224
2 1 944 1 2224
2 1 944 1 1904
2 1 751 1 1071
2 1 1071 1 2031
2 1 751 1 2031
2 1 943 1 1903
2 1 943 1 2223
2 1 1903 1 2223
2 1 1902 1 2222
2 1 942 1 2222
2 1 942 1 1902
2 1 1901 1 2221
2 1 941 1 2221
2 1 941 1 1901
2 1 877 1 1517
2 1 748 1 2028
2 1 1324 1 1644
2 1 1004 1 1324
2 1 748 1 1068
2 1 1068 1 2028
2 1 1004 1 1644
2 1 1900 1 2220
2 1 1451 1 2091
2 1 1451 1 1771
2 1 1771 1 2091
2 1 875 1 1515
2 1 939 1 1899
2 1 1899 1 2219
2 1 939 1 2219
2 1 1321 1 1641
2 1 1001 1 1641
2 1 1001 1 1321
2 1 1194 1 1514
2 1 745 1 1065
2 1 745 1 2025
2 1 1065 1 2025
2 1 744 1 1064
2 1 744 1 2024
2 1 1064 1 2024
2 1 1448 1 2088
2 1 936 1 1896
2 1 936 1 2216
2 1 1896 1 2216
2 1 1191 1 1511
2 1 1318 1 1638
2 1 998 1 1638
2 1 998 1 1318
2 1 1894 1 2214
2 1 1190 1 1510
2 1 870 1 1190
2 1 870 1 1510
2 1 997 1 1317
2 1 997 1 1637
2 1 1317 1 1637
2 1 741 1 2021
2 1 1893 1 2213
2 1 1316 1 1636
2 1 996 1 1636
2 1 996 1 1316
2 1 1445 1 1765
2 1 869 1 1189
2 1 1315 1 1635
2 1 739 1 1059
2 1 1891 1 2211
2 1 738 1 1058
2 1 1058 1 2018
2 1 738 1 2018
2 1 737 1 2017
2 1 1057 1 2017
2 1 737 1 1057
2 1 929 1 1889
2 1 1889 1 2209
2 1 929 1 2209
2 1 736 1 1056
2 1 736 1 2016
2 1 1056 1 2016
2 1 928 1 1888
2 1 735 1 1055
2 1 735 1 2015
2 1 1055 1 2015
2 1 734 1 1054
2 1 1886 1 2206
2 1 926 1 2206
2 1 926 1 1886
2 1 732 1 1052
2 1 925 1 1885
2 1 924 1 1884
2 1 731 1 1051
2 1 731 1 2011
2 1 1051 1 2011
2 1 1435 1 1755
2 1 1435 1 2075
2 1 1755 1 2075
2 1 730 1 1050
2 1 729 1 2009
2 1 729 1 1049
2 1 1049 1 2009
2 1 1882 1 2202
2 1 922 1 2202
2 1 922 1 1882
2 1 1881 1 2201
2 1 921 1 2201
2 1 921 1 1881
2 1 983 1 1303
2 1 1432 1 2072
2 1 856 1 1176
2 1 727 1 1047
2 1 918 1 1878
2 1 918 1 2198
2 1 1878 1 2198
2 1 724 1 1044
2 1 724 1 2004
2 1 1044 1 2004
2 1 917 1 1877
2 1 723 1 1043
2 1 723 1 2003
2 1 1043 1 2003
2 1 1875 1 2195
2 1 915 1 1875
2 1 915 1 2195
2 1 722 1 1042
2 1 1042 1 2002
2 1 722 1 2002
2 1 721 1 2001
2 1 1296 1 1616
2 1 849 1 1489
2 1 849 1 1169
2 1 1169 1 1489
2 1 913 1 2193
2 1 720 1 2000
2 1 975 1 1295
2 1 848 1 1168
2 1 719 1 1999
2 1 719 1 1039
2 1 1039 1 1999
2 1 718 1 1998
2 1 718 1 1038
2 1 1038 1 1998
2 1 717 1 1997
2 1 910 1 2190
2 1 1869 1 2189
2 1 909 1 1869
2 1 909 1 2189
2 1 972 1 1292
2 1 972 1 1612
2 1 1292 1 1612
2 1 845 1 1165
2 1 716 1 1036
2 1 1036 1 1996
2 1 716 1 1996
2 1 715 1 1995
2 1 715 1 1035
2 1 1035 1 1995
2 1 1419 1 1739
2 1 1739 1 2059
2 1 1419 1 2059
2 1 714 1 1994
2 1 907 1 2187
2 1 1162 1 1482
2 1 713 1 1033
2 1 713 1 1993
2 1 1033 1 1993
2 1 906 1 2186
2 1 712 1 1032
2 1 712 1 1992
2 1 1032 1 1992
2 1 904 1 1864
2 1 1031 1 1991
2 1 903 1 2183
2 1 903 1 1863
2 1 1863 1 2183
2 1 710 1 1990
2 1 710 1 1030
2 1 1030 1 1990
2 1 1414 1 2054
2 1 1414 1 1734
2 1 1734 1 2054
2 1 902 1 1862
2 1 1029 1 1989
2 1 1733 1 2053
2 1 708 1 1988
2 1 901 1 2181
2 1 901 1 1861
2 1 1861 1 2181
2 1 707 1 1027
2 1 1732 1 2052
2 1 900 1 2180
2 1 1860 1 2180
2 1 900 1 1860
2 1 706 1 1986
2 1 706 1 1026
2 1 1026 1 1986
2 1 1859 1 2179
2 1 898 1 1858
2 1 898 1 2178
2 1 1858 1 2178
2 1 1410 1 1730
2 1 705 1 1985
2 1 1280 1 1600
2 1 960 1 1280
2 1 960 1 1600
2 1 897 1 2177
2 1 1857 1 2177
2 1 897 1 1857
3 1 566 1 762 1 2042
3 1 577 1 1253 1 2213
3 1 557 1 817 1 2097
3 1 355 1 748 1 1388
3 1 561 1 757 1 1077
3 1 339 1 732 1 1372
3 1 559 1 755 1 1075
3 1 564 1 824 1 2104
3 1 528 1 788 1 1748
3 1 497 1 986 1 1946
3 1 613 1 1225 1 2185
3 1 580 1 1256 1 2216
3 1 557 1 817 1 1777
3 1 577 1 1253 1 1893
3 1 355 1 1388 1 2028
3 1 492 1 1621 1 1941
3 1 518 1 778 1 1418
3 1 486 1 1871 1 2191
3 1 633 1 1181 1 1501
3 1 497 1 1626 1 1946
3 1 562 1 822 1 2102
3 1 578 1 1254 1 1894
3 1 582 1 1258 1 2218
3 1 635 1 927 1 1247
3 1 552 1 812 1 2092
3 1 585 1 941 1 1261
3 1 578 1 1254 1 2214
3 1 415 1 1784 1 2104
3 1 528 1 788 1 2068
3 1 518 1 778 1 2058
3 1 558 1 754 1 2034
3 1 362 1 1075 1 1395
3 1 585 1 1261 1 1901
3 1 592 1 1268 1 2228
3 1 327 1 1360 1 2000
3 1 448 1 1321 1 1961
3 1 580 1 1256 1 1896
3 1 592 1 948 1 1268
3 1 585 1 1261 1 2221
3 1 555 1 815 1 2095
3 1 518 1 778 1 1738
3 1 540 1 800 1 2080
3 1 327 1 720 1 1360
3 1 355 1 1068 1 1388
3 1 402 1 1515 1 1835
3 1 321 1 1354 1 1994
3 1 562 1 758 1 1078
3 1 439 1 1744 1 2064
3 1 559 1 819 1 1459
3 1 484 1 973 1 1933
3 1 562 1 822 1 1782
3 1 549 1 809 1 1769
3 1 606 1 1218 1 1858
3 1 350 1 743 1 1383
3 1 549 1 809 1 1449
3 1 451 1 1004 1 1964
3 1 557 1 817 1 1457
3 1 559 1 819 1 1779
3 1 559 1 819 1 2099
3 1 549 1 809 1 2089
3 1 352 1 1385 1 2025
3 1 561 1 821 1 2101
3 1 484 1 1293 1 1933
3 1 561 1 821 1 1781
3 1 558 1 818 1 2098
3 1 481 1 1290 1 1930
3 1 569 1 829 1 2109
3 1 552 1 812 1 1452
3 1 561 1 821 1 1461
3 1 552 1 812 1 1772
3 1 506 1 1635 1 1955
3 1 555 1 815 1 1775
3 1 583 1 875 1 1195
3 1 330 1 723 1 1363
3 1 596 1 1272 1 1912
3 1 575 1 771 1 2051
3 1 569 1 829 1 1789
3 1 555 1 815 1 1455
3 1 556 1 816 1 1456
3 1 554 1 814 1 1774
3 1 337 1 986 1 1306
3 1 337 1 1306 1 1626
3 1 541 1 801 1 2081
3 1 551 1 811 1 1771
3 1 448 1 1001 1 1961
3 1 554 1 814 1 1454
3 1 573 1 769 1 1409
3 1 556 1 816 1 1776
3 1 448 1 1641 1 1961
3 1 554 1 814 1 2094
3 1 556 1 816 1 2096
3 1 432 1 1161 1 1801
3 1 353 1 1386 1 2026
3 1 492 1 1301 1 1941
3 1 323 1 716 1 1356
3 1 611 1 903 1 1223
3 1 606 1 898 1 1218
3 1 323 1 1036 1 1356
3 1 626 1 1238 1 2198
3 1 492 1 981 1 1941
3 1 365 1 1078 1 1398
3 1 419 1 1532 1 1852
3 1 392 1 1761 1 2081
3 1 438 1 1487 1 1807
3 1 585 1 877 1 1197
3 1 604 1 1216 1 1856
3 1 386 1 859 1 1819
3 1 366 1 759 1 1399
3 1 508 1 1637 1 1957
3 1 488 1 1297 1 1937
3 1 573 1 769 1 1729
3 1 604 1 1216 1 2176
3 1 580 1 936 1 1256
3 1 584 1 1260 1 2220
3 1 531 1 791 1 1751
3 1 606 1 1218 1 2178
3 1 369 1 1338 1 1658
3 1 583 1 1195 1 1515
3 1 556 1 752 1 1072
3 1 455 1 1648 1 1968
3 1 611 1 1223 1 1863
3 1 530 1 790 1 1430
3 1 611 1 1223 1 2183
3 1 583 1 939 1 1259
3 1 550 1 746 1 2026
3 1 567 1 763 1 1083
3 1 573 1 769 1 2049
3 1 551 1 811 1 1451
3 1 530 1 726 1 1046
3 1 548 1 808 1 1448
3 1 376 1 1345 1 1985
3 1 400 1 1193 1 1833
3 1 401 1 1450 1 1770
3 1 606 1 834 1 1154
3 1 352 1 745 1 1385
3 1 503 1 1632 1 1952
3 1 354 1 747 1 1387
3 1 352 1 1065 1 1385
3 1 575 1 771 1 1411
