642 2240
2 1 1461 1 2101
2 1 1784 1 2104
2 1 1461 1 1781
2 1 1781 1 2101
2 1 1780 1 2100
2 1 1778 1 2098
2 1 1775 1 2095
2 1 1455 1 1775
2 1 1455 1 2095
2 1 1454 1 2094
2 1 1764 1 2084
2 1 1444 1 2084
2 1 1444 1 1764
2 1 1762 1 2082
2 1 1439 1 2079
2 1 1759 1 2079
2 1 1439 1 1759
2 1 1434 1 2074
2 1 1430 1 2070
2 1 1742 1 2062
2 1 1738 1 2058
2 1 1417 1 1737
2 1 1737 1 2057
2 1 1417 1 2057
2 1 1409 1 2049
2 1 1409 1 1729
2 1 1729 1 2049
2 1 1735 1 2055
2 1 1424 1 1744
2 1 975 1 1615
2 1 1415 1 2055
2 1 1415 1 1735
2 1 1294 1 1614
2 1 1293 1 1613
2 1 973 1 1613
2 1 973 1 1293
2 1 1291 1 1611
2 1 1410 1 1730
2 1 966 1 1286
2 1 974 1 1614
2 1 961 1 1281
2 1 1281 1 1601
2 1 961 1 1601
2 1 1408 1 1728
2 1 1015 1 1655
2 1 1011 1 1651
2 1 1011 1 1331
2 1 1331 1 1651
2 1 1329 1 1649
2 1 1007 1 1327
2 1 1007 1 1647
2 1 1327 1 1647
2 1 1323 1 1643
2 1 1005 1 1645
2 1 1003 1 1643
2 1 1003 1 1323
2 1 1321 1 1641
2 1 1001 1 1641
2 1 1001 1 1321
2 1 1315 1 1635
2 1 995 1 1315
2 1 1448 1 1768
2 1 995 1 1635
2 1 993 1 1313
2 1 1310 1 1630
2 1 1437 1 1757
2 1 1306 1 1626
2 1 1305 1 1625
2 1 985 1 1625
2 1 985 1 1305
2 1 1432 1 1752
2 1 981 1 1301
2 1 979 1 1619
2 1 981 1 1621
2 1 1299 1 1619
2 1 1301 1 1621
2 1 979 1 1299
2 1 1297 1 1617
2 1 977 1 1617
2 1 977 1 1297
2 1 1154 1 1474
2 1 833 1 1153
2 1 832 1 1472
2 1 1280 1 1600
2 1 1023 1 1343
2 1 1343 1 1663
2 1 1023 1 1663
2 1 1212 1 1532
2 1 1340 1 1660
2 1 889 1 1209
2 1 1016 1 1656
2 1 1336 1 1656
2 1 1016 1 1336
2 1 1206 1 1526
2 1 884 1 1524
2 1 1204 1 1524
2 1 884 1 1204
2 1 1012 1 1332
2 1 1459 1 1779
2 1 882 1 1202
2 1 881 1 1521
2 1 1201 1 1521
2 1 881 1 1201
2 1 878 1 1198
2 1 878 1 1518
2 1 1198 1 1518
2 1 1453 1 1773
2 1 1453 1 2093
2 1 1773 1 2093
2 1 1196 1 1516
2 1 876 1 1516
2 1 876 1 1196
2 1 1451 1 2091
2 1 1771 1 2091
2 1 1451 1 1771
2 1 874 1 1514
2 1 1192 1 1512
2 1 999 1 1639
2 1 1447 1 2087
2 1 1446 1 1766
2 1 1765 1 2085
2 1 868 1 1508
2 1 868 1 1188
2 1 1188 1 1508
2 1 1441 1 1761
2 1 867 1 1507
2 1 1441 1 2081
2 1 1761 1 2081
2 1 1314 1 1634
2 1 994 1 1314
2 1 994 1 1634
2 1 864 1 1504
2 1 1184 1 1504
2 1 864 1 1184
2 1 1758 1 2078
2 1 1438 1 2078
2 1 1438 1 1758
2 1 991 1 1631
2 1 861 1 1501
2 1 1181 1 1501
2 1 861 1 1181
2 1 860 1 1180
2 1 1179 1 1499
2 1 859 1 1179
2 1 859 1 1499
2 1 1751 1 2071
2 1 1431 1 2071
2 1 1431 1 1751
2 1 984 1 1304
2 1 857 1 1177
2 1 1177 1 1497
2 1 857 1 1497
2 1 854 1 1494
2 1 854 1 1174
2 1 1174 1 1494
2 1 1172 1 1492
2 1 1427 1 1747
2 1 1168 1 1488
2 1 847 1 1167
2 1 846 1 1166
2 1 845 1 1485
2 1 1164 1 1484
2 1 972 1 1612
2 1 972 1 1292
2 1 1292 1 1612
2 1 974 1 1294
2 1 1162 1 1482
2 1 841 1 1481
2 1 1161 1 1481
2 1 841 1 1161
2 1 969 1 1289
2 1 1289 1 1609
2 1 969 1 1609
2 1 1416 1 1736
2 1 1157 1 1477
2 1 1732 1 2052
2 1 838 1 1478
2 1 838 1 1158
2 1 1158 1 1478
2 1 1285 1 1605
2 1 965 1 1285
2 1 965 1 1605
2 1 896 1 2176
2 1 1856 1 2176
2 1 896 1 1856
2 1 767 1 2047
2 1 895 1 1215
2 1 959 1 1919
2 1 1919 1 2239
2 1 959 1 2239
2 1 766 1 2046
2 1 1021 1 1661
2 1 765 1 2045
2 1 765 1 1085
2 1 1085 1 2045
2 1 1469 1 2109
2 1 1789 1 2109
2 1 1469 1 1789
2 1 764 1 1084
2 1 1084 1 2044
2 1 764 1 2044
2 1 956 1 2236
2 1 1915 1 2235
2 1 955 1 1915
2 1 955 1 2235
2 1 1018 1 1658
2 1 891 1 1211
2 1 762 1 2042
2 1 1337 1 1657
2 1 1017 1 1657
2 1 1017 1 1337
2 1 1081 1 2041
2 1 1785 1 2105
2 1 1465 1 1785
2 1 1465 1 2105
2 1 760 1 1080
2 1 952 1 2232
2 1 1334 1 1654
2 1 1783 1 2103
2 1 887 1 1207
2 1 887 1 1527
2 1 1207 1 1527
2 1 951 1 2231
2 1 1911 1 2231
2 1 951 1 1911
2 1 1078 1 2038
2 1 1077 1 2037
2 1 757 1 2037
2 1 757 1 1077
2 1 1910 1 2230
2 1 756 1 2036
2 1 756 1 1076
2 1 1076 1 2036
2 1 1908 1 2228
2 1 948 1 2228
2 1 948 1 1908
2 1 947 1 2227
2 1 1907 1 2227
2 1 947 1 1907
2 1 883 1 1523
2 1 754 1 1074
2 1 754 1 2034
2 1 1074 1 2034
2 1 1906 1 2226
2 1 1777 1 2097
2 1 1457 1 2097
2 1 1457 1 1777
2 1 1905 1 2225
2 1 945 1 1905
2 1 945 1 2225
2 1 752 1 1072
2 1 1072 1 2032
2 1 752 1 2032
2 1 1776 1 2096
2 1 751 1 2031
2 1 751 1 1071
2 1 1071 1 2031
2 1 944 1 1904
2 1 944 1 2224
2 1 1904 1 2224
2 1 1070 1 2030
2 1 943 1 2223
2 1 1902 1 2222
2 1 942 1 2222
2 1 942 1 1902
2 1 941 1 1901
2 1 877 1 1197
2 1 877 1 1517
2 1 1197 1 1517
2 1 1068 1 2028
2 1 1004 1 1644
2 1 1452 1 1772
2 1 747 1 2027
2 1 1002 1 1322
2 1 1322 1 1642
2 1 1002 1 1642
2 1 746 1 1066
2 1 939 1 1899
2 1 1899 1 2219
2 1 939 1 2219
2 1 1898 1 2218
2 1 873 1 1193
2 1 1897 1 2217
2 1 937 1 2217
2 1 937 1 1897
2 1 1064 1 2024
2 1 743 1 2023
2 1 935 1 2215
2 1 1318 1 1638
2 1 998 1 1638
2 1 998 1 1318
2 1 742 1 2022
2 1 870 1 1510
2 1 870 1 1190
2 1 1190 1 1510
2 1 996 1 1636
2 1 869 1 1189
2 1 1060 1 2020
2 1 740 1 1060
2 1 740 1 2020
2 1 1892 1 2212
2 1 931 1 2211
2 1 931 1 1891
2 1 1891 1 2211
2 1 1443 1 2083
2 1 738 1 2018
2 1 1058 1 2018
2 1 738 1 1058
2 1 737 1 2017
2 1 930 1 1890
2 1 865 1 1185
2 1 1185 1 1505
2 1 865 1 1505
2 1 929 1 2209
2 1 1056 1 2016
2 1 1888 1 2208
2 1 1440 1 1760
2 1 735 1 1055
2 1 1055 1 2015
2 1 735 1 2015
2 1 927 1 1887
2 1 927 1 2207
2 1 1887 1 2207
2 1 926 1 2206
2 1 1309 1 1629
2 1 989 1 1629
2 1 989 1 1309
2 1 862 1 1502
2 1 733 1 1053
2 1 1052 1 2012
2 1 924 1 1884
2 1 924 1 2204
2 1 1884 1 2204
2 1 1435 1 1755
2 1 1755 1 2075
2 1 1435 1 2075
2 1 923 1 1883
2 1 730 1 1050
2 1 730 1 2010
2 1 1050 1 2010
2 1 729 1 2009
2 1 1049 1 2009
2 1 729 1 1049
2 1 922 1 2202
2 1 1882 1 2202
2 1 922 1 1882
2 1 1048 1 2008
2 1 920 1 1880
2 1 855 1 1175
2 1 919 1 2199
2 1 1302 1 1622
2 1 726 1 1046
2 1 1878 1 2198
2 1 917 1 1877
2 1 1429 1 1749
2 1 1429 1 2069
2 1 1749 1 2069
2 1 853 1 1493
2 1 853 1 1173
2 1 1173 1 1493
2 1 724 1 2004
2 1 1044 1 2004
2 1 724 1 1044
2 1 980 1 1300
2 1 1876 1 2196
2 1 851 1 1171
2 1 915 1 1875
2 1 1298 1 1618
2 1 1042 1 2002
2 1 722 1 2002
2 1 722 1 1042
2 1 1746 1 2066
2 1 1425 1 2065
2 1 1169 1 1489
2 1 1040 1 2000
2 1 720 1 2000
2 1 720 1 1040
2 1 913 1 2193
2 1 719 1 1039
2 1 911 1 2191
2 1 718 1 1038
2 1 1038 1 1998
2 1 718 1 1998
2 1 910 1 1870
2 1 717 1 1997
2 1 1037 1 1997
2 1 717 1 1037
2 1 909 1 1869
2 1 1869 1 2189
2 1 909 1 2189
2 1 1421 1 1741
2 1 1741 1 2061
2 1 1421 1 2061
2 1 1036 1 1996
2 1 716 1 1996
2 1 716 1 1036
2 1 908 1 1868
2 1 908 1 2188
2 1 1868 1 2188
2 1 714 1 1994
2 1 1034 1 1994
2 1 714 1 1034
2 1 713 1 1033
2 1 905 1 2185
2 1 904 1 2184
2 1 904 1 1864
2 1 1864 1 2184
2 1 967 1 1607
2 1 967 1 1287
2 1 1287 1 1607
2 1 840 1 1160
2 1 840 1 1480
2 1 1160 1 1480
2 1 1031 1 1991
2 1 711 1 1991
2 1 711 1 1031
2 1 1030 1 1990
2 1 902 1 2182
2 1 902 1 1862
2 1 1862 1 2182
2 1 709 1 1989
2 1 1029 1 1989
2 1 709 1 1029
2 1 1733 1 2053
2 1 1413 1 2053
2 1 1413 1 1733
2 1 707 1 1987
2 1 1156 1 1476
2 1 900 1 1860
2 1 1860 1 2180
2 1 900 1 2180
2 1 1411 1 2051
2 1 835 1 1155
2 1 1155 1 1475
2 1 835 1 1475
2 1 706 1 1026
2 1 706 1 1986
2 1 1026 1 1986
2 1 705 1 1025
2 1 1857 1 2177
2 1 897 1 2177
2 1 897 1 1857
2 1 1024 1 1984
3 1 536 1 796 1 2076
3 1 456 1 1649 1 1969
3 1 534 1 794 1 1434
3 1 506 1 1635 1 1955
3 1 498 1 987 1 1947
3 1 612 1 1224 1 1864
3 1 499 1 988 1 1948
3 1 428 1 1477 1 1797
3 1 369 1 762 1 1402
3 1 592 1 1268 1 1908
3 1 612 1 904 1 1224
3 1 338 1 987 1 1307
3 1 426 1 835 1 1795
3 1 455 1 1008 1 1968
3 1 355 1 1068 1 1388
3 1 359 1 1008 1 1328
3 1 534 1 794 1 2074
3 1 327 1 1360 1 2000
3 1 554 1 814 1 1454
3 1 369 1 1402 1 2042
3 1 530 1 790 1 1430
3 1 355 1 1388 1 2028
3 1 541 1 801 1 2081
3 1 590 1 1266 1 1906
3 1 552 1 748 1 1068
3 1 612 1 1224 1 2184
3 1 552 1 748 1 2028
3 1 405 1 1518 1 1838
3 1 554 1 814 1 2094
3 1 574 1 770 1 1730
3 1 376 1 1025 1 1345
3 1 604 1 1216 1 2176
3 1 606 1 1218 1 1858
3 1 636 1 1248 1 1888
3 1 624 1 1236 1 2196
3 1 385 1 1434 1 1754
3 1 543 1 739 1 1059
3 1 376 1 705 1 1345
3 1 331 1 1364 1 2004
3 1 624 1 1236 1 1876
3 1 555 1 815 1 2095
3 1 522 1 782 1 2062
3 1 602 1 1278 1 1918
3 1 431 1 1160 1 1800
3 1 486 1 975 1 1935
3 1 422 1 1791 1 2111
3 1 452 1 1005 1 1965
3 1 473 1 1858 1 2178
3 1 604 1 1216 1 1856
3 1 529 1 789 1 1429
3 1 424 1 1153 1 1793
3 1 452 1 941 1 2221
3 1 456 1 1329 1 1969
3 1 410 1 1523 1 1843
3 1 541 1 801 1 1441
3 1 630 1 1178 1 1498
3 1 623 1 1235 1 1875
3 1 333 1 726 1 1366
3 1 568 1 828 1 1788
3 1 511 1 1896 1 2216
3 1 462 1 1015 1 1975
3 1 514 1 774 1 2054
3 1 372 1 765 1 1405
3 1 541 1 801 1 1761
3 1 522 1 782 1 1742
3 1 532 1 792 1 1752
3 1 469 1 1918 1 2238
3 1 466 1 1019 1 1979
3 1 424 1 833 1 1793
3 1 556 1 816 1 1776
3 1 336 1 1369 1 2009
3 1 326 1 1295 1 1615
3 1 386 1 1179 1 1819
3 1 636 1 1248 1 2208
3 1 408 1 881 1 1841
3 1 492 1 981 1 1941
3 1 347 1 1380 1 2020
3 1 593 1 885 1 1205
3 1 365 1 1398 1 2038
3 1 571 1 831 1 2111
3 1 385 1 1754 1 2074
3 1 381 1 1030 1 1350
3 1 531 1 791 1 2071
3 1 611 1 839 1 1159
3 1 631 1 1243 1 1883
3 1 617 1 845 1 1165
3 1 320 1 713 1 1353
3 1 371 1 1084 1 1404
3 1 440 1 1169 1 1809
3 1 492 1 1301 1 1941
3 1 454 1 1647 1 1967
3 1 561 1 821 1 1461
3 1 359 1 752 1 1392
3 1 408 1 1201 1 1841
3 1 417 1 1466 1 1786
3 1 576 1 1252 1 2212
3 1 544 1 804 1 2084
3 1 452 1 1645 1 1965
3 1 544 1 804 1 1444
3 1 439 1 1168 1 1808
3 1 370 1 1019 1 1339
3 1 386 1 1499 1 1819
3 1 506 1 1315 1 1955
3 1 630 1 1242 1 2202
3 1 599 1 1275 1 1915
3 1 597 1 1273 1 1913
3 1 336 1 729 1 1369
3 1 625 1 917 1 1237
3 1 544 1 804 1 1764
3 1 320 1 1033 1 1353
3 1 634 1 1246 1 2206
3 1 535 1 795 1 2075
3 1 516 1 776 1 1416
3 1 630 1 1242 1 1882
3 1 576 1 1252 1 1892
3 1 532 1 792 1 1432
3 1 504 1 993 1 1953
3 1 392 1 865 1 1825
3 1 564 1 824 1 2104
3 1 405 1 1454 1 1774
3 1 444 1 853 1 1813
3 1 388 1 861 1 1821
3 1 505 1 1314 1 1954
3 1 492 1 1621 1 1941
3 1 387 1 1756 1 2076
3 1 564 1 824 1 1784
3 1 402 1 1195 1 1835
3 1 372 1 1085 1 1405
3 1 346 1 1059 1 1379
3 1 518 1 778 1 2058
3 1 382 1 1351 1 1991
3 1 518 1 778 1 1738
3 1 542 1 802 1 2082
3 1 505 1 994 1 1954
3 1 392 1 1505 1 1825
3 1 525 1 785 1 1425
3 1 505 1 1634 1 1954
3 1 405 1 1774 1 2094
3 1 539 1 799 1 1439
3 1 539 1 799 1 2079
3 1 542 1 802 1 1762
3 1 558 1 818 1 2098
3 1 558 1 818 1 1778
3 1 539 1 799 1 1759
3 1 561 1 821 1 1781
3 1 555 1 815 1 1775
3 1 561 1 821 1 2101
3 1 560 1 820 1 1780
3 1 560 1 820 1 2100
3 1 555 1 815 1 1455
3 1 339 1 988 1 1308
3 1 364 1 1333 1 1653
3 1 604 1 832 1 1152
3 1 547 1 807 1 1447
3 1 603 1 1279 1 2239
3 1 419 1 1212 1 1852
3 1 586 1 1262 1 1902
3 1 486 1 1615 1 1935
3 1 610 1 1222 1 2182
3 1 582 1 1258 1 2218
3 1 453 1 1326 1 1966
3 1 630 1 922 1 1242
3 1 515 1 775 1 1735
3 1 610 1 902 1 1222
3 1 504 1 1313 1 1953
3 1 581 1 1257 1 2217
3 1 610 1 1222 1 1862
3 1 429 1 1734 1 2054
3 1 639 1 1187 1 1507
3 1 431 1 1480 1 1800
3 1 536 1 732 1 2012
3 1 345 1 738 1 1378
3 1 332 1 725 1 1365
3 1 391 1 864 1 1824
3 1 634 1 926 1 1246
3 1 356 1 1005 1 1325
3 1 483 1 1292 1 1932
3 1 391 1 1504 1 1824
3 1 629 1 921 1 1241
3 1 388 1 1501 1 1821
3 1 584 1 1260 1 2220
3 1 632 1 924 1 1244
3 1 444 1 1173 1 1813
3 1 548 1 744 1 2024
3 1 458 1 1331 1 1971
3 1 418 1 1211 1 1851
3 1 405 1 878 1 1838
3 1 418 1 1467 1 1787
3 1 585 1 1261 1 1901
3 1 607 1 1219 1 2179
3 1 344 1 1377 1 2017
3 1 412 1 885 1 1845
3 1 360 1 1073 1 1393
3 1 366 1 1335 1 1655
3 1 344 1 737 1 1377
3 1 350 1 1383 1 2023
3 1 356 1 1325 1 1645
3 1 431 1 840 1 1800
3 1 557 1 817 1 2097
