436 2240
2 1 1471 1 2111
2 1 1791 1 2111
2 1 1471 1 1791
2 1 1470 1 2110
2 1 1790 1 2110
2 1 1470 1 1790
2 1 1468 1 1788
2 1 1788 1 2108
2 1 1468 1 2108
2 1 1781 1 2101
2 1 1461 1 1781
2 1 1461 1 2101
2 1 1775 1 2095
2 1 1453 1 2093
2 1 1450 1 2090
2 1 1449 1 2089
2 1 1769 1 2089
2 1 1449 1 1769
2 1 1768 1 2088
2 1 1448 1 2088
2 1 1448 1 1768
2 1 1447 1 2087
2 1 1767 1 2087
2 1 1447 1 1767
2 1 1434 1 2074
2 1 1758 1 2078
2 1 1750 1 2070
2 1 1430 1 2070
2 1 1430 1 1750
2 1 1429 1 2069
2 1 1429 1 1749
2 1 1749 1 2069
2 1 1438 1 1758
2 1 1438 1 2078
2 1 1428 1 2068
2 1 1747 1 2067
2 1 1427 1 2067
2 1 1427 1 1747
2 1 1744 1 2064
2 1 1742 1 2062
2 1 1422 1 2062
2 1 1422 1 1742
2 1 1418 1 2058
2 1 1418 1 1738
2 1 1738 1 2058
2 1 1411 1 2051
2 1 1289 1 1609
2 1 964 1 1604
2 1 964 1 1284
2 1 1284 1 1604
2 1 961 1 1281
2 1 1281 1 1601
2 1 961 1 1601
2 1 1280 1 1600
2 1 1408 1 1728
2 1 1342 1 1662
2 1 1006 1 1326
2 1 1005 1 1645
2 1 1018 1 1338
2 1 999 1 1319
2 1 999 1 1639
2 1 1323 1 1643
2 1 1319 1 1639
2 1 1317 1 1637
2 1 994 1 1634
2 1 994 1 1314
2 1 1314 1 1634
2 1 1441 1 1761
2 1 991 1 1631
2 1 991 1 1311
2 1 1311 1 1631
2 1 985 1 1625
2 1 982 1 1622
2 1 982 1 1302
2 1 1302 1 1622
2 1 981 1 1301
2 1 981 1 1621
2 1 1301 1 1621
2 1 1297 1 1617
2 1 1155 1 1475
2 1 834 1 1154
2 1 1154 1 1474
2 1 834 1 1474
2 1 833 1 1473
2 1 833 1 1153
2 1 1153 1 1473
2 1 895 1 1215
2 1 894 1 1534
2 1 1213 1 1533
2 1 893 1 1213
2 1 893 1 1533
2 1 1211 1 1531
2 1 891 1 1531
2 1 891 1 1211
2 1 1016 1 1336
2 1 1335 1 1655
2 1 1015 1 1655
2 1 1015 1 1335
2 1 1205 1 1525
2 1 1204 1 1524
2 1 1779 1 2099
2 1 1012 1 1332
2 1 1332 1 1652
2 1 1012 1 1652
2 1 1331 1 1651
2 1 884 1 1524
2 1 884 1 1204
2 1 1011 1 1331
2 1 1011 1 1651
2 1 879 1 1199
2 1 876 1 1516
2 1 1004 1 1324
2 1 878 1 1198
2 1 878 1 1518
2 1 1198 1 1518
2 1 1194 1 1514
2 1 873 1 1513
2 1 872 1 1192
2 1 1192 1 1512
2 1 872 1 1512
2 1 870 1 1510
2 1 1765 1 2085
2 1 871 1 1511
2 1 998 1 1638
2 1 868 1 1188
2 1 1188 1 1508
2 1 868 1 1508
2 1 1442 1 1762
2 1 865 1 1185
2 1 864 1 1184
2 1 1182 1 1502
2 1 1312 1 1632
2 1 992 1 1632
2 1 992 1 1312
2 1 1757 1 2077
2 1 1309 1 1629
2 1 1435 1 1755
2 1 858 1 1178
2 1 856 1 1176
2 1 1175 1 1495
2 1 853 1 1493
2 1 1172 1 1492
2 1 852 1 1492
2 1 852 1 1172
2 1 851 1 1171
2 1 851 1 1491
2 1 1171 1 1491
2 1 850 1 1490
2 1 1745 1 2065
2 1 848 1 1168
2 1 1168 1 1488
2 1 848 1 1488
2 1 973 1 1293
2 1 842 1 1162
2 1 841 1 1481
2 1 1161 1 1481
2 1 841 1 1161
2 1 1160 1 1480
2 1 968 1 1288
2 1 1415 1 1735
2 1 967 1 1607
2 1 1287 1 1607
2 1 967 1 1287
2 1 837 1 1157
2 1 959 1 1919
2 1 959 1 2239
2 1 1919 1 2239
2 1 1087 1 2047
2 1 766 1 1086
2 1 767 1 2047
2 1 767 1 1087
2 1 1918 1 2238
2 1 958 1 2238
2 1 958 1 1918
2 1 1085 1 2045
2 1 765 1 1085
2 1 765 1 2045
2 1 1789 1 2109
2 1 957 1 1917
2 1 957 1 2237
2 1 1917 1 2237
2 1 764 1 1084
2 1 1916 1 2236
2 1 956 1 1916
2 1 956 1 2236
2 1 763 1 1083
2 1 1787 1 2107
2 1 1467 1 2107
2 1 1467 1 1787
2 1 955 1 1915
2 1 955 1 2235
2 1 1915 1 2235
2 1 762 1 2042
2 1 1210 1 1530
2 1 1081 1 2041
2 1 1914 1 2234
2 1 954 1 2234
2 1 954 1 1914
2 1 1785 1 2105
2 1 1465 1 1785
2 1 1465 1 2105
2 1 760 1 1080
2 1 1913 1 2233
2 1 1464 1 2104
2 1 952 1 2232
2 1 1014 1 1334
2 1 1207 1 1527
2 1 758 1 2038
2 1 1013 1 1653
2 1 1782 1 2102
2 1 1077 1 2037
2 1 756 1 2036
2 1 1076 1 2036
2 1 756 1 1076
2 1 1909 1 2229
2 1 1908 1 2228
2 1 948 1 1908
2 1 948 1 2228
2 1 755 1 2035
2 1 947 1 2227
2 1 947 1 1907
2 1 1907 1 2227
2 1 1010 1 1650
2 1 1010 1 1330
2 1 1330 1 1650
2 1 754 1 2034
2 1 882 1 1522
2 1 1202 1 1522
2 1 882 1 1202
2 1 1329 1 1649
2 1 881 1 1201
2 1 1327 1 1647
2 1 1007 1 1327
2 1 1007 1 1647
2 1 751 1 1071
2 1 1070 1 2030
2 1 750 1 2030
2 1 750 1 1070
2 1 942 1 2222
2 1 942 1 1902
2 1 1902 1 2222
2 1 749 1 1069
2 1 749 1 2029
2 1 1069 1 2029
2 1 941 1 1901
2 1 1068 1 2028
2 1 1452 1 1772
2 1 1452 1 2092
2 1 1772 1 2092
2 1 747 1 2027
2 1 1451 1 1771
2 1 1451 1 2091
2 1 1771 1 2091
2 1 1195 1 1515
2 1 746 1 1066
2 1 939 1 2219
2 1 1065 1 2025
2 1 1898 1 2218
2 1 937 1 1897
2 1 744 1 1064
2 1 1064 1 2024
2 1 744 1 2024
2 1 1896 1 2216
2 1 936 1 1896
2 1 936 1 2216
2 1 743 1 1063
2 1 935 1 2215
2 1 1895 1 2215
2 1 935 1 1895
2 1 1062 1 2022
2 1 1446 1 1766
2 1 934 1 2214
2 1 934 1 1894
2 1 1894 1 2214
2 1 740 1 1060
2 1 1893 1 2213
2 1 933 1 1893
2 1 933 1 2213
2 1 739 1 1059
2 1 1059 1 2019
2 1 739 1 2019
2 1 1443 1 2083
2 1 1763 1 2083
2 1 1443 1 1763
2 1 931 1 2211
2 1 1186 1 1506
2 1 993 1 1313
2 1 737 1 1057
2 1 1890 1 2210
2 1 930 1 1890
2 1 930 1 2210
2 1 1889 1 2209
2 1 1056 1 2016
2 1 1888 1 2208
2 1 928 1 2208
2 1 928 1 1888
2 1 1440 1 1760
2 1 1759 1 2079
2 1 990 1 1630
2 1 990 1 1310
2 1 1310 1 1630
2 1 734 1 1054
2 1 734 1 2014
2 1 1054 1 2014
2 1 927 1 1887
2 1 927 1 2207
2 1 1887 1 2207
2 1 733 1 2013
2 1 861 1 1181
2 1 861 1 1501
2 1 1181 1 1501
2 1 1885 1 2205
2 1 925 1 1885
2 1 925 1 2205
2 1 1308 1 1628
2 1 1884 1 2204
2 1 987 1 1307
2 1 987 1 1627
2 1 1307 1 1627
2 1 860 1 1500
2 1 731 1 2011
2 1 1306 1 1626
2 1 986 1 1306
2 1 986 1 1626
2 1 730 1 1050
2 1 1050 1 2010
2 1 730 1 2010
2 1 1882 1 2202
2 1 984 1 1624
2 1 857 1 1497
2 1 1177 1 1497
2 1 857 1 1177
2 1 1048 1 2008
2 1 728 1 2008
2 1 728 1 1048
2 1 727 1 2007
2 1 727 1 1047
2 1 1047 1 2007
2 1 1431 1 2071
2 1 1431 1 1751
2 1 1751 1 2071
2 1 726 1 2006
2 1 1046 1 2006
2 1 726 1 1046
2 1 919 1 1879
2 1 1878 1 2198
2 1 918 1 1878
2 1 918 1 2198
2 1 917 1 2197
2 1 1044 1 2004
2 1 916 1 2196
2 1 1876 1 2196
2 1 916 1 1876
2 1 723 1 1043
2 1 915 1 1875
2 1 722 1 1042
2 1 1746 1 2066
2 1 1426 1 2066
2 1 1426 1 1746
2 1 1874 1 2194
2 1 914 1 2194
2 1 914 1 1874
2 1 720 1 1040
2 1 976 1 1296
2 1 913 1 1873
2 1 913 1 2193
2 1 1873 1 2193
2 1 847 1 1167
2 1 847 1 1487
2 1 1167 1 1487
2 1 911 1 2191
2 1 911 1 1871
2 1 1871 1 2191
2 1 717 1 1997
2 1 909 1 2189
2 1 1421 1 2061
2 1 1421 1 1741
2 1 1741 1 2061
2 1 1165 1 1485
2 1 845 1 1165
2 1 845 1 1485
2 1 972 1 1292
2 1 1292 1 1612
2 1 972 1 1612
2 1 716 1 1996
2 1 971 1 1611
2 1 1164 1 1484
2 1 1868 1 2188
2 1 970 1 1290
2 1 970 1 1610
2 1 1290 1 1610
2 1 1034 1 1994
2 1 1866 1 2186
2 1 713 1 1033
2 1 713 1 1993
2 1 1033 1 1993
2 1 1417 1 2057
2 1 905 1 2185
2 1 1032 1 1992
2 1 712 1 1992
2 1 712 1 1032
2 1 904 1 1864
2 1 1286 1 1606
2 1 839 1 1159
2 1 710 1 1990
2 1 838 1 1158
2 1 709 1 1989
2 1 1029 1 1989
2 1 709 1 1029
2 1 965 1 1285
2 1 1285 1 1605
2 1 965 1 1605
2 1 963 1 1283
2 1 1283 1 1603
2 1 963 1 1603
2 1 707 1 1027
2 1 1412 1 1732
2 1 1412 1 2052
2 1 1732 1 2052
2 1 836 1 1156
2 1 1026 1 1986
2 1 706 1 1986
2 1 706 1 1026
2 1 705 1 1025
2 1 705 1 1985
2 1 1025 1 1985
2 1 1409 1 2049
2 1 1729 1 2049
2 1 1409 1 1729
2 1 897 1 1857
2 1 704 1 1984
2 1 1024 1 1984
2 1 704 1 1024
2 1 896 1 2176
2 1 896 1 1856
2 1 1856 1 2176
