429 2240
2 1 1459 1 2099
2 1 1786 1 2106
2 1 1466 1 1786
2 1 1466 1 2106
2 1 1459 1 1779
2 1 1779 1 2099
2 1 1451 1 2091
2 1 1448 1 2088
2 1 1762 1 2082
2 1 1442 1 1762
2 1 1442 1 2082
2 1 1742 1 2062
2 1 1422 1 1742
2 1 1422 1 2062
2 1 1421 1 2061
2 1 1417 1 1737
2 1 1737 1 2057
2 1 1417 1 2057
2 1 1736 1 2056
2 1 1416 1 2056
2 1 1416 1 1736
2 1 1415 1 1735
2 1 966 1 1286
2 1 1339 1 1659
2 1 1282 1 1602
2 1 1336 1 1656
2 1 1409 1 1729
2 1 1016 1 1336
2 1 1016 1 1656
2 1 1006 1 1646
2 1 1454 1 1774
2 1 1004 1 1324
2 1 1441 1 1761
2 1 1440 1 1760
2 1 1312 1 1632
2 1 1439 1 1759
2 1 989 1 1309
2 1 988 1 1308
2 1 978 1 1298
2 1 835 1 1475
2 1 1018 1 1658
2 1 835 1 1155
2 1 1155 1 1475
2 1 1154 1 1474
2 1 1153 1 1473
2 1 1408 1 2048
2 1 961 1 1281
2 1 1728 1 2048
2 1 1408 1 1728
2 1 960 1 1280
2 1 891 1 1211
2 1 1338 1 1658
2 1 1018 1 1338
2 1 890 1 1210
2 1 889 1 1209
2 1 1209 1 1529
2 1 889 1 1529
2 1 887 1 1207
2 1 1461 1 2101
2 1 1014 1 1334
2 1 1015 1 1335
2 1 1015 1 1655
2 1 1335 1 1655
2 1 884 1 1524
2 1 1204 1 1524
2 1 884 1 1204
2 1 1778 1 2098
2 1 1011 1 1651
2 1 1777 1 2097
2 1 1457 1 2097
2 1 1457 1 1777
2 1 1010 1 1330
2 1 1199 1 1519
2 1 877 1 1197
2 1 878 1 1518
2 1 1005 1 1325
2 1 878 1 1198
2 1 1198 1 1518
2 1 1322 1 1642
2 1 872 1 1192
2 1 1766 1 2086
2 1 1446 1 1766
2 1 1446 1 2086
2 1 1763 1 2083
2 1 1189 1 1509
2 1 869 1 1509
2 1 866 1 1506
2 1 865 1 1505
2 1 863 1 1183
2 1 996 1 1316
2 1 862 1 1182
2 1 864 1 1184
2 1 1310 1 1630
2 1 990 1 1310
2 1 990 1 1630
2 1 1181 1 1501
2 1 865 1 1185
2 1 1185 1 1505
2 1 1180 1 1500
2 1 1433 1 1753
2 1 1316 1 1636
2 1 869 1 1189
2 1 996 1 1636
2 1 986 1 1306
2 1 1432 1 2072
2 1 985 1 1305
2 1 985 1 1625
2 1 1305 1 1625
2 1 1751 1 2071
2 1 854 1 1494
2 1 1174 1 1494
2 1 854 1 1174
2 1 981 1 1301
2 1 981 1 1621
2 1 1301 1 1621
2 1 1424 1 1744
2 1 1424 1 2064
2 1 1744 1 2064
2 1 846 1 1486
2 1 1740 1 2060
2 1 845 1 1165
2 1 1166 1 1486
2 1 1420 1 2060
2 1 1420 1 1740
2 1 846 1 1166
2 1 1165 1 1485
2 1 845 1 1485
2 1 973 1 1293
2 1 972 1 1612
2 1 841 1 1161
2 1 840 1 1480
2 1 1160 1 1480
2 1 840 1 1160
2 1 839 1 1159
2 1 839 1 1479
2 1 1159 1 1479
2 1 837 1 1157
2 1 1732 1 2052
2 1 896 1 2176
2 1 832 1 1152
2 1 1343 1 1663
2 1 1023 1 1663
2 1 1023 1 1343
2 1 767 1 2047
2 1 895 1 1215
2 1 1215 1 1535
2 1 895 1 1535
2 1 1471 1 1791
2 1 766 1 2046
2 1 1919 1 2239
2 1 1021 1 1661
2 1 1021 1 1341
2 1 1342 1 1662
2 1 1341 1 1661
2 1 1918 1 2238
2 1 1020 1 1340
2 1 1020 1 1660
2 1 1340 1 1660
2 1 1789 1 2109
2 1 1469 1 1789
2 1 1469 1 2109
2 1 764 1 1084
2 1 763 1 1083
2 1 763 1 2043
2 1 1083 1 2043
2 1 955 1 2235
2 1 955 1 1915
2 1 1915 1 2235
2 1 762 1 1082
2 1 1082 1 2042
2 1 762 1 2042
2 1 954 1 2234
2 1 954 1 1914
2 1 1914 1 2234
2 1 761 1 2041
2 1 1081 1 2041
2 1 761 1 1081
2 1 1913 1 2233
2 1 953 1 1913
2 1 953 1 2233
2 1 1465 1 1785
2 1 1080 1 2040
2 1 760 1 2040
2 1 760 1 1080
2 1 1079 1 2039
2 1 759 1 2039
2 1 759 1 1079
2 1 952 1 2232
2 1 951 1 2231
2 1 951 1 1911
2 1 1911 1 2231
2 1 1782 1 2102
2 1 886 1 1526
2 1 1012 1 1332
2 1 1205 1 1525
2 1 756 1 1076
2 1 1909 1 2229
2 1 1460 1 1780
2 1 1460 1 2100
2 1 1780 1 2100
2 1 755 1 1075
2 1 947 1 2227
2 1 947 1 1907
2 1 1907 1 2227
2 1 882 1 1522
2 1 882 1 1202
2 1 1202 1 1522
2 1 946 1 1906
2 1 946 1 2226
2 1 1906 1 2226
2 1 753 1 2033
2 1 1008 1 1648
2 1 881 1 1521
2 1 752 1 2032
2 1 1456 1 1776
2 1 1776 1 2096
2 1 1456 1 2096
2 1 880 1 1520
2 1 1200 1 1520
2 1 880 1 1200
2 1 1071 1 2031
2 1 750 1 1070
2 1 1903 1 2223
2 1 942 1 1902
2 1 749 1 1069
2 1 749 1 2029
2 1 1069 1 2029
2 1 941 1 2221
2 1 941 1 1901
2 1 1901 1 2221
2 1 940 1 1900
2 1 940 1 2220
2 1 1900 1 2220
2 1 876 1 1196
2 1 1452 1 1772
2 1 747 1 2027
2 1 747 1 1067
2 1 1067 1 2027
2 1 1323 1 1643
2 1 1003 1 1643
2 1 1003 1 1323
2 1 1899 1 2219
2 1 1450 1 1770
2 1 874 1 1514
2 1 1064 1 2024
2 1 744 1 2024
2 1 744 1 1064
2 1 1000 1 1320
2 1 743 1 2023
2 1 1318 1 1638
2 1 998 1 1318
2 1 998 1 1638
2 1 871 1 1511
2 1 1191 1 1511
2 1 871 1 1191
2 1 742 1 2022
2 1 870 1 1190
2 1 1061 1 2021
2 1 741 1 2021
2 1 741 1 1061
2 1 997 1 1637
2 1 997 1 1317
2 1 1317 1 1637
2 1 1893 1 2213
2 1 740 1 2020
2 1 1444 1 1764
2 1 1892 1 2212
2 1 932 1 2212
2 1 932 1 1892
2 1 1314 1 1634
2 1 1058 1 2018
2 1 738 1 1058
2 1 738 1 2018
2 1 1891 1 2211
2 1 737 1 2017
2 1 1057 1 2017
2 1 737 1 1057
2 1 1889 1 2209
2 1 929 1 1889
2 1 929 1 2209
2 1 1056 1 2016
2 1 736 1 2016
2 1 736 1 1056
2 1 1888 1 2208
2 1 928 1 2208
2 1 928 1 1888
2 1 1055 1 2015
2 1 735 1 1055
2 1 735 1 2015
2 1 927 1 2207
2 1 927 1 1887
2 1 1887 1 2207
2 1 734 1 1054
2 1 1054 1 2014
2 1 734 1 2014
2 1 1758 1 2078
2 1 926 1 2206
2 1 733 1 1053
2 1 1757 1 2077
2 1 732 1 1052
2 1 1052 1 2012
2 1 732 1 2012
2 1 925 1 2205
2 1 1436 1 1756
2 1 1436 1 2076
2 1 1756 1 2076
2 1 924 1 2204
2 1 1884 1 2204
2 1 924 1 1884
2 1 1435 1 1755
2 1 730 1 1050
2 1 923 1 2203
2 1 1883 1 2203
2 1 923 1 1883
2 1 1434 1 2074
2 1 1434 1 1754
2 1 1754 1 2074
2 1 729 1 2009
2 1 922 1 2202
2 1 922 1 1882
2 1 1882 1 2202
2 1 984 1 1624
2 1 728 1 2008
2 1 921 1 1881
2 1 1881 1 2201
2 1 921 1 2201
2 1 1303 1 1623
2 1 856 1 1176
2 1 1880 1 2200
2 1 855 1 1175
2 1 1175 1 1495
2 1 855 1 1495
2 1 726 1 1046
2 1 1878 1 2198
2 1 1750 1 2070
2 1 1300 1 1620
2 1 980 1 1300
2 1 980 1 1620
2 1 1173 1 1493
2 1 917 1 1877
2 1 1877 1 2197
2 1 917 1 2197
2 1 1876 1 2196
2 1 852 1 1172
2 1 1043 1 2003
2 1 723 1 1043
2 1 723 1 2003
2 1 979 1 1299
2 1 1875 1 2195
2 1 914 1 1874
2 1 1874 1 2194
2 1 914 1 2194
2 1 850 1 1170
2 1 721 1 1041
2 1 977 1 1297
2 1 977 1 1617
2 1 1297 1 1617
2 1 1425 1 1745
2 1 1425 1 2065
2 1 1745 1 2065
2 1 720 1 2000
2 1 975 1 1295
2 1 1168 1 1488
2 1 719 1 1999
2 1 1872 1 2192
2 1 912 1 2192
2 1 912 1 1872
2 1 974 1 1294
2 1 847 1 1487
2 1 718 1 1038
2 1 717 1 1037
2 1 717 1 1997
2 1 1037 1 1997
2 1 909 1 1869
2 1 1869 1 2189
2 1 909 1 2189
2 1 908 1 1868
2 1 844 1 1484
2 1 971 1 1611
2 1 971 1 1291
2 1 1291 1 1611
2 1 715 1 1995
2 1 1290 1 1610
2 1 843 1 1483
2 1 714 1 1994
2 1 1033 1 1993
2 1 713 1 1033
2 1 713 1 1993
2 1 904 1 1864
2 1 904 1 2184
2 1 1864 1 2184
2 1 711 1 1991
2 1 1031 1 1991
2 1 711 1 1031
2 1 903 1 1863
2 1 1863 1 2183
2 1 903 1 2183
2 1 710 1 1990
2 1 1862 1 2182
2 1 902 1 1862
2 1 902 1 2182
2 1 838 1 1158
2 1 965 1 1285
2 1 1285 1 1605
2 1 965 1 1605
2 1 1029 1 1989
2 1 1413 1 1733
2 1 707 1 1987
2 1 707 1 1027
2 1 1027 1 1987
2 1 900 1 2180
2 1 900 1 1860
2 1 1860 1 2180
2 1 1411 1 1731
2 1 1411 1 2051
2 1 1731 1 2051
2 1 1859 1 2179
2 1 706 1 1026
2 1 1410 1 2050
2 1 1410 1 1730
2 1 1730 1 2050
2 1 705 1 1985
2 1 705 1 1025
2 1 1025 1 1985
2 1 898 1 2178
2 1 704 1 1984
2 1 1857 1 2177
2 1 897 1 1857
2 1 897 1 2177
