663 2240
2 1 1470 1 2110
2 1 1470 1 1790
2 1 1790 1 2110
2 1 1789 1 2109
2 1 1784 1 2104
2 1 1464 1 1784
2 1 1464 1 2104
2 1 1769 1 2089
2 1 1449 1 2089
2 1 1772 1 2092
2 1 1452 1 2092
2 1 1452 1 1772
2 1 1449 1 1769
2 1 1448 1 2088
2 1 1448 1 1768
2 1 1768 1 2088
2 1 1765 1 2085
2 1 1445 1 2085
2 1 1445 1 1765
2 1 1427 1 2067
2 1 1745 1 2065
2 1 1744 1 2064
2 1 1418 1 2058
2 1 1738 1 2058
2 1 1418 1 1738
2 1 1417 1 1737
2 1 1417 1 2057
2 1 1737 1 2057
2 1 970 1 1290
2 1 1289 1 1609
2 1 963 1 1283
2 1 1411 1 1731
2 1 1342 1 1662
2 1 1340 1 1660
2 1 1015 1 1335
2 1 1457 1 1777
2 1 1328 1 1648
2 1 1002 1 1322
2 1 1441 1 1761
2 1 994 1 1314
2 1 992 1 1632
2 1 992 1 1312
2 1 1312 1 1632
2 1 1443 1 1763
2 1 996 1 1316
2 1 984 1 1624
2 1 984 1 1304
2 1 1304 1 1624
2 1 1430 1 1750
2 1 981 1 1621
2 1 981 1 1301
2 1 1301 1 1621
2 1 978 1 1298
2 1 978 1 1618
2 1 1298 1 1618
2 1 834 1 1154
2 1 1409 1 1729
2 1 1729 1 2049
2 1 1409 1 2049
2 1 1282 1 1602
2 1 962 1 1282
2 1 962 1 1602
2 1 1408 1 2048
2 1 1215 1 1535
2 1 895 1 1535
2 1 895 1 1215
2 1 893 1 1533
2 1 1021 1 1341
2 1 1212 1 1532
2 1 892 1 1532
2 1 892 1 1212
2 1 1012 1 1652
2 1 1011 1 1331
2 1 884 1 1204
2 1 1205 1 1525
2 1 1333 1 1653
2 1 1013 1 1653
2 1 1013 1 1333
2 1 1331 1 1651
2 1 1011 1 1651
2 1 881 1 1201
2 1 879 1 1199
2 1 1774 1 2094
2 1 1454 1 2094
2 1 1454 1 1774
2 1 1326 1 1646
2 1 1006 1 1326
2 1 1006 1 1646
2 1 1195 1 1515
2 1 875 1 1195
2 1 875 1 1515
2 1 1450 1 2090
2 1 1770 1 2090
2 1 1450 1 1770
2 1 873 1 1513
2 1 872 1 1192
2 1 1192 1 1512
2 1 872 1 1512
2 1 1320 1 1640
2 1 1000 1 1320
2 1 1000 1 1640
2 1 1447 1 1767
2 1 1189 1 1509
2 1 1764 1 2084
2 1 867 1 1507
2 1 1187 1 1507
2 1 867 1 1187
2 1 1183 1 1503
2 1 1758 1 2078
2 1 1438 1 2078
2 1 1438 1 1758
2 1 1437 1 2077
2 1 1437 1 1757
2 1 1757 1 2077
2 1 990 1 1310
2 1 1436 1 1756
2 1 1176 1 1496
2 1 856 1 1496
2 1 856 1 1176
2 1 853 1 1173
2 1 1174 1 1494
2 1 852 1 1172
2 1 1299 1 1619
2 1 979 1 1299
2 1 979 1 1619
2 1 1169 1 1489
2 1 847 1 1167
2 1 1168 1 1488
2 1 848 1 1488
2 1 1167 1 1487
2 1 847 1 1487
2 1 848 1 1168
2 1 975 1 1295
2 1 1741 1 2061
2 1 974 1 1614
2 1 1294 1 1614
2 1 974 1 1294
2 1 843 1 1163
2 1 1162 1 1482
2 1 841 1 1481
2 1 1161 1 1481
2 1 840 1 1160
2 1 840 1 1480
2 1 841 1 1161
2 1 1160 1 1480
2 1 968 1 1608
2 1 968 1 1288
2 1 1288 1 1608
2 1 1415 1 1735
2 1 836 1 1156
2 1 832 1 1472
2 1 832 1 1152
2 1 1152 1 1472
2 1 767 1 2047
2 1 1087 1 2047
2 1 767 1 1087
2 1 766 1 1086
2 1 958 1 2238
2 1 958 1 1918
2 1 1918 1 2238
2 1 765 1 2045
2 1 765 1 1085
2 1 1085 1 2045
2 1 1917 1 2237
2 1 957 1 1917
2 1 957 1 2237
2 1 1084 1 2044
2 1 1468 1 1788
2 1 956 1 1916
2 1 956 1 2236
2 1 1916 1 2236
2 1 763 1 2043
2 1 763 1 1083
2 1 1083 1 2043
2 1 955 1 1915
2 1 955 1 2235
2 1 1915 1 2235
2 1 1466 1 1786
2 1 1466 1 2106
2 1 1786 1 2106
2 1 761 1 2041
2 1 954 1 2234
2 1 1914 1 2234
2 1 954 1 1914
2 1 1465 1 1785
2 1 760 1 1080
2 1 1016 1 1336
2 1 1912 1 2232
2 1 951 1 2231
2 1 1014 1 1654
2 1 887 1 1527
2 1 1463 1 1783
2 1 1078 1 2038
2 1 1782 1 2102
2 1 1462 1 1782
2 1 1462 1 2102
2 1 757 1 2037
2 1 1077 1 2037
2 1 757 1 1077
2 1 1910 1 2230
2 1 949 1 1909
2 1 1909 1 2229
2 1 949 1 2229
2 1 756 1 1076
2 1 756 1 2036
2 1 1076 1 2036
2 1 1780 1 2100
2 1 948 1 1908
2 1 755 1 2035
2 1 1330 1 1650
2 1 1203 1 1523
2 1 947 1 1907
2 1 947 1 2227
2 1 1907 1 2227
2 1 1009 1 1649
2 1 1329 1 1649
2 1 1009 1 1329
2 1 753 1 2033
2 1 1073 1 2033
2 1 753 1 1073
2 1 1905 1 2225
2 1 1904 1 2224
2 1 944 1 2224
2 1 944 1 1904
2 1 751 1 1071
2 1 1903 1 2223
2 1 750 1 2030
2 1 1005 1 1645
2 1 878 1 1198
2 1 749 1 2029
2 1 1901 1 2221
2 1 1004 1 1324
2 1 1324 1 1644
2 1 1004 1 1644
2 1 1773 1 2093
2 1 1197 1 1517
2 1 877 1 1197
2 1 877 1 1517
2 1 748 1 1068
2 1 1067 1 2027
2 1 1451 1 2091
2 1 1451 1 1771
2 1 1771 1 2091
2 1 939 1 2219
2 1 1899 1 2219
2 1 939 1 1899
2 1 1065 1 2025
2 1 938 1 1898
2 1 1898 1 2218
2 1 938 1 2218
2 1 1897 1 2217
2 1 1064 1 2024
2 1 744 1 1064
2 1 744 1 2024
2 1 936 1 2216
2 1 936 1 1896
2 1 1896 1 2216
2 1 1895 1 2215
2 1 935 1 2215
2 1 935 1 1895
2 1 998 1 1638
2 1 871 1 1511
2 1 1191 1 1511
2 1 871 1 1191
2 1 742 1 2022
2 1 1766 1 2086
2 1 1894 1 2214
2 1 1317 1 1637
2 1 1061 1 2021
2 1 740 1 2020
2 1 1893 1 2213
2 1 932 1 2212
2 1 868 1 1508
2 1 1890 1 2210
2 1 930 1 1890
2 1 930 1 2210
2 1 866 1 1186
2 1 1442 1 1762
2 1 1057 1 2017
2 1 737 1 1057
2 1 737 1 2017
2 1 993 1 1633
2 1 736 1 2016
2 1 1889 1 2209
2 1 928 1 2208
2 1 1440 1 1760
2 1 1760 1 2080
2 1 1440 1 2080
2 1 864 1 1184
2 1 1055 1 2015
2 1 991 1 1311
2 1 991 1 1631
2 1 1311 1 1631
2 1 1887 1 2207
2 1 1182 1 1502
2 1 862 1 1502
2 1 862 1 1182
2 1 861 1 1181
2 1 861 1 1501
2 1 1181 1 1501
2 1 1885 1 2205
2 1 1308 1 1628
2 1 1884 1 2204
2 1 860 1 1500
2 1 1180 1 1500
2 1 860 1 1180
2 1 731 1 2011
2 1 1307 1 1627
2 1 987 1 1307
2 1 987 1 1627
2 1 986 1 1306
2 1 1306 1 1626
2 1 986 1 1626
2 1 859 1 1179
2 1 1305 1 1625
2 1 858 1 1178
2 1 1882 1 2202
2 1 729 1 1049
2 1 1049 1 2009
2 1 729 1 2009
2 1 1048 1 2008
2 1 728 1 1048
2 1 728 1 2008
2 1 1752 1 2072
2 1 1432 1 2072
2 1 1432 1 1752
2 1 920 1 1880
2 1 727 1 1047
2 1 1047 1 2007
2 1 727 1 2007
2 1 1751 1 2071
2 1 1431 1 1751
2 1 1431 1 2071
2 1 1046 1 2006
2 1 726 1 1046
2 1 726 1 2006
2 1 919 1 2199
2 1 725 1 1045
2 1 1045 1 2005
2 1 725 1 2005
2 1 918 1 1878
2 1 1878 1 2198
2 1 918 1 2198
2 1 917 1 2197
2 1 1877 1 2197
2 1 917 1 1877
2 1 724 1 1044
2 1 1428 1 2068
2 1 1428 1 1748
2 1 1748 1 2068
2 1 916 1 1876
2 1 723 1 1043
2 1 915 1 1875
2 1 915 1 2195
2 1 1875 1 2195
2 1 1297 1 1617
2 1 977 1 1297
2 1 977 1 1617
2 1 1746 1 2066
2 1 1426 1 2066
2 1 1426 1 1746
2 1 850 1 1490
2 1 1170 1 1490
2 1 850 1 1170
2 1 721 1 1041
2 1 1040 1 2000
2 1 1873 1 2193
2 1 912 1 2192
2 1 719 1 1039
2 1 911 1 2191
2 1 911 1 1871
2 1 1871 1 2191
2 1 1423 1 1743
2 1 717 1 1997
2 1 973 1 1293
2 1 910 1 2190
2 1 972 1 1292
2 1 972 1 1612
2 1 1292 1 1612
2 1 845 1 1165
2 1 844 1 1484
2 1 1164 1 1484
2 1 844 1 1164
2 1 1868 1 2188
2 1 1035 1 1995
2 1 715 1 1035
2 1 715 1 1995
2 1 1739 1 2059
2 1 714 1 1994
2 1 1034 1 1994
2 1 714 1 1034
2 1 1033 1 1993
2 1 713 1 1033
2 1 713 1 1993
2 1 906 1 2186
2 1 1866 1 2186
2 1 906 1 1866
2 1 905 1 2185
2 1 905 1 1865
2 1 1865 1 2185
2 1 1032 1 1992
2 1 712 1 1032
2 1 712 1 1992
2 1 904 1 2184
2 1 711 1 1991
2 1 839 1 1159
2 1 710 1 1990
2 1 966 1 1286
2 1 966 1 1606
2 1 1286 1 1606
2 1 965 1 1605
2 1 965 1 1285
2 1 1285 1 1605
2 1 1414 1 2054
2 1 838 1 1158
2 1 964 1 1284
2 1 1028 1 1988
2 1 708 1 1988
2 1 708 1 1028
2 1 1157 1 1477
2 1 1732 1 2052
2 1 707 1 1027
2 1 1026 1 1986
2 1 706 1 1026
2 1 706 1 1986
2 1 899 1 2179
2 1 898 1 2178
2 1 705 1 1985
2 1 704 1 1984
2 1 897 1 1857
3 1 570 1 830 1 1470
3 1 524 1 784 1 2064
3 1 584 1 1196 1 1516
3 1 611 1 903 1 1223
3 1 524 1 784 1 1744
3 1 570 1 830 1 1790
3 1 469 1 1342 1 1982
3 1 344 1 737 1 1377
3 1 346 1 1059 1 1379
3 1 569 1 829 1 1789
3 1 446 1 1495 1 1815
3 1 570 1 830 1 2110
3 1 345 1 1378 1 2018
3 1 469 1 1662 1 1982
3 1 403 1 1516 1 1836
3 1 478 1 903 1 2183
3 1 489 1 914 1 2194
3 1 344 1 1057 1 1377
3 1 539 1 735 1 1055
3 1 544 1 804 1 2084
3 1 344 1 1377 1 2017
3 1 495 1 984 1 1944
3 1 632 1 1244 1 1884
3 1 622 1 914 1 1234
3 1 631 1 1243 1 2203
3 1 635 1 1247 1 1887
3 1 615 1 1227 1 1867
3 1 548 1 808 1 2088
3 1 585 1 1261 1 1901
3 1 320 1 1033 1 1353
3 1 342 1 1375 1 2015
3 1 437 1 1422 1 1742
3 1 521 1 781 1 2061
3 1 602 1 894 1 1214
3 1 544 1 804 1 1764
3 1 495 1 1304 1 1944
3 1 632 1 1244 1 2204
3 1 621 1 1233 1 2193
3 1 330 1 1043 1 1363
3 1 521 1 781 1 1741
3 1 552 1 812 1 1772
3 1 620 1 912 1 1232
3 1 527 1 787 1 2067
3 1 498 1 1627 1 1947
3 1 508 1 1637 1 1957
3 1 342 1 1055 1 1375
3 1 383 1 1032 1 1352
3 1 569 1 829 1 2109
3 1 382 1 1351 1 1991
3 1 499 1 1628 1 1948
3 1 338 1 731 1 1371
3 1 499 1 1308 1 1948
3 1 355 1 1068 1 1388
3 1 355 1 748 1 1388
3 1 545 1 805 1 2085
3 1 564 1 824 1 2104
3 1 384 1 1753 1 2073
3 1 579 1 935 1 1255
3 1 496 1 1305 1 1945
3 1 562 1 822 1 2102
3 1 545 1 805 1 1445
3 1 539 1 799 1 2079
3 1 579 1 1255 1 1895
3 1 545 1 805 1 1765
3 1 549 1 809 1 1449
3 1 549 1 809 1 1769
3 1 549 1 809 1 2089
3 1 533 1 793 1 2073
3 1 548 1 808 1 1768
3 1 390 1 1759 1 2079
3 1 552 1 812 1 2092
3 1 525 1 785 1 2065
3 1 548 1 808 1 1448
3 1 564 1 824 1 1784
3 1 564 1 824 1 1464
3 1 527 1 787 1 1427
3 1 442 1 1427 1 1747
3 1 442 1 1747 1 2067
3 1 525 1 785 1 1745
3 1 552 1 812 1 1452
3 1 536 1 796 1 1756
3 1 485 1 1614 1 1934
3 1 579 1 1255 1 2215
3 1 581 1 1257 1 1897
3 1 413 1 1206 1 1846
3 1 638 1 930 1 1250
3 1 357 1 1390 1 2030
3 1 638 1 1250 1 2210
3 1 573 1 769 1 1729
3 1 616 1 1228 1 2188
3 1 324 1 717 1 1357
3 1 595 1 1271 1 2231
3 1 352 1 1385 1 2025
3 1 568 1 828 1 1788
3 1 496 1 1625 1 1945
3 1 597 1 1209 1 1529
3 1 537 1 733 1 2013
3 1 539 1 735 1 2015
3 1 607 1 899 1 1219
3 1 352 1 1001 1 1321
3 1 363 1 1332 1 1652
3 1 387 1 1180 1 1820
3 1 324 1 1357 1 1997
3 1 479 1 1608 1 1928
3 1 601 1 893 1 1213
3 1 428 1 1477 1 1797
3 1 383 1 1352 1 1992
3 1 486 1 975 1 1935
3 1 328 1 1041 1 1361
3 1 460 1 1653 1 1973
3 1 486 1 1295 1 1935
3 1 388 1 1181 1 1821
3 1 391 1 864 1 1824
3 1 595 1 1207 1 1527
3 1 591 1 1267 1 1907
3 1 386 1 1179 1 1819
3 1 388 1 861 1 1821
3 1 338 1 1371 1 2011
3 1 386 1 859 1 1819
3 1 616 1 1228 1 1868
3 1 542 1 738 1 2018
3 1 500 1 1309 1 1949
3 1 460 1 1013 1 1973
3 1 421 1 894 1 1854
3 1 493 1 982 1 1942
3 1 637 1 1249 1 2209
3 1 349 1 1382 1 2022
3 1 391 1 1184 1 1824
3 1 479 1 1288 1 1928
3 1 373 1 1086 1 1406
3 1 537 1 797 1 1757
3 1 485 1 1294 1 1934
3 1 460 1 1333 1 1973
3 1 532 1 792 1 2072
3 1 532 1 792 1 1432
3 1 349 1 742 1 1382
3 1 419 1 1212 1 1852
3 1 633 1 1245 1 1885
3 1 504 1 1633 1 1953
3 1 389 1 862 1 1822
3 1 594 1 1270 1 2230
3 1 594 1 1270 1 1910
3 1 635 1 1247 1 2207
3 1 603 1 1279 1 1919
3 1 538 1 798 1 2078
3 1 604 1 1216 1 2176
3 1 573 1 769 1 2049
3 1 381 1 710 1 1350
3 1 360 1 753 1 1393
3 1 573 1 769 1 1409
3 1 388 1 1501 1 1821
3 1 470 1 1919 1 2239
3 1 517 1 777 1 1737
3 1 517 1 777 1 1417
3 1 398 1 871 1 1831
3 1 333 1 982 1 1302
3 1 513 1 773 1 1413
3 1 376 1 1345 1 1985
3 1 341 1 734 1 1374
3 1 627 1 1175 1 1495
3 1 430 1 839 1 1799
3 1 340 1 1373 1 2013
3 1 374 1 1087 1 1407
3 1 536 1 796 1 1436
3 1 531 1 791 1 1751
3 1 395 1 868 1 1828
3 1 409 1 882 1 1842
3 1 376 1 705 1 1345
3 1 578 1 1254 1 1894
3 1 325 1 718 1 1358
3 1 515 1 775 1 1735
3 1 430 1 1159 1 1799
3 1 468 1 1021 1 1981
3 1 408 1 881 1 1841
3 1 599 1 955 1 1275
3 1 375 1 1280 1 1600
3 1 523 1 783 1 1743
3 1 531 1 791 1 1431
3 1 502 1 1631 1 1951
3 1 633 1 1245 1 2205
3 1 505 1 994 1 1954
3 1 507 1 1316 1 1956
3 1 595 1 951 1 1271
3 1 613 1 905 1 1225
3 1 494 1 1303 1 1943
3 1 634 1 926 1 1246
3 1 505 1 1314 1 1954
3 1 339 1 732 1 1372
3 1 394 1 867 1 1827
3 1 394 1 1507 1 1827
3 1 394 1 1187 1 1827
3 1 367 1 1080 1 1400
3 1 639 1 1251 1 2211
3 1 377 1 1346 1 1986
3 1 512 1 772 1 1732
3 1 358 1 1071 1 1391
3 1 541 1 801 1 1761
3 1 543 1 803 1 1443
3 1 439 1 1488 1 1808
3 1 617 1 1229 1 1869
3 1 330 1 723 1 1363
3 1 524 1 720 1 1040
3 1 373 1 766 1 1406
3 1 543 1 803 1 1763
3 1 444 1 1429 1 1749
3 1 601 1 1277 1 1917
3 1 510 1 1639 1 1959
3 1 610 1 1222 1 2182
3 1 471 1 1600 1 1920
3 1 613 1 1225 1 1865
3 1 562 1 758 1 2038
3 1 571 1 831 1 1791
3 1 502 1 991 1 1951
3 1 507 1 996 1 1956
3 1 572 1 768 1 1408
3 1 433 1 1162 1 1802
3 1 563 1 759 1 2039
3 1 576 1 1188 1 1508
3 1 572 1 768 1 2048
3 1 445 1 1174 1 1814
3 1 356 1 1389 1 2029
3 1 566 1 826 1 1466
3 1 537 1 797 1 1437
3 1 354 1 1387 1 2027
3 1 433 1 1482 1 1802
3 1 328 1 721 1 1361
3 1 455 1 1328 1 1968
3 1 537 1 797 1 2077
3 1 425 1 1410 1 1730
3 1 581 1 1193 1 1513
3 1 377 1 706 1 1346
3 1 455 1 1648 1 1968
3 1 441 1 1170 1 1810
