418 2240
2 1 1782 1 2102
2 1 1781 1 2101
2 1 1455 1 1775
2 1 1454 1 1774
2 1 1775 1 2095
2 1 1454 1 2094
2 1 1774 1 2094
2 1 1449 1 1769
2 1 1455 1 2095
2 1 1769 1 2089
2 1 1449 1 2089
2 1 1765 1 2085
2 1 1445 1 1765
2 1 1445 1 2085
2 1 1763 1 2083
2 1 1443 1 1763
2 1 1443 1 2083
2 1 1441 1 2081
2 1 1438 1 2078
2 1 1438 1 1758
2 1 1758 1 2078
2 1 1755 1 2075
2 1 1749 1 2069
2 1 1428 1 2068
2 1 1424 1 2064
2 1 1422 1 2062
2 1 1437 1 2077
2 1 1757 1 2077
2 1 1437 1 1757
2 1 1732 1 2052
2 1 1291 1 1611
2 1 1417 1 1737
2 1 969 1 1289
2 1 967 1 1287
2 1 1285 1 1605
2 1 1341 1 1661
2 1 1021 1 1661
2 1 1021 1 1341
2 1 1023 1 1663
2 1 1467 1 1787
2 1 1338 1 1658
2 1 1018 1 1338
2 1 1018 1 1658
2 1 1336 1 1656
2 1 1014 1 1654
2 1 1014 1 1334
2 1 1334 1 1654
2 1 1006 1 1326
2 1 1453 1 1773
2 1 1000 1 1320
2 1 1448 1 1768
2 1 1447 1 1767
2 1 996 1 1316
2 1 1343 1 1663
2 1 1023 1 1343
2 1 1315 1 1635
2 1 998 1 1638
2 1 995 1 1315
2 1 995 1 1635
2 1 994 1 1314
2 1 1440 1 1760
2 1 1313 1 1633
2 1 988 1 1308
2 1 1308 1 1628
2 1 988 1 1628
2 1 984 1 1624
2 1 1431 1 1751
2 1 1302 1 1622
2 1 835 1 1475
2 1 1730 1 2050
2 1 1410 1 2050
2 1 1410 1 1730
2 1 894 1 1214
2 1 1211 1 1531
2 1 1022 1 1662
2 1 1022 1 1342
2 1 1342 1 1662
2 1 1786 1 2106
2 1 1339 1 1659
2 1 1019 1 1659
2 1 1019 1 1339
2 1 889 1 1529
2 1 1209 1 1529
2 1 889 1 1209
2 1 1784 1 2104
2 1 1464 1 2104
2 1 1464 1 1784
2 1 1206 1 1526
2 1 887 1 1527
2 1 1460 1 1780
2 1 885 1 1205
2 1 1012 1 1652
2 1 1205 1 1525
2 1 885 1 1525
2 1 1458 1 2098
2 1 1458 1 1778
2 1 1778 1 2098
2 1 1457 1 1777
2 1 1776 1 2096
2 1 879 1 1519
2 1 879 1 1199
2 1 1199 1 1519
2 1 1772 1 2092
2 1 877 1 1517
2 1 1005 1 1645
2 1 878 1 1518
2 1 877 1 1197
2 1 1197 1 1517
2 1 1325 1 1645
2 1 1005 1 1325
2 1 1004 1 1324
2 1 1770 1 2090
2 1 1450 1 1770
2 1 1450 1 2090
2 1 873 1 1513
2 1 1192 1 1512
2 1 872 1 1192
2 1 872 1 1512
2 1 871 1 1191
2 1 867 1 1187
2 1 1186 1 1506
2 1 866 1 1506
2 1 866 1 1186
2 1 864 1 1504
2 1 1184 1 1504
2 1 864 1 1184
2 1 992 1 1632
2 1 1312 1 1632
2 1 992 1 1312
2 1 861 1 1501
2 1 862 1 1182
2 1 862 1 1502
2 1 868 1 1508
2 1 1182 1 1502
2 1 1309 1 1629
2 1 858 1 1498
2 1 1178 1 1498
2 1 858 1 1178
2 1 1305 1 1625
2 1 1175 1 1495
2 1 1188 1 1508
2 1 868 1 1188
2 1 985 1 1625
2 1 985 1 1305
2 1 853 1 1173
2 1 852 1 1492
2 1 1172 1 1492
2 1 852 1 1172
2 1 980 1 1300
2 1 980 1 1620
2 1 1300 1 1620
2 1 979 1 1299
2 1 979 1 1619
2 1 1299 1 1619
2 1 1168 1 1488
2 1 1423 1 1743
2 1 846 1 1166
2 1 1421 1 1741
2 1 844 1 1164
2 1 1162 1 1482
2 1 840 1 1160
2 1 1161 1 1481
2 1 767 1 2047
2 1 767 1 1087
2 1 1087 1 2047
2 1 959 1 2239
2 1 1790 1 2110
2 1 958 1 2238
2 1 958 1 1918
2 1 1918 1 2238
2 1 765 1 2045
2 1 1469 1 2109
2 1 1469 1 1789
2 1 1789 1 2109
2 1 1213 1 1533
2 1 1084 1 2044
2 1 957 1 2237
2 1 1917 1 2237
2 1 957 1 1917
2 1 1788 1 2108
2 1 763 1 2043
2 1 1083 1 2043
2 1 763 1 1083
2 1 1916 1 2236
2 1 1915 1 2235
2 1 955 1 2235
2 1 955 1 1915
2 1 954 1 1914
2 1 1914 1 2234
2 1 954 1 2234
2 1 1081 1 2041
2 1 761 1 2041
2 1 761 1 1081
2 1 1913 1 2233
2 1 760 1 2040
2 1 952 1 1912
2 1 1015 1 1655
2 1 888 1 1528
2 1 759 1 2039
2 1 1079 1 2039
2 1 759 1 1079
2 1 758 1 1078
2 1 1078 1 2038
2 1 758 1 2038
2 1 1077 1 2037
2 1 950 1 1910
2 1 1909 1 2229
2 1 949 1 2229
2 1 949 1 1909
2 1 948 1 1908
2 1 948 1 2228
2 1 1908 1 2228
2 1 884 1 1524
2 1 1011 1 1331
2 1 1907 1 2227
2 1 1459 1 1779
2 1 1779 1 2099
2 1 1459 1 2099
2 1 883 1 1203
2 1 1330 1 1650
2 1 1010 1 1650
2 1 1010 1 1330
2 1 1009 1 1649
2 1 1201 1 1521
2 1 881 1 1521
2 1 881 1 1201
2 1 1905 1 2225
2 1 1904 1 2224
2 1 880 1 1200
2 1 1071 1 2031
2 1 751 1 2031
2 1 751 1 1071
2 1 1903 1 2223
2 1 1070 1 2030
2 1 750 1 2030
2 1 750 1 1070
2 1 942 1 2222
2 1 1069 1 2029
2 1 1901 1 2221
2 1 941 1 2221
2 1 941 1 1901
2 1 748 1 2028
2 1 1900 1 2220
2 1 940 1 1900
2 1 940 1 2220
2 1 1899 1 2219
2 1 1002 1 1322
2 1 1195 1 1515
2 1 875 1 1195
2 1 875 1 1515
2 1 746 1 2026
2 1 1001 1 1641
2 1 745 1 1065
2 1 1897 1 2217
2 1 1064 1 2024
2 1 744 1 1064
2 1 744 1 2024
2 1 936 1 2216
2 1 1063 1 2023
2 1 935 1 2215
2 1 1895 1 2215
2 1 935 1 1895
2 1 742 1 2022
2 1 934 1 2214
2 1 1317 1 1637
2 1 997 1 1317
2 1 997 1 1637
2 1 1446 1 1766
2 1 870 1 1190
2 1 1061 1 2021
2 1 740 1 1060
2 1 932 1 2212
2 1 931 1 1891
2 1 931 1 2211
2 1 1891 1 2211
2 1 1442 1 1762
2 1 1890 1 2210
2 1 930 1 2210
2 1 930 1 1890
2 1 737 1 2017
2 1 1057 1 2017
2 1 737 1 1057
2 1 736 1 1056
2 1 1889 1 2209
2 1 929 1 2209
2 1 929 1 1889
2 1 928 1 1888
2 1 863 1 1183
2 1 1887 1 2207
2 1 927 1 1887
2 1 927 1 2207
2 1 734 1 1054
2 1 733 1 1053
2 1 925 1 2205
2 1 732 1 2012
2 1 924 1 2204
2 1 1884 1 2204
2 1 924 1 1884
2 1 987 1 1627
2 1 1307 1 1627
2 1 987 1 1307
2 1 860 1 1500
2 1 860 1 1180
2 1 1180 1 1500
2 1 1436 1 1756
2 1 731 1 1051
2 1 1050 1 2010
2 1 730 1 1050
2 1 730 1 2010
2 1 1883 1 2203
2 1 922 1 1882
2 1 1882 1 2202
2 1 922 1 2202
2 1 1434 1 1754
2 1 729 1 1049
2 1 1753 1 2073
2 1 1433 1 2073
2 1 1433 1 1753
2 1 921 1 2201
2 1 921 1 1881
2 1 1881 1 2201
2 1 1432 1 2072
2 1 1176 1 1496
2 1 727 1 1047
2 1 727 1 2007
2 1 1047 1 2007
2 1 983 1 1303
2 1 920 1 2200
2 1 918 1 2198
2 1 981 1 1301
2 1 854 1 1174
2 1 725 1 1045
2 1 916 1 2196
2 1 723 1 2003
2 1 851 1 1171
2 1 1171 1 1491
2 1 851 1 1491
2 1 1298 1 1618
2 1 978 1 1618
2 1 978 1 1298
2 1 722 1 2002
2 1 1170 1 1490
2 1 850 1 1490
2 1 850 1 1170
2 1 721 1 2001
2 1 1745 1 2065
2 1 849 1 1169
2 1 720 1 2000
2 1 720 1 1040
2 1 1040 1 2000
2 1 1872 1 2192
2 1 847 1 1487
2 1 718 1 1998
2 1 1038 1 1998
2 1 718 1 1038
2 1 974 1 1294
2 1 1870 1 2190
2 1 717 1 1997
2 1 845 1 1165
2 1 845 1 1485
2 1 1165 1 1485
2 1 716 1 1996
2 1 1036 1 1996
2 1 716 1 1036
2 1 1420 1 1740
2 1 1420 1 2060
2 1 1740 1 2060
2 1 1290 1 1610
2 1 1419 1 1739
2 1 1419 1 2059
2 1 1739 1 2059
2 1 1163 1 1483
2 1 714 1 1034
2 1 714 1 1994
2 1 1034 1 1994
2 1 1867 1 2187
2 1 907 1 2187
2 1 907 1 1867
2 1 713 1 1993
2 1 713 1 1033
2 1 1033 1 1993
2 1 1032 1 1992
2 1 904 1 2184
2 1 711 1 1991
2 1 1415 1 1735
2 1 1286 1 1606
2 1 710 1 1990
2 1 1030 1 1990
2 1 710 1 1030
2 1 903 1 1863
2 1 709 1 1989
2 1 1862 1 2182
2 1 1284 1 1604
2 1 964 1 1284
2 1 964 1 1604
2 1 708 1 1028
2 1 1028 1 1988
2 1 708 1 1988
2 1 901 1 1861
2 1 707 1 1027
2 1 1731 1 2051
2 1 899 1 2179
2 1 706 1 1986
2 1 1281 1 1601
2 1 1154 1 1474
2 1 705 1 1985
2 1 1858 1 2178
2 1 898 1 1858
2 1 898 1 2178
2 1 1857 1 2177
2 1 960 1 1600
2 1 833 1 1153
2 1 1153 1 1473
2 1 833 1 1473
2 1 704 1 1024
2 1 1024 1 1984
2 1 704 1 1984
2 1 1856 1 2176
