587 2240
2 1 1787 1 2107
2 1 1780 1 2100
2 1 1460 1 2100
2 1 1460 1 1780
2 1 1455 1 2095
2 1 1455 1 1775
2 1 1775 1 2095
2 1 1452 1 1772
2 1 1772 1 2092
2 1 1769 1 2089
2 1 1442 1 2082
2 1 1452 1 2092
2 1 1436 1 1756
2 1 1756 1 2076
2 1 1436 1 2076
2 1 1435 1 1755
2 1 1435 1 2075
2 1 1755 1 2075
2 1 1434 1 2074
2 1 1432 1 2072
2 1 1752 1 2072
2 1 1432 1 1752
2 1 1431 1 1751
2 1 1431 1 2071
2 1 1751 1 2071
2 1 1424 1 2064
2 1 1742 1 2062
2 1 1415 1 1735
2 1 1415 1 2055
2 1 1735 1 2055
2 1 1734 1 2054
2 1 972 1 1612
2 1 1419 1 1739
2 1 1286 1 1606
2 1 966 1 1286
2 1 966 1 1606
2 1 1281 1 1601
2 1 1408 1 1728
2 1 961 1 1601
2 1 1340 1 1660
2 1 1332 1 1652
2 1 1018 1 1338
2 1 961 1 1281
2 1 1461 1 1781
2 1 1012 1 1652
2 1 1012 1 1332
2 1 1331 1 1651
2 1 1009 1 1649
2 1 1005 1 1645
2 1 1000 1 1640
2 1 1320 1 1640
2 1 1000 1 1320
2 1 1448 1 1768
2 1 1001 1 1321
2 1 999 1 1319
2 1 1444 1 1764
2 1 1315 1 1635
2 1 995 1 1315
2 1 995 1 1635
2 1 992 1 1632
2 1 1304 1 1624
2 1 984 1 1624
2 1 984 1 1304
2 1 983 1 1623
2 1 981 1 1301
2 1 835 1 1475
2 1 834 1 1154
2 1 1155 1 1475
2 1 1154 1 1474
2 1 834 1 1474
2 1 1729 1 2049
2 1 1409 1 2049
2 1 835 1 1155
2 1 1010 1 1330
2 1 1409 1 1729
2 1 832 1 1152
2 1 1152 1 1472
2 1 832 1 1472
2 1 1343 1 1663
2 1 1023 1 1663
2 1 1023 1 1343
2 1 1213 1 1533
2 1 1468 1 2108
2 1 1788 1 2108
2 1 1468 1 1788
2 1 1211 1 1531
2 1 891 1 1211
2 1 891 1 1531
2 1 890 1 1530
2 1 890 1 1210
2 1 1210 1 1530
2 1 1017 1 1337
2 1 889 1 1209
2 1 1337 1 1657
2 1 1017 1 1657
2 1 1016 1 1656
2 1 1336 1 1656
2 1 1016 1 1336
2 1 883 1 1523
2 1 885 1 1525
2 1 885 1 1205
2 1 882 1 1202
2 1 1205 1 1525
2 1 881 1 1201
2 1 1199 1 1519
2 1 878 1 1518
2 1 1453 1 2093
2 1 1453 1 1773
2 1 1773 1 2093
2 1 1006 1 1326
2 1 876 1 1196
2 1 876 1 1516
2 1 1196 1 1516
2 1 1451 1 2091
2 1 874 1 1514
2 1 874 1 1194
2 1 1194 1 1514
2 1 872 1 1512
2 1 870 1 1190
2 1 1765 1 2085
2 1 1445 1 2085
2 1 1445 1 1765
2 1 868 1 1188
2 1 868 1 1508
2 1 1188 1 1508
2 1 865 1 1185
2 1 1185 1 1505
2 1 865 1 1505
2 1 866 1 1506
2 1 993 1 1313
2 1 1183 1 1503
2 1 1438 1 1758
2 1 1437 1 1757
2 1 990 1 1310
2 1 1179 1 1499
2 1 859 1 1499
2 1 859 1 1179
2 1 858 1 1498
2 1 857 1 1497
2 1 857 1 1177
2 1 1177 1 1497
2 1 856 1 1176
2 1 854 1 1494
2 1 1302 1 1622
2 1 855 1 1495
2 1 982 1 1622
2 1 982 1 1302
2 1 1172 1 1492
2 1 1746 1 2066
2 1 1426 1 1746
2 1 1426 1 2066
2 1 1425 1 1745
2 1 848 1 1168
2 1 846 1 1166
2 1 846 1 1486
2 1 1166 1 1486
2 1 845 1 1165
2 1 1165 1 1485
2 1 845 1 1485
2 1 973 1 1613
2 1 973 1 1293
2 1 1293 1 1613
2 1 843 1 1163
2 1 839 1 1479
2 1 1736 1 2056
2 1 838 1 1478
2 1 837 1 1477
2 1 1412 1 2052
2 1 1285 1 1605
2 1 965 1 1605
2 1 965 1 1285
2 1 1427 1 1747
2 1 1856 1 2176
2 1 1416 1 1736
2 1 1416 1 2056
2 1 1342 1 1662
2 1 1471 1 2111
2 1 895 1 1215
2 1 959 1 1919
2 1 959 1 2239
2 1 1919 1 2239
2 1 1085 1 2045
2 1 765 1 2045
2 1 765 1 1085
2 1 1021 1 1341
2 1 1789 1 2109
2 1 1469 1 1789
2 1 1469 1 2109
2 1 764 1 2044
2 1 1212 1 1532
2 1 1083 1 2043
2 1 763 1 2043
2 1 763 1 1083
2 1 956 1 2236
2 1 1915 1 2235
2 1 762 1 1082
2 1 762 1 2042
2 1 1082 1 2042
2 1 954 1 2234
2 1 1081 1 2041
2 1 761 1 2041
2 1 761 1 1081
2 1 1465 1 2105
2 1 953 1 1913
2 1 1208 1 1528
2 1 1015 1 1655
2 1 1015 1 1335
2 1 1335 1 1655
2 1 952 1 1912
2 1 1334 1 1654
2 1 1783 1 2103
2 1 887 1 1207
2 1 758 1 2038
2 1 1333 1 1653
2 1 1206 1 1526
2 1 757 1 1077
2 1 757 1 2037
2 1 1077 1 2037
2 1 756 1 1076
2 1 756 1 2036
2 1 1076 1 2036
2 1 948 1 1908
2 1 948 1 2228
2 1 1908 1 2228
2 1 755 1 2035
2 1 1075 1 2035
2 1 755 1 1075
2 1 947 1 1907
2 1 947 1 2227
2 1 1907 1 2227
2 1 754 1 2034
2 1 1074 1 2034
2 1 754 1 1074
2 1 753 1 2033
2 1 753 1 1073
2 1 1073 1 2033
2 1 1777 1 2097
2 1 1457 1 2097
2 1 1457 1 1777
2 1 945 1 1905
2 1 752 1 2032
2 1 752 1 1072
2 1 1072 1 2032
2 1 1776 1 2096
2 1 1071 1 2031
2 1 751 1 2031
2 1 751 1 1071
2 1 1904 1 2224
2 1 944 1 2224
2 1 944 1 1904
2 1 750 1 1070
2 1 1903 1 2223
2 1 943 1 2223
2 1 943 1 1903
2 1 942 1 1902
2 1 1902 1 2222
2 1 942 1 2222
2 1 1454 1 2094
2 1 1197 1 1517
2 1 1004 1 1324
2 1 941 1 1901
2 1 747 1 2027
2 1 939 1 2219
2 1 939 1 1899
2 1 1899 1 2219
2 1 1002 1 1642
2 1 1002 1 1322
2 1 1322 1 1642
2 1 875 1 1515
2 1 875 1 1195
2 1 1195 1 1515
2 1 1066 1 2026
2 1 746 1 2026
2 1 746 1 1066
2 1 1065 1 2025
2 1 744 1 1064
2 1 1064 1 2024
2 1 744 1 2024
2 1 937 1 1897
2 1 1897 1 2217
2 1 937 1 2217
2 1 936 1 2216
2 1 936 1 1896
2 1 1896 1 2216
2 1 1063 1 2023
2 1 1895 1 2215
2 1 935 1 2215
2 1 935 1 1895
2 1 1062 1 2022
2 1 742 1 1062
2 1 742 1 2022
2 1 1446 1 1766
2 1 934 1 2214
2 1 1894 1 2214
2 1 934 1 1894
2 1 996 1 1636
2 1 740 1 1060
2 1 740 1 2020
2 1 1060 1 2020
2 1 933 1 2213
2 1 1893 1 2213
2 1 933 1 1893
2 1 1892 1 2212
2 1 739 1 2019
2 1 1891 1 2211
2 1 931 1 1891
2 1 931 1 2211
2 1 994 1 1634
2 1 994 1 1314
2 1 1314 1 1634
2 1 1440 1 1760
2 1 1440 1 2080
2 1 1760 1 2080
2 1 864 1 1184
2 1 1055 1 2015
2 1 735 1 2015
2 1 735 1 1055
2 1 991 1 1631
2 1 734 1 2014
2 1 1887 1 2207
2 1 926 1 2206
2 1 1886 1 2206
2 1 926 1 1886
2 1 1309 1 1629
2 1 989 1 1309
2 1 989 1 1629
2 1 1885 1 2205
2 1 988 1 1308
2 1 1052 1 2012
2 1 1884 1 2204
2 1 1051 1 2011
2 1 923 1 1883
2 1 1883 1 2203
2 1 923 1 2203
2 1 730 1 1050
2 1 922 1 1882
2 1 922 1 2202
2 1 1882 1 2202
2 1 1049 1 2009
2 1 729 1 1049
2 1 729 1 2009
2 1 728 1 2008
2 1 728 1 1048
2 1 1048 1 2008
2 1 920 1 2200
2 1 920 1 1880
2 1 1880 1 2200
2 1 919 1 1879
2 1 1879 1 2199
2 1 919 1 2199
2 1 918 1 2198
2 1 1430 1 1750
2 1 1429 1 1749
2 1 1429 1 2069
2 1 1749 1 2069
2 1 1044 1 2004
2 1 724 1 2004
2 1 724 1 1044
2 1 917 1 2197
2 1 1428 1 1748
2 1 1876 1 2196
2 1 1298 1 1618
2 1 915 1 2195
2 1 1875 1 2195
2 1 915 1 1875
2 1 722 1 2002
2 1 1874 1 2194
2 1 1297 1 1617
2 1 977 1 1617
2 1 977 1 1297
2 1 849 1 1169
2 1 1169 1 1489
2 1 849 1 1489
2 1 1040 1 2000
2 1 976 1 1296
2 1 1296 1 1616
2 1 976 1 1616
2 1 1872 1 2192
2 1 1294 1 1614
2 1 847 1 1487
2 1 911 1 1871
2 1 718 1 1998
2 1 718 1 1038
2 1 1038 1 1998
2 1 717 1 1037
2 1 717 1 1997
2 1 1037 1 1997
2 1 1869 1 2189
2 1 909 1 1869
2 1 909 1 2189
2 1 716 1 1996
2 1 1035 1 1995
2 1 971 1 1291
2 1 1291 1 1611
2 1 971 1 1611
2 1 1868 1 2188
2 1 908 1 1868
2 1 908 1 2188
2 1 714 1 1994
2 1 906 1 2186
2 1 1418 1 2058
2 1 842 1 1162
2 1 1289 1 1609
2 1 969 1 1289
2 1 969 1 1609
2 1 968 1 1288
2 1 1417 1 1737
2 1 1737 1 2057
2 1 1417 1 2057
2 1 1161 1 1481
2 1 1287 1 1607
2 1 1160 1 1480
2 1 1031 1 1991
2 1 711 1 1031
2 1 711 1 1991
2 1 1864 1 2184
2 1 1863 1 2183
2 1 710 1 1030
2 1 902 1 1862
2 1 1862 1 2182
2 1 902 1 2182
2 1 1029 1 1989
2 1 709 1 1029
2 1 709 1 1989
2 1 1413 1 2053
2 1 901 1 2181
2 1 708 1 1988
2 1 707 1 1027
2 1 1027 1 1987
2 1 707 1 1987
2 1 1156 1 1476
2 1 900 1 1860
2 1 706 1 1026
2 1 898 1 1858
2 1 705 1 1985
2 1 1024 1 1984
2 1 960 1 1280
2 1 897 1 2177
2 1 897 1 1857
2 1 1857 1 2177
3 1 614 1 1226 1 2186
3 1 567 1 827 1 2107
3 1 320 1 713 1 1353
3 1 567 1 827 1 1787
3 1 583 1 939 1 1259
3 1 504 1 929 1 2209
3 1 637 1 929 1 1249
3 1 614 1 906 1 1226
3 1 530 1 726 1 1046
3 1 585 1 1261 1 1901
3 1 472 1 961 1 1921
3 1 497 1 1626 1 1946
3 1 456 1 1009 1 1969
3 1 522 1 782 1 1742
3 1 549 1 809 1 2089
3 1 549 1 809 1 1769
3 1 322 1 1035 1 1355
3 1 621 1 1233 1 2193
3 1 486 1 1615 1 1935
3 1 455 1 1008 1 1968
3 1 326 1 1295 1 1615
3 1 380 1 1349 1 1989
3 1 359 1 1008 1 1328
3 1 522 1 782 1 2062
3 1 337 1 1306 1 1626
3 1 510 1 1319 1 1959
3 1 510 1 999 1 1959
3 1 622 1 1234 1 2194
3 1 542 1 802 1 2082
3 1 492 1 981 1 1941
3 1 536 1 796 1 1436
3 1 622 1 1234 1 1874
3 1 473 1 1858 1 2178
3 1 492 1 1301 1 1941
3 1 606 1 898 1 1218
3 1 539 1 799 1 1759
3 1 501 1 1310 1 1950
3 1 501 1 990 1 1950
3 1 456 1 1649 1 1969
3 1 536 1 796 1 1756
3 1 606 1 1218 1 1858
3 1 560 1 820 1 2100
3 1 473 1 898 1 2178
3 1 360 1 1329 1 1649
3 1 536 1 796 1 2076
3 1 360 1 1009 1 1329
3 1 487 1 1616 1 1936
3 1 552 1 812 1 2092
3 1 552 1 812 1 1772
3 1 555 1 815 1 2095
3 1 555 1 815 1 1455
3 1 555 1 815 1 1775
3 1 552 1 812 1 1452
3 1 393 1 1442 1 1762
3 1 393 1 1762 1 2082
3 1 440 1 1489 1 1809
3 1 379 1 1348 1 1988
3 1 372 1 1085 1 1405
3 1 533 1 793 1 1753
3 1 442 1 1171 1 1811
3 1 333 1 1046 1 1366
3 1 542 1 802 1 1442
3 1 560 1 820 1 1460
3 1 534 1 794 1 1434
3 1 611 1 1223 1 2183
3 1 589 1 945 1 1265
3 1 535 1 795 1 2075
3 1 488 1 1617 1 1937
3 1 560 1 820 1 1780
3 1 535 1 795 1 1755
3 1 458 1 1651 1 1971
3 1 518 1 778 1 2058
3 1 433 1 1418 1 1738
3 1 532 1 792 1 2072
3 1 532 1 792 1 1432
3 1 532 1 792 1 1752
3 1 433 1 1738 1 2058
3 1 535 1 795 1 1435
3 1 372 1 765 1 1405
3 1 534 1 794 1 2074
3 1 385 1 1754 1 2074
3 1 576 1 1252 1 2212
3 1 408 1 881 1 1841
3 1 420 1 1533 1 1853
3 1 372 1 1405 1 2045
3 1 385 1 1434 1 1754
3 1 426 1 1731 1 2051
3 1 573 1 769 1 1409
3 1 576 1 1252 1 1892
3 1 610 1 1222 1 2182
3 1 548 1 808 1 1768
3 1 550 1 810 1 1770
3 1 575 1 771 1 2051
3 1 475 1 1604 1 1924
3 1 360 1 1073 1 1393
3 1 440 1 1169 1 1809
3 1 420 1 1213 1 1853
3 1 583 1 1259 1 1899
3 1 408 1 1201 1 1841
3 1 632 1 860 1 1180
3 1 548 1 808 1 1448
3 1 431 1 1160 1 1800
3 1 626 1 1174 1 1494
3 1 626 1 854 1 1174
3 1 617 1 909 1 1229
3 1 619 1 1231 1 1871
3 1 509 1 998 1 1958
3 1 444 1 1173 1 1813
3 1 484 1 1613 1 1933
3 1 489 1 1298 1 1938
3 1 331 1 980 1 1300
3 1 525 1 785 1 1425
3 1 626 1 918 1 1238
3 1 602 1 1214 1 1534
3 1 419 1 1212 1 1852
3 1 586 1 942 1 1262
3 1 440 1 849 1 1809
3 1 386 1 859 1 1819
3 1 627 1 919 1 1239
3 1 354 1 1323 1 1643
3 1 499 1 988 1 1948
3 1 611 1 1223 1 1863
3 1 515 1 775 1 2055
3 1 489 1 1618 1 1938
3 1 515 1 775 1 1415
3 1 467 1 1660 1 1980
3 1 515 1 775 1 1735
3 1 531 1 791 1 1431
3 1 493 1 1622 1 1942
3 1 531 1 791 1 2071
3 1 586 1 878 1 1198
3 1 327 1 1360 1 2000
3 1 474 1 1603 1 1923
3 1 467 1 1340 1 1980
3 1 427 1 1476 1 1796
3 1 588 1 1200 1 1520
3 1 531 1 791 1 1751
3 1 475 1 900 1 2180
3 1 537 1 797 1 1757
3 1 540 1 736 1 2016
3 1 538 1 798 1 1438
3 1 629 1 921 1 1241
3 1 439 1 848 1 1808
3 1 589 1 1265 1 1905
3 1 329 1 1362 1 2002
3 1 506 1 1315 1 1955
3 1 341 1 1374 1 2014
