644 2240
2 1 1791 1 2111
2 1 1467 1 2107
2 1 1465 1 2105
2 1 1455 1 1775
2 1 1775 1 2095
2 1 1455 1 2095
2 1 1764 1 2084
2 1 1443 1 2083
2 1 1761 1 2081
2 1 1760 1 2080
2 1 1755 1 2075
2 1 1434 1 2074
2 1 1753 1 2073
2 1 1433 1 1753
2 1 1433 1 2073
2 1 1425 1 2065
2 1 1742 1 2062
2 1 1422 1 2062
2 1 1422 1 1742
2 1 1420 1 2060
2 1 1420 1 1740
2 1 1743 1 2063
2 1 1744 1 2064
2 1 1424 1 2064
2 1 1740 1 2060
2 1 1424 1 1744
2 1 1423 1 2063
2 1 1423 1 1743
2 1 1419 1 2059
2 1 1419 1 1739
2 1 1739 1 2059
2 1 1413 1 1733
2 1 1733 1 2053
2 1 1413 1 2053
2 1 1412 1 2052
2 1 1732 1 2052
2 1 1412 1 1732
2 1 974 1 1294
2 1 1294 1 1614
2 1 973 1 1613
2 1 1421 1 1741
2 1 974 1 1614
2 1 972 1 1612
2 1 970 1 1610
2 1 1417 1 1737
2 1 968 1 1608
2 1 967 1 1607
2 1 1416 1 1736
2 1 1415 1 1735
2 1 965 1 1285
2 1 1411 1 1731
2 1 1019 1 1659
2 1 1018 1 1658
2 1 1018 1 1338
2 1 1338 1 1658
2 1 1016 1 1336
2 1 1336 1 1656
2 1 1468 1 1788
2 1 1016 1 1656
2 1 1326 1 1646
2 1 1324 1 1644
2 1 1323 1 1643
2 1 997 1 1637
2 1 997 1 1317
2 1 1317 1 1637
2 1 1315 1 1635
2 1 992 1 1632
2 1 992 1 1312
2 1 1312 1 1632
2 1 991 1 1311
2 1 990 1 1310
2 1 989 1 1309
2 1 988 1 1628
2 1 984 1 1624
2 1 1426 1 1746
2 1 976 1 1296
2 1 835 1 1155
2 1 835 1 1475
2 1 1155 1 1475
2 1 1730 1 2050
2 1 1410 1 1730
2 1 1410 1 2050
2 1 1283 1 1603
2 1 891 1 1211
2 1 1408 1 2048
2 1 895 1 1215
2 1 895 1 1535
2 1 1215 1 1535
2 1 1342 1 1662
2 1 1022 1 1662
2 1 1022 1 1342
2 1 890 1 1530
2 1 1784 1 2104
2 1 1464 1 2104
2 1 1464 1 1784
2 1 1337 1 1657
2 1 1207 1 1527
2 1 887 1 1527
2 1 886 1 1526
2 1 1206 1 1526
2 1 887 1 1207
2 1 886 1 1206
2 1 1461 1 2101
2 1 1334 1 1654
2 1 1779 1 2099
2 1 1201 1 1521
2 1 1200 1 1520
2 1 1199 1 1519
2 1 1007 1 1327
2 1 1007 1 1647
2 1 1327 1 1647
2 1 1197 1 1517
2 1 876 1 1196
2 1 1195 1 1515
2 1 1002 1 1642
2 1 1002 1 1322
2 1 1322 1 1642
2 1 1321 1 1641
2 1 1001 1 1641
2 1 1001 1 1321
2 1 1190 1 1510
2 1 1765 1 2085
2 1 868 1 1508
2 1 867 1 1507
2 1 866 1 1186
2 1 1186 1 1506
2 1 866 1 1506
2 1 1180 1 1500
2 1 867 1 1187
2 1 1185 1 1505
2 1 1187 1 1507
2 1 1184 1 1504
2 1 864 1 1504
2 1 863 1 1503
2 1 864 1 1184
2 1 858 1 1498
2 1 857 1 1497
2 1 1752 1 2072
2 1 1305 1 1625
2 1 985 1 1625
2 1 985 1 1305
2 1 855 1 1495
2 1 855 1 1175
2 1 1175 1 1495
2 1 982 1 1622
2 1 1428 1 2068
2 1 1748 1 2068
2 1 1428 1 1748
2 1 1427 1 1747
2 1 849 1 1169
2 1 848 1 1488
2 1 847 1 1487
2 1 846 1 1486
2 1 845 1 1485
2 1 844 1 1164
2 1 843 1 1483
2 1 1418 1 1738
2 1 841 1 1161
2 1 840 1 1160
2 1 838 1 1158
2 1 1157 1 1477
2 1 836 1 1476
2 1 1156 1 1476
2 1 836 1 1156
2 1 1343 1 1663
2 1 767 1 1087
2 1 958 1 2238
2 1 1021 1 1661
2 1 1470 1 1790
2 1 894 1 1534
2 1 765 1 2045
2 1 1020 1 1660
2 1 1020 1 1340
2 1 1340 1 1660
2 1 1469 1 1789
2 1 764 1 1084
2 1 764 1 2044
2 1 1084 1 2044
2 1 763 1 2043
2 1 763 1 1083
2 1 1083 1 2043
2 1 955 1 2235
2 1 1915 1 2235
2 1 955 1 1915
2 1 762 1 1082
2 1 1081 1 2041
2 1 760 1 2040
2 1 953 1 1913
2 1 888 1 1208
2 1 888 1 1528
2 1 1208 1 1528
2 1 758 1 1078
2 1 950 1 1910
2 1 885 1 1525
2 1 1012 1 1332
2 1 1332 1 1652
2 1 1012 1 1652
2 1 1460 1 2100
2 1 884 1 1524
2 1 1204 1 1524
2 1 884 1 1204
2 1 1203 1 1523
2 1 754 1 2034
2 1 1778 1 2098
2 1 1458 1 1778
2 1 1458 1 2098
2 1 882 1 1522
2 1 1202 1 1522
2 1 882 1 1202
2 1 1073 1 2033
2 1 753 1 2033
2 1 753 1 1073
2 1 1457 1 2097
2 1 1777 1 2097
2 1 1457 1 1777
2 1 752 1 2032
2 1 752 1 1072
2 1 1072 1 2032
2 1 1905 1 2225
2 1 1456 1 2096
2 1 751 1 2031
2 1 1071 1 2031
2 1 751 1 1071
2 1 944 1 1904
2 1 1904 1 2224
2 1 944 1 2224
2 1 943 1 1903
2 1 1454 1 2094
2 1 1198 1 1518
2 1 878 1 1198
2 1 1325 1 1645
2 1 878 1 1518
2 1 942 1 2222
2 1 749 1 1069
2 1 1069 1 2029
2 1 749 1 2029
2 1 748 1 1068
2 1 1068 1 2028
2 1 748 1 2028
2 1 1452 1 2092
2 1 940 1 2220
2 1 1900 1 2220
2 1 940 1 1900
2 1 1067 1 2027
2 1 747 1 2027
2 1 747 1 1067
2 1 746 1 1066
2 1 746 1 2026
2 1 1066 1 2026
2 1 745 1 2025
2 1 873 1 1193
2 1 1000 1 1640
2 1 1000 1 1320
2 1 1320 1 1640
2 1 744 1 2024
2 1 1448 1 1768
2 1 743 1 2023
2 1 1318 1 1638
2 1 998 1 1638
2 1 998 1 1318
2 1 1062 1 2022
2 1 742 1 2022
2 1 742 1 1062
2 1 1895 1 2215
2 1 1446 1 2086
2 1 741 1 2021
2 1 1316 1 1636
2 1 740 1 2020
2 1 1060 1 2020
2 1 740 1 1060
2 1 933 1 1893
2 1 1892 1 2212
2 1 739 1 2019
2 1 1059 1 2019
2 1 739 1 1059
2 1 931 1 1891
2 1 931 1 2211
2 1 1891 1 2211
2 1 1058 1 2018
2 1 738 1 1058
2 1 738 1 2018
2 1 1762 1 2082
2 1 930 1 1890
2 1 737 1 2017
2 1 737 1 1057
2 1 1057 1 2017
2 1 1056 1 2016
2 1 736 1 1056
2 1 736 1 2016
2 1 929 1 2209
2 1 929 1 1889
2 1 1889 1 2209
2 1 928 1 2208
2 1 928 1 1888
2 1 1888 1 2208
2 1 735 1 1055
2 1 1055 1 2015
2 1 735 1 2015
2 1 1887 1 2207
2 1 927 1 2207
2 1 927 1 1887
2 1 1438 1 1758
2 1 1758 1 2078
2 1 1438 1 2078
2 1 1053 1 2013
2 1 926 1 2206
2 1 926 1 1886
2 1 1886 1 2206
2 1 1757 1 2077
2 1 1437 1 2077
2 1 1437 1 1757
2 1 732 1 2012
2 1 732 1 1052
2 1 1052 1 2012
2 1 925 1 1885
2 1 1885 1 2205
2 1 925 1 2205
2 1 1436 1 2076
2 1 1051 1 2011
2 1 731 1 2011
2 1 731 1 1051
2 1 924 1 1884
2 1 1884 1 2204
2 1 924 1 2204
2 1 730 1 2010
2 1 730 1 1050
2 1 1050 1 2010
2 1 923 1 1883
2 1 1882 1 2202
2 1 922 1 2202
2 1 922 1 1882
2 1 729 1 1049
2 1 921 1 1881
2 1 1880 1 2200
2 1 920 1 2200
2 1 920 1 1880
2 1 856 1 1496
2 1 983 1 1623
2 1 1047 1 2007
2 1 1879 1 2199
2 1 918 1 2198
2 1 1878 1 2198
2 1 918 1 1878
2 1 854 1 1174
2 1 853 1 1173
2 1 980 1 1620
2 1 980 1 1300
2 1 1300 1 1620
2 1 1876 1 2196
2 1 979 1 1299
2 1 1299 1 1619
2 1 979 1 1619
2 1 1875 1 2195
2 1 978 1 1298
2 1 851 1 1171
2 1 1171 1 1491
2 1 851 1 1491
2 1 1041 1 2001
2 1 1873 1 2193
2 1 913 1 2193
2 1 913 1 1873
2 1 1040 1 2000
2 1 720 1 1040
2 1 720 1 2000
2 1 912 1 1872
2 1 719 1 1039
2 1 1039 1 1999
2 1 719 1 1999
2 1 911 1 2191
2 1 1871 1 2191
2 1 911 1 1871
2 1 718 1 1038
2 1 718 1 1998
2 1 1038 1 1998
2 1 910 1 2190
2 1 910 1 1870
2 1 1870 1 2190
2 1 1037 1 1997
2 1 909 1 2189
2 1 716 1 1036
2 1 908 1 2188
2 1 908 1 1868
2 1 1868 1 2188
2 1 1035 1 1995
2 1 907 1 2187
2 1 1867 1 2187
2 1 907 1 1867
2 1 906 1 2186
2 1 1289 1 1609
2 1 969 1 1289
2 1 969 1 1609
2 1 842 1 1482
2 1 1864 1 2184
2 1 904 1 2184
2 1 904 1 1864
2 1 1031 1 1991
2 1 903 1 2183
2 1 903 1 1863
2 1 1863 1 2183
2 1 1734 1 2054
2 1 1414 1 1734
2 1 1414 1 2054
2 1 902 1 2182
2 1 1029 1 1989
2 1 709 1 1989
2 1 709 1 1029
2 1 1861 1 2181
2 1 901 1 1861
2 1 901 1 2181
2 1 1860 1 2180
2 1 900 1 1860
2 1 900 1 2180
2 1 1859 1 2179
2 1 899 1 1859
2 1 899 1 2179
2 1 706 1 1986
2 1 898 1 2178
2 1 898 1 1858
2 1 1858 1 2178
2 1 834 1 1154
2 1 961 1 1601
2 1 1281 1 1601
2 1 961 1 1281
2 1 1857 1 2177
2 1 1280 1 1600
2 1 960 1 1600
2 1 960 1 1280
2 1 1409 1 2049
2 1 833 1 1473
2 1 1153 1 1473
2 1 833 1 1153
3 1 397 1 1510 1 1830
3 1 625 1 1237 1 1877
3 1 356 1 749 1 1389
3 1 627 1 1239 1 2199
3 1 492 1 1877 1 2197
3 1 601 1 1277 1 2237
3 1 603 1 1279 1 1919
3 1 451 1 1644 1 1964
3 1 488 1 977 1 1937
3 1 451 1 1324 1 1964
3 1 470 1 1919 1 2239
3 1 505 1 1634 1 1954
3 1 614 1 906 1 1226
3 1 614 1 1226 1 2186
3 1 499 1 988 1 1948
3 1 499 1 1628 1 1948
3 1 628 1 920 1 1240
3 1 581 1 937 1 1257
3 1 333 1 1302 1 1622
3 1 328 1 977 1 1297
3 1 487 1 976 1 1936
3 1 611 1 839 1 1159
3 1 571 1 831 1 1791
3 1 628 1 1240 1 1880
3 1 512 1 772 1 2052
3 1 487 1 1296 1 1936
3 1 626 1 918 1 1238
3 1 583 1 939 1 1259
3 1 513 1 773 1 1413
3 1 624 1 852 1 1172
3 1 448 1 937 1 2217
3 1 627 1 1239 1 1879
3 1 544 1 804 1 1764
3 1 571 1 831 1 2111
3 1 324 1 1037 1 1357
3 1 618 1 846 1 1166
3 1 339 1 988 1 1308
3 1 345 1 1314 1 1634
3 1 437 1 1486 1 1806
3 1 565 1 825 1 2105
3 1 418 1 1787 1 2107
3 1 414 1 1783 1 2103
3 1 562 1 822 1 2102
3 1 555 1 815 1 1455
3 1 555 1 815 1 1775
3 1 555 1 815 1 2095
3 1 517 1 777 1 1737
3 1 478 1 1607 1 1927
3 1 513 1 773 1 1733
3 1 478 1 967 1 1927
3 1 576 1 868 1 1188
3 1 576 1 1188 1 1508
3 1 563 1 823 1 2103
3 1 523 1 783 1 2063
3 1 339 1 1308 1 1628
3 1 338 1 987 1 1307
3 1 515 1 711 1 1031
3 1 394 1 1763 1 2083
3 1 450 1 1643 1 1963
3 1 477 1 1286 1 1926
3 1 394 1 1443 1 1763
3 1 418 1 1467 1 1787
3 1 567 1 827 1 2107
3 1 430 1 839 1 1799
3 1 498 1 987 1 1947
3 1 506 1 1315 1 1955
3 1 506 1 1635 1 1955
3 1 565 1 825 1 1465
3 1 397 1 1190 1 1830
3 1 416 1 1785 1 2105
3 1 567 1 827 1 1467
3 1 521 1 717 1 1997
3 1 535 1 795 1 2075
3 1 416 1 1465 1 1785
3 1 534 1 794 1 1434
3 1 456 1 1329 1 1969
3 1 602 1 958 1 1278
3 1 630 1 858 1 1178
3 1 535 1 795 1 1755
3 1 329 1 1042 1 1362
3 1 540 1 800 1 2080
3 1 540 1 800 1 1760
3 1 541 1 801 1 2081
3 1 541 1 801 1 1761
3 1 544 1 804 1 2084
3 1 543 1 803 1 1443
3 1 543 1 803 1 2083
3 1 413 1 1782 1 2102
3 1 435 1 844 1 1804
3 1 382 1 1351 1 1991
3 1 429 1 1158 1 1798
3 1 636 1 1248 1 2208
3 1 636 1 1248 1 1888
3 1 636 1 928 1 1248
3 1 353 1 1386 1 2026
3 1 620 1 1168 1 1488
3 1 637 1 929 1 1249
3 1 593 1 949 1 1269
3 1 475 1 964 1 1924
3 1 353 1 1066 1 1386
3 1 351 1 1384 1 2024
3 1 339 1 1052 1 1372
3 1 634 1 926 1 1246
3 1 332 1 981 1 1301
3 1 467 1 1660 1 1980
3 1 524 1 784 1 1744
3 1 524 1 784 1 1424
3 1 524 1 784 1 2064
3 1 611 1 1223 1 1863
3 1 526 1 786 1 1426
3 1 633 1 1181 1 1501
3 1 632 1 1244 1 2204
3 1 621 1 1233 1 1873
3 1 515 1 711 1 1991
3 1 528 1 724 1 2004
3 1 460 1 949 1 2229
3 1 534 1 794 1 2074
3 1 382 1 1031 1 1351
3 1 385 1 1754 1 2074
3 1 481 1 1610 1 1930
3 1 620 1 848 1 1168
3 1 463 1 1336 1 1976
3 1 538 1 734 1 1054
3 1 481 1 970 1 1930
3 1 615 1 843 1 1163
3 1 617 1 845 1 1165
3 1 619 1 847 1 1167
3 1 431 1 840 1 1800
3 1 607 1 899 1 1219
3 1 328 1 1041 1 1361
3 1 619 1 1167 1 1487
3 1 537 1 733 1 1053
3 1 385 1 1434 1 1754
3 1 514 1 774 1 2054
3 1 514 1 774 1 1734
3 1 438 1 1487 1 1807
3 1 514 1 774 1 1414
3 1 444 1 853 1 1813
3 1 419 1 1212 1 1852
3 1 513 1 773 1 2053
3 1 605 1 1217 1 2177
3 1 519 1 779 1 2059
3 1 444 1 1173 1 1813
3 1 370 1 1019 1 1339
3 1 370 1 1339 1 1659
3 1 388 1 1501 1 1821
3 1 449 1 1322 1 1962
3 1 522 1 782 1 1422
3 1 407 1 1776 1 2096
3 1 374 1 1087 1 1407
3 1 351 1 744 1 1384
3 1 466 1 1019 1 1979
3 1 605 1 1217 1 1857
3 1 326 1 975 1 1295
3 1 483 1 1612 1 1932
3 1 338 1 731 1 1371
3 1 383 1 968 1 1288
3 1 412 1 1781 1 2101
3 1 441 1 850 1 1810
3 1 606 1 1218 1 2178
3 1 635 1 1183 1 1503
3 1 483 1 972 1 1932
3 1 623 1 1235 1 2195
3 1 604 1 1152 1 1472
3 1 519 1 779 1 1419
3 1 529 1 789 1 1749
3 1 519 1 779 1 1739
3 1 383 1 1032 1 1352
3 1 573 1 769 1 1409
3 1 386 1 1499 1 1819
3 1 547 1 807 1 2087
3 1 332 1 725 1 1365
3 1 466 1 1659 1 1979
3 1 493 1 982 1 1942
3 1 522 1 782 1 1742
3 1 465 1 1018 1 1978
3 1 522 1 782 1 2062
3 1 463 1 1656 1 1976
3 1 399 1 1192 1 1832
3 1 628 1 1240 1 2200
3 1 635 1 1247 1 1887
3 1 556 1 816 1 1456
3 1 431 1 1160 1 1800
3 1 439 1 848 1 1808
3 1 486 1 975 1 1935
3 1 429 1 838 1 1798
3 1 573 1 769 1 2049
3 1 323 1 972 1 1292
3 1 525 1 721 1 2001
3 1 337 1 986 1 1306
3 1 361 1 1010 1 1330
3 1 424 1 1729 1 2049
3 1 584 1 940 1 1260
3 1 537 1 733 1 2013
3 1 323 1 1292 1 1612
3 1 561 1 821 1 1461
3 1 615 1 1163 1 1483
3 1 424 1 1409 1 1729
3 1 331 1 1364 1 2004
3 1 381 1 1030 1 1350
3 1 516 1 776 1 1736
3 1 515 1 775 1 1415
3 1 626 1 1238 1 1878
3 1 450 1 939 1 2219
3 1 460 1 1333 1 1973
3 1 526 1 722 1 1042
3 1 401 1 1194 1 1834
3 1 577 1 1189 1 1509
3 1 492 1 981 1 1941
3 1 578 1 1254 1 1894
3 1 632 1 1244 1 1884
3 1 353 1 746 1 1386
3 1 626 1 1238 1 2198
