589 2240
2 1 1466 1 2106
2 1 1466 1 1786
2 1 1786 1 2106
2 1 1463 1 2103
2 1 1463 1 1783
2 1 1783 1 2103
2 1 1462 1 2102
2 1 1782 1 2102
2 1 1462 1 1782
2 1 1461 1 2101
2 1 1771 1 2091
2 1 1445 1 2085
2 1 1765 1 2085
2 1 1445 1 1765
2 1 1444 1 2084
2 1 1439 1 1759
2 1 1439 1 2079
2 1 1759 1 2079
2 1 1437 1 1757
2 1 1437 1 2077
2 1 1757 1 2077
2 1 1432 1 2072
2 1 1432 1 1752
2 1 1752 1 2072
2 1 1744 1 2064
2 1 1423 1 2063
2 1 1420 1 1740
2 1 1420 1 2060
2 1 1740 1 2060
2 1 1419 1 1739
2 1 1739 1 2059
2 1 1419 1 2059
2 1 1418 1 2058
2 1 1418 1 1738
2 1 1738 1 2058
2 1 1417 1 2057
2 1 975 1 1615
2 1 1737 1 2057
2 1 1023 1 1663
2 1 1343 1 1663
2 1 1417 1 1737
2 1 1020 1 1340
2 1 1020 1 1660
2 1 1340 1 1660
2 1 1023 1 1343
2 1 1018 1 1658
2 1 1018 1 1338
2 1 1338 1 1658
2 1 1337 1 1657
2 1 1017 1 1657
2 1 1017 1 1337
2 1 1016 1 1336
2 1 1335 1 1655
2 1 1013 1 1653
2 1 1459 1 1779
2 1 1010 1 1650
2 1 1010 1 1330
2 1 1330 1 1650
2 1 1446 1 1766
2 1 1314 1 1634
2 1 994 1 1634
2 1 994 1 1314
2 1 1442 1 1762
2 1 995 1 1315
2 1 987 1 1307
2 1 987 1 1627
2 1 993 1 1633
2 1 1307 1 1627
2 1 985 1 1305
2 1 1303 1 1623
2 1 1430 1 1750
2 1 983 1 1303
2 1 983 1 1623
2 1 1155 1 1475
2 1 963 1 1283
2 1 963 1 1603
2 1 1283 1 1603
2 1 1410 1 1730
2 1 1282 1 1602
2 1 962 1 1602
2 1 962 1 1282
2 1 832 1 1152
2 1 893 1 1213
2 1 1468 1 1788
2 1 1341 1 1661
2 1 891 1 1211
2 1 1210 1 1530
2 1 886 1 1526
2 1 1209 1 1529
2 1 889 1 1529
2 1 889 1 1209
2 1 885 1 1205
2 1 885 1 1525
2 1 1205 1 1525
2 1 884 1 1204
2 1 1204 1 1524
2 1 884 1 1524
2 1 883 1 1523
2 1 1009 1 1329
2 1 879 1 1199
2 1 1453 1 2093
2 1 1453 1 1773
2 1 1773 1 2093
2 1 1452 1 1772
2 1 875 1 1195
2 1 1194 1 1514
2 1 874 1 1194
2 1 874 1 1514
2 1 1002 1 1322
2 1 1001 1 1321
2 1 1001 1 1641
2 1 1321 1 1641
2 1 870 1 1190
2 1 869 1 1189
2 1 868 1 1508
2 1 867 1 1507
2 1 1184 1 1504
2 1 1438 1 1758
2 1 1186 1 1506
2 1 1438 1 2078
2 1 1758 1 2078
2 1 861 1 1501
2 1 860 1 1500
2 1 1180 1 1500
2 1 860 1 1180
2 1 1753 1 2073
2 1 856 1 1496
2 1 853 1 1173
2 1 981 1 1621
2 1 1300 1 1620
2 1 980 1 1620
2 1 980 1 1300
2 1 1426 1 2066
2 1 1425 1 1745
2 1 848 1 1168
2 1 847 1 1487
2 1 847 1 1167
2 1 1167 1 1487
2 1 846 1 1486
2 1 1421 1 2061
2 1 974 1 1294
2 1 1294 1 1614
2 1 974 1 1614
2 1 844 1 1164
2 1 1164 1 1484
2 1 844 1 1484
2 1 843 1 1483
2 1 1163 1 1483
2 1 843 1 1163
2 1 842 1 1482
2 1 1162 1 1482
2 1 842 1 1162
2 1 840 1 1480
2 1 1415 1 2055
2 1 1161 1 1481
2 1 1735 1 2055
2 1 841 1 1481
2 1 1415 1 1735
2 1 841 1 1161
2 1 968 1 1288
2 1 1288 1 1608
2 1 968 1 1608
2 1 967 1 1287
2 1 1287 1 1607
2 1 967 1 1607
2 1 1157 1 1477
2 1 1408 1 2048
2 1 1856 1 2176
2 1 767 1 2047
2 1 1342 1 1662
2 1 1215 1 1535
2 1 766 1 2046
2 1 1086 1 2046
2 1 766 1 1086
2 1 959 1 1919
2 1 1085 1 2045
2 1 765 1 1085
2 1 765 1 2045
2 1 957 1 2237
2 1 764 1 2044
2 1 956 1 1916
2 1 892 1 1212
2 1 763 1 1083
2 1 1467 1 2107
2 1 762 1 1082
2 1 1082 1 2042
2 1 762 1 2042
2 1 761 1 1081
2 1 1913 1 2233
2 1 953 1 1913
2 1 953 1 2233
2 1 760 1 1080
2 1 1784 1 2104
2 1 1079 1 2039
2 1 952 1 1912
2 1 758 1 2038
2 1 758 1 1078
2 1 1078 1 2038
2 1 951 1 2231
2 1 951 1 1911
2 1 1911 1 2231
2 1 1910 1 2230
2 1 950 1 2230
2 1 950 1 1910
2 1 1077 1 2037
2 1 757 1 1077
2 1 757 1 2037
2 1 1909 1 2229
2 1 949 1 1909
2 1 949 1 2229
2 1 756 1 2036
2 1 756 1 1076
2 1 1076 1 2036
2 1 948 1 1908
2 1 755 1 1075
2 1 947 1 1907
2 1 754 1 1074
2 1 1778 1 2098
2 1 1906 1 2226
2 1 946 1 2226
2 1 946 1 1906
2 1 1073 1 2033
2 1 1777 1 2097
2 1 1905 1 2225
2 1 945 1 1905
2 1 945 1 2225
2 1 1200 1 1520
2 1 944 1 2224
2 1 1904 1 2224
2 1 944 1 1904
2 1 1455 1 2095
2 1 1455 1 1775
2 1 1775 1 2095
2 1 750 1 2030
2 1 1198 1 1518
2 1 1325 1 1645
2 1 1005 1 1325
2 1 1005 1 1645
2 1 942 1 1902
2 1 1902 1 2222
2 1 942 1 2222
2 1 1324 1 1644
2 1 1004 1 1324
2 1 1004 1 1644
2 1 1003 1 1643
2 1 1003 1 1323
2 1 1323 1 1643
2 1 876 1 1516
2 1 1196 1 1516
2 1 876 1 1196
2 1 1067 1 2027
2 1 1899 1 2219
2 1 1066 1 2026
2 1 938 1 2218
2 1 1898 1 2218
2 1 938 1 1898
2 1 745 1 2025
2 1 873 1 1513
2 1 937 1 1897
2 1 1320 1 1640
2 1 744 1 2024
2 1 1319 1 1639
2 1 999 1 1639
2 1 999 1 1319
2 1 743 1 2023
2 1 742 1 2022
2 1 742 1 1062
2 1 1062 1 2022
2 1 741 1 1061
2 1 1061 1 2021
2 1 741 1 2021
2 1 1893 1 2213
2 1 933 1 2213
2 1 933 1 1893
2 1 1060 1 2020
2 1 740 1 1060
2 1 740 1 2020
2 1 932 1 2212
2 1 932 1 1892
2 1 1892 1 2212
2 1 739 1 1059
2 1 739 1 2019
2 1 1059 1 2019
2 1 1443 1 1763
2 1 1443 1 2083
2 1 1763 1 2083
2 1 1058 1 2018
2 1 1057 1 2017
2 1 930 1 1890
2 1 930 1 2210
2 1 1890 1 2210
2 1 1441 1 2081
2 1 1441 1 1761
2 1 1761 1 2081
2 1 929 1 2209
2 1 1440 1 2080
2 1 1440 1 1760
2 1 1760 1 2080
2 1 735 1 1055
2 1 735 1 2015
2 1 1055 1 2015
2 1 928 1 2208
2 1 1888 1 2208
2 1 928 1 1888
2 1 1887 1 2207
2 1 927 1 2207
2 1 927 1 1887
2 1 926 1 1886
2 1 1886 1 2206
2 1 926 1 2206
2 1 989 1 1629
2 1 1309 1 1629
2 1 989 1 1309
2 1 862 1 1502
2 1 1182 1 1502
2 1 862 1 1182
2 1 1885 1 2205
2 1 924 1 2204
2 1 924 1 1884
2 1 1884 1 2204
2 1 731 1 2011
2 1 859 1 1179
2 1 1435 1 1755
2 1 923 1 2203
2 1 923 1 1883
2 1 1883 1 2203
2 1 1050 1 2010
2 1 729 1 2009
2 1 1882 1 2202
2 1 984 1 1624
2 1 1304 1 1624
2 1 984 1 1304
2 1 921 1 1881
2 1 1880 1 2200
2 1 919 1 2199
2 1 919 1 1879
2 1 1879 1 2199
2 1 1175 1 1495
2 1 855 1 1175
2 1 982 1 1622
2 1 855 1 1495
2 1 1431 1 1751
2 1 1046 1 2006
2 1 725 1 1045
2 1 1045 1 2005
2 1 725 1 2005
2 1 1878 1 2198
2 1 1429 1 2069
2 1 1429 1 1749
2 1 1749 1 2069
2 1 917 1 1877
2 1 917 1 2197
2 1 1877 1 2197
2 1 724 1 2004
2 1 979 1 1299
2 1 1299 1 1619
2 1 979 1 1619
2 1 916 1 2196
2 1 851 1 1171
2 1 978 1 1298
2 1 1298 1 1618
2 1 978 1 1618
2 1 977 1 1617
2 1 850 1 1490
2 1 1296 1 1616
2 1 976 1 1616
2 1 976 1 1296
2 1 1169 1 1489
2 1 849 1 1169
2 1 849 1 1489
2 1 720 1 1040
2 1 719 1 1039
2 1 719 1 1999
2 1 1039 1 1999
2 1 911 1 2191
2 1 911 1 1871
2 1 1871 1 2191
2 1 1038 1 1998
2 1 718 1 1998
2 1 718 1 1038
2 1 910 1 1870
2 1 909 1 1869
2 1 1292 1 1612
2 1 972 1 1292
2 1 972 1 1612
2 1 845 1 1485
2 1 716 1 1036
2 1 1036 1 1996
2 1 716 1 1996
2 1 1035 1 1995
2 1 907 1 2187
2 1 714 1 1034
2 1 906 1 2186
2 1 906 1 1866
2 1 1866 1 2186
2 1 713 1 1033
2 1 905 1 2185
2 1 1865 1 2185
2 1 905 1 1865
2 1 1032 1 1992
2 1 712 1 1032
2 1 712 1 1992
2 1 904 1 1864
2 1 1864 1 2184
2 1 904 1 2184
2 1 1416 1 2056
2 1 1416 1 1736
2 1 1736 1 2056
2 1 966 1 1286
2 1 1159 1 1479
2 1 903 1 2183
2 1 1414 1 2054
2 1 1734 1 2054
2 1 1414 1 1734
2 1 838 1 1158
2 1 838 1 1478
2 1 1158 1 1478
2 1 1862 1 2182
2 1 709 1 1989
2 1 709 1 1029
2 1 1029 1 1989
2 1 1028 1 1988
2 1 708 1 1988
2 1 708 1 1028
2 1 1412 1 2052
2 1 1027 1 1987
2 1 707 1 1987
2 1 707 1 1027
2 1 706 1 1986
2 1 899 1 1859
2 1 898 1 1858
2 1 961 1 1601
2 1 1281 1 1601
2 1 961 1 1281
2 1 834 1 1154
2 1 833 1 1153
2 1 1857 1 2177
2 1 1280 1 1600
2 1 1024 1 1984
2 1 704 1 1024
2 1 704 1 1984
3 1 460 1 1013 1 1973
3 1 460 1 1653 1 1973
3 1 612 1 904 1 1224
3 1 566 1 826 1 1786
3 1 406 1 879 1 1839
3 1 612 1 1224 1 2184
3 1 612 1 1224 1 1864
3 1 508 1 1637 1 1957
3 1 348 1 1317 1 1637
3 1 473 1 1858 1 2178
3 1 503 1 1632 1 1952
3 1 473 1 898 1 2178
3 1 431 1 840 1 1800
3 1 617 1 1165 1 1485
3 1 606 1 898 1 1218
3 1 601 1 957 1 1277
3 1 566 1 826 1 1466
3 1 606 1 1218 1 1858
3 1 546 1 806 1 1446
3 1 347 1 996 1 1316
3 1 364 1 1013 1 1333
3 1 397 1 870 1 1830
3 1 463 1 1016 1 1976
3 1 507 1 996 1 1956
3 1 566 1 826 1 2106
3 1 560 1 820 1 2100
3 1 434 1 843 1 1803
3 1 546 1 806 1 1766
3 1 627 1 919 1 1239
3 1 413 1 1526 1 1846
3 1 446 1 855 1 1815
3 1 563 1 823 1 2103
3 1 445 1 1174 1 1814
3 1 429 1 1158 1 1798
3 1 480 1 1289 1 1929
3 1 343 1 1312 1 1632
3 1 387 1 1500 1 1820
3 1 584 1 1260 1 2220
3 1 364 1 1333 1 1653
3 1 582 1 1258 1 2218
3 1 396 1 1189 1 1829
3 1 601 1 1277 1 2237
3 1 440 1 1169 1 1809
3 1 413 1 886 1 1846
3 1 594 1 1206 1 1526
3 1 501 1 990 1 1950
3 1 406 1 1199 1 1839
3 1 502 1 1311 1 1951
3 1 591 1 1267 1 1907
3 1 506 1 995 1 1955
3 1 346 1 1059 1 1379
3 1 386 1 859 1 1819
3 1 356 1 749 1 1389
3 1 396 1 869 1 1829
3 1 539 1 799 1 2079
3 1 332 1 725 1 1365
3 1 520 1 780 1 2060
3 1 395 1 868 1 1828
3 1 544 1 804 1 1444
3 1 591 1 947 1 1267
3 1 387 1 1180 1 1820
3 1 604 1 1216 1 1856
3 1 562 1 822 1 2102
3 1 376 1 1345 1 1985
3 1 427 1 1412 1 1732
3 1 591 1 1203 1 1523
3 1 453 1 1006 1 1966
3 1 627 1 1239 1 1879
3 1 520 1 780 1 1740
3 1 474 1 1603 1 1923
3 1 551 1 747 1 1067
3 1 628 1 1240 1 2200
3 1 392 1 865 1 1825
3 1 612 1 1160 1 1480
3 1 634 1 1246 1 2206
3 1 427 1 1156 1 1796
3 1 421 1 1534 1 1854
3 1 637 1 865 1 1185
3 1 581 1 1257 1 1897
3 1 427 1 1732 1 2052
3 1 405 1 1454 1 1774
3 1 544 1 804 1 2084
3 1 516 1 776 1 1416
3 1 547 1 807 1 1767
3 1 557 1 817 1 2097
3 1 426 1 1155 1 1795
3 1 472 1 1601 1 1921
3 1 328 1 977 1 1297
3 1 411 1 1780 1 2100
3 1 429 1 1478 1 1798
3 1 463 1 1336 1 1976
3 1 594 1 886 1 1206
3 1 551 1 811 1 1771
3 1 550 1 810 1 2090
3 1 425 1 834 1 1794
3 1 539 1 799 1 1439
3 1 632 1 924 1 1244
3 1 551 1 811 1 2091
3 1 539 1 799 1 1759
3 1 561 1 821 1 1461
3 1 561 1 821 1 2101
3 1 412 1 1781 1 2101
3 1 516 1 776 1 2056
3 1 516 1 776 1 1736
3 1 395 1 1764 1 2084
3 1 395 1 1444 1 1764
3 1 401 1 1770 1 2090
3 1 563 1 823 1 1463
3 1 563 1 823 1 1783
3 1 537 1 797 1 1437
3 1 537 1 797 1 1757
3 1 426 1 1475 1 1795
3 1 537 1 797 1 2077
3 1 562 1 822 1 1462
3 1 512 1 772 1 2052
3 1 545 1 805 1 1445
3 1 545 1 805 1 1765
3 1 562 1 822 1 1782
3 1 512 1 772 1 1412
3 1 582 1 938 1 1258
3 1 412 1 1461 1 1781
3 1 545 1 805 1 2085
3 1 532 1 792 1 1752
3 1 359 1 1008 1 1328
3 1 532 1 792 1 2072
3 1 575 1 771 1 1411
3 1 330 1 723 1 1363
3 1 459 1 1908 1 2228
3 1 341 1 734 1 1374
3 1 474 1 899 1 2179
3 1 634 1 926 1 1246
3 1 634 1 1246 1 1886
3 1 635 1 1183 1 1503
3 1 383 1 1352 1 1992
3 1 532 1 792 1 1432
3 1 455 1 1008 1 1968
3 1 390 1 1503 1 1823
3 1 397 1 1190 1 1830
3 1 571 1 831 1 2111
3 1 377 1 706 1 1346
3 1 378 1 1347 1 1987
3 1 472 1 1281 1 1921
3 1 426 1 1411 1 1731
3 1 573 1 705 1 1985
3 1 524 1 784 1 1744
3 1 345 1 1378 1 2018
3 1 542 1 738 1 1058
3 1 348 1 741 1 1381
