641 2240
2 1 1468 1 2108
2 1 1468 1 1788
2 1 1788 1 2108
2 1 1466 1 2106
2 1 1786 1 2106
2 1 1466 1 1786
2 1 1784 1 2104
2 1 1457 1 1777
2 1 1457 1 2097
2 1 1777 1 2097
2 1 1454 1 2094
2 1 1774 1 2094
2 1 1454 1 1774
2 1 1772 1 2092
2 1 1444 1 1764
2 1 1445 1 1765
2 1 1445 1 2085
2 1 1444 1 2084
2 1 1765 1 2085
2 1 1764 1 2084
2 1 1433 1 2073
2 1 1754 1 2074
2 1 1752 1 2072
2 1 1432 1 1752
2 1 1432 1 2072
2 1 1423 1 2063
2 1 1744 1 2064
2 1 1430 1 2070
2 1 1419 1 2059
2 1 1731 1 2051
2 1 1729 1 2049
2 1 1294 1 1614
2 1 974 1 1294
2 1 974 1 1614
2 1 961 1 1601
2 1 1022 1 1342
2 1 1021 1 1341
2 1 1020 1 1340
2 1 1019 1 1339
2 1 1280 1 1600
2 1 1017 1 1657
2 1 1017 1 1337
2 1 1337 1 1657
2 1 1015 1 1655
2 1 1013 1 1653
2 1 1333 1 1653
2 1 1013 1 1333
2 1 1011 1 1331
2 1 1011 1 1651
2 1 1331 1 1651
2 1 1005 1 1645
2 1 1450 1 1770
2 1 1449 1 1769
2 1 1458 1 1778
2 1 1000 1 1640
2 1 996 1 1316
2 1 1436 1 1756
2 1 987 1 1627
2 1 1307 1 1627
2 1 987 1 1307
2 1 1435 1 1755
2 1 1306 1 1626
2 1 985 1 1625
2 1 985 1 1305
2 1 1305 1 1625
2 1 983 1 1623
2 1 984 1 1304
2 1 1304 1 1624
2 1 984 1 1624
2 1 1023 1 1343
2 1 835 1 1155
2 1 834 1 1474
2 1 834 1 1154
2 1 1154 1 1474
2 1 833 1 1153
2 1 1152 1 1472
2 1 832 1 1152
2 1 832 1 1472
2 1 895 1 1215
2 1 1214 1 1534
2 1 891 1 1531
2 1 1465 1 2105
2 1 1465 1 1785
2 1 1785 1 2105
2 1 1461 1 1781
2 1 881 1 1201
2 1 884 1 1204
2 1 1009 1 1329
2 1 1455 1 2095
2 1 1455 1 1775
2 1 1775 1 2095
2 1 888 1 1528
2 1 888 1 1208
2 1 1208 1 1528
2 1 878 1 1518
2 1 876 1 1516
2 1 1196 1 1516
2 1 886 1 1206
2 1 876 1 1196
2 1 1771 1 2091
2 1 1451 1 2091
2 1 1451 1 1771
2 1 874 1 1514
2 1 1001 1 1641
2 1 1776 1 2096
2 1 1001 1 1321
2 1 1321 1 1641
2 1 1448 1 1768
2 1 871 1 1191
2 1 1456 1 2096
2 1 868 1 1508
2 1 1187 1 1507
2 1 867 1 1187
2 1 867 1 1507
2 1 1442 1 2082
2 1 1442 1 1762
2 1 1762 1 2082
2 1 1773 1 2093
2 1 1453 1 2093
2 1 1453 1 1773
2 1 994 1 1314
2 1 1314 1 1634
2 1 994 1 1634
2 1 1437 1 1757
2 1 1438 1 1758
2 1 860 1 1180
2 1 859 1 1179
2 1 857 1 1177
2 1 1177 1 1497
2 1 857 1 1497
2 1 1176 1 1496
2 1 856 1 1176
2 1 856 1 1496
2 1 1175 1 1495
2 1 855 1 1495
2 1 855 1 1175
2 1 1174 1 1494
2 1 1748 1 2068
2 1 1428 1 2068
2 1 1428 1 1748
2 1 981 1 1301
2 1 981 1 1621
2 1 1301 1 1621
2 1 1427 1 2067
2 1 1747 1 2067
2 1 1427 1 1747
2 1 1168 1 1488
2 1 847 1 1487
2 1 847 1 1167
2 1 1167 1 1487
2 1 1295 1 1615
2 1 845 1 1165
2 1 1164 1 1484
2 1 1291 1 1611
2 1 1417 1 2057
2 1 970 1 1290
2 1 1746 1 2066
2 1 1426 1 2066
2 1 1856 1 2176
2 1 896 1 1856
2 1 896 1 2176
2 1 767 1 1087
2 1 1791 1 2111
2 1 1470 1 1790
2 1 1470 1 2110
2 1 1790 1 2110
2 1 1085 1 2045
2 1 958 1 1918
2 1 1918 1 2238
2 1 958 1 2238
2 1 1469 1 1789
2 1 764 1 2044
2 1 764 1 1084
2 1 1084 1 2044
2 1 1917 1 2237
2 1 957 1 1917
2 1 957 1 2237
2 1 1083 1 2043
2 1 763 1 2043
2 1 763 1 1083
2 1 1916 1 2236
2 1 956 1 1916
2 1 956 1 2236
2 1 955 1 1915
2 1 955 1 2235
2 1 1915 1 2235
2 1 1082 1 2042
2 1 762 1 2042
2 1 762 1 1082
2 1 954 1 1914
2 1 889 1 1529
2 1 953 1 2233
2 1 953 1 1913
2 1 1913 1 2233
2 1 760 1 2040
2 1 760 1 1080
2 1 1080 1 2040
2 1 1912 1 2232
2 1 759 1 2039
2 1 951 1 2231
2 1 951 1 1911
2 1 1911 1 2231
2 1 887 1 1527
2 1 887 1 1207
2 1 1207 1 1527
2 1 1078 1 2038
2 1 1014 1 1654
2 1 1910 1 2230
2 1 757 1 2037
2 1 949 1 1909
2 1 885 1 1205
2 1 1076 1 2036
2 1 1332 1 1652
2 1 1012 1 1332
2 1 1012 1 1652
2 1 1908 1 2228
2 1 947 1 2227
2 1 1010 1 1330
2 1 1459 1 1779
2 1 1074 1 2034
2 1 753 1 2033
2 1 753 1 1073
2 1 1073 1 2033
2 1 1456 1 1776
2 1 1905 1 2225
2 1 945 1 2225
2 1 945 1 1905
2 1 752 1 2032
2 1 944 1 2224
2 1 944 1 1904
2 1 1904 1 2224
2 1 1007 1 1327
2 1 880 1 1520
2 1 1903 1 2223
2 1 879 1 1519
2 1 1070 1 2030
2 1 750 1 1070
2 1 750 1 2030
2 1 1006 1 1326
2 1 1902 1 2222
2 1 877 1 1517
2 1 941 1 2221
2 1 1068 1 2028
2 1 1900 1 2220
2 1 747 1 2027
2 1 1899 1 2219
2 1 939 1 1899
2 1 939 1 2219
2 1 1002 1 1642
2 1 875 1 1515
2 1 1066 1 2026
2 1 746 1 1066
2 1 746 1 2026
2 1 1898 1 2218
2 1 937 1 2217
2 1 937 1 1897
2 1 1897 1 2217
2 1 1896 1 2216
2 1 936 1 2216
2 1 936 1 1896
2 1 1063 1 2023
2 1 1447 1 1767
2 1 1895 1 2215
2 1 1446 1 1766
2 1 741 1 1061
2 1 934 1 1894
2 1 1894 1 2214
2 1 934 1 2214
2 1 1893 1 2213
2 1 932 1 2212
2 1 1892 1 2212
2 1 932 1 1892
2 1 1059 1 2019
2 1 931 1 2211
2 1 930 1 1890
2 1 866 1 1186
2 1 993 1 1633
2 1 1441 1 2081
2 1 1185 1 1505
2 1 865 1 1185
2 1 865 1 1505
2 1 992 1 1312
2 1 992 1 1632
2 1 1312 1 1632
2 1 1184 1 1504
2 1 991 1 1311
2 1 991 1 1631
2 1 1311 1 1631
2 1 863 1 1503
2 1 1310 1 1630
2 1 990 1 1630
2 1 990 1 1310
2 1 1886 1 2206
2 1 989 1 1629
2 1 989 1 1309
2 1 1309 1 1629
2 1 862 1 1182
2 1 861 1 1181
2 1 732 1 1052
2 1 732 1 2012
2 1 1052 1 2012
2 1 1884 1 2204
2 1 731 1 2011
2 1 731 1 1051
2 1 1051 1 2011
2 1 923 1 2203
2 1 923 1 1883
2 1 1883 1 2203
2 1 730 1 1050
2 1 730 1 2010
2 1 1050 1 2010
2 1 922 1 1882
2 1 922 1 2202
2 1 1882 1 2202
2 1 729 1 1049
2 1 729 1 2009
2 1 1049 1 2009
2 1 921 1 2201
2 1 1048 1 2008
2 1 727 1 1047
2 1 1431 1 2071
2 1 919 1 1879
2 1 1879 1 2199
2 1 919 1 2199
2 1 726 1 1046
2 1 917 1 1877
2 1 1429 1 2069
2 1 853 1 1493
2 1 1173 1 1493
2 1 853 1 1173
2 1 724 1 2004
2 1 980 1 1300
2 1 1172 1 1492
2 1 979 1 1299
2 1 979 1 1619
2 1 1299 1 1619
2 1 1426 1 1746
2 1 851 1 1491
2 1 851 1 1171
2 1 1171 1 1491
2 1 722 1 2002
2 1 1297 1 1617
2 1 1170 1 1490
2 1 850 1 1170
2 1 850 1 1490
2 1 721 1 2001
2 1 1873 1 2193
2 1 976 1 1296
2 1 1425 1 2065
2 1 1425 1 1745
2 1 1745 1 2065
2 1 1169 1 1489
2 1 849 1 1489
2 1 849 1 1169
2 1 720 1 1040
2 1 720 1 2000
2 1 1040 1 2000
2 1 1039 1 1999
2 1 719 1 1039
2 1 719 1 1999
2 1 1872 1 2192
2 1 1871 1 2191
2 1 911 1 1871
2 1 911 1 2191
2 1 718 1 1998
2 1 846 1 1486
2 1 846 1 1166
2 1 1166 1 1486
2 1 910 1 1870
2 1 717 1 1997
2 1 717 1 1037
2 1 1037 1 1997
2 1 1421 1 1741
2 1 1741 1 2061
2 1 1421 1 2061
2 1 1869 1 2189
2 1 716 1 1996
2 1 1036 1 1996
2 1 716 1 1036
2 1 1868 1 2188
2 1 908 1 1868
2 1 908 1 2188
2 1 715 1 1035
2 1 714 1 1994
2 1 842 1 1482
2 1 842 1 1162
2 1 1162 1 1482
2 1 713 1 1993
2 1 969 1 1289
2 1 1289 1 1609
2 1 969 1 1609
2 1 712 1 1992
2 1 968 1 1288
2 1 1416 1 1736
2 1 840 1 1160
2 1 1160 1 1480
2 1 840 1 1480
2 1 967 1 1607
2 1 1287 1 1607
2 1 967 1 1287
2 1 711 1 1991
2 1 1286 1 1606
2 1 966 1 1606
2 1 966 1 1286
2 1 1415 1 2055
2 1 710 1 1990
2 1 965 1 1285
2 1 1158 1 1478
2 1 709 1 1989
2 1 709 1 1029
2 1 1029 1 1989
2 1 708 1 1988
2 1 1028 1 1988
2 1 708 1 1028
2 1 900 1 1860
2 1 707 1 1027
2 1 1027 1 1987
2 1 707 1 1987
2 1 899 1 1859
2 1 1026 1 1986
2 1 706 1 1986
2 1 706 1 1026
2 1 898 1 1858
2 1 898 1 2178
2 1 1858 1 2178
2 1 1025 1 1985
2 1 705 1 1025
2 1 705 1 1985
2 1 897 1 1857
2 1 1024 1 1984
3 1 635 1 1247 1 1887
3 1 468 1 1021 1 1981
3 1 460 1 1333 1 1973
3 1 502 1 1887 1 2207
3 1 582 1 1258 1 2218
3 1 582 1 1258 1 1898
3 1 468 1 1341 1 1981
3 1 523 1 783 1 1423
3 1 523 1 783 1 2063
3 1 568 1 828 1 1468
3 1 568 1 828 1 1788
3 1 479 1 1864 1 2184
3 1 568 1 828 1 2108
3 1 564 1 824 1 2104
3 1 557 1 817 1 1777
3 1 566 1 826 1 1466
3 1 557 1 817 1 2097
3 1 557 1 817 1 1457
3 1 552 1 812 1 1772
3 1 331 1 1364 1 2004
3 1 552 1 812 1 2092
3 1 545 1 805 1 2085
3 1 484 1 1293 1 1933
3 1 566 1 826 1 1786
3 1 438 1 1743 1 2063
3 1 571 1 831 1 2111
3 1 566 1 826 1 2106
3 1 437 1 1166 1 1806
3 1 384 1 1433 1 1753
3 1 564 1 824 1 1784
3 1 554 1 814 1 2094
3 1 534 1 794 1 2074
3 1 534 1 794 1 1754
3 1 554 1 814 1 1774
3 1 554 1 814 1 1454
3 1 571 1 831 1 1791
3 1 544 1 804 1 2084
3 1 437 1 846 1 1806
3 1 535 1 795 1 1435
3 1 545 1 805 1 1765
3 1 544 1 804 1 1764
3 1 535 1 795 1 1755
3 1 612 1 1224 1 1864
3 1 544 1 804 1 1444
3 1 545 1 805 1 1445
3 1 438 1 1167 1 1807
3 1 460 1 1909 1 2229
3 1 481 1 906 1 2186
3 1 522 1 782 1 1742
3 1 467 1 1020 1 1980
3 1 396 1 1189 1 1829
3 1 533 1 793 1 2073
3 1 467 1 1340 1 1980
3 1 331 1 724 1 1364
3 1 475 1 1604 1 1924
3 1 575 1 771 1 2051
3 1 526 1 786 1 1426
3 1 357 1 1390 1 2030
3 1 357 1 1070 1 1390
3 1 379 1 1284 1 1604
3 1 357 1 750 1 1390
3 1 533 1 793 1 1433
3 1 614 1 906 1 1226
3 1 438 1 1423 1 1743
3 1 466 1 1339 1 1979
3 1 575 1 771 1 1731
3 1 525 1 785 1 2065
3 1 474 1 1283 1 1923
3 1 616 1 1228 1 1868
3 1 634 1 1246 1 2206
3 1 608 1 836 1 1156
3 1 573 1 769 1 2049
3 1 441 1 1170 1 1810
3 1 634 1 1246 1 1886
3 1 426 1 1155 1 1795
3 1 606 1 1218 1 1858
3 1 558 1 818 1 1778
3 1 581 1 937 1 1257
3 1 573 1 769 1 1729
3 1 622 1 1234 1 2194
3 1 437 1 1486 1 1806
3 1 552 1 748 1 1068
3 1 587 1 879 1 1199
3 1 422 1 895 1 1855
3 1 441 1 850 1 1810
3 1 436 1 1165 1 1805
3 1 606 1 898 1 1218
3 1 321 1 1354 1 1994
3 1 591 1 883 1 1203
3 1 348 1 997 1 1317
3 1 616 1 1228 1 2188
3 1 520 1 780 1 1420
3 1 546 1 806 1 1446
3 1 531 1 791 1 2071
3 1 592 1 1268 1 1908
3 1 442 1 1491 1 1811
3 1 322 1 715 1 1355
3 1 616 1 908 1 1228
3 1 412 1 885 1 1845
3 1 517 1 777 1 1417
3 1 469 1 1342 1 1982
3 1 460 1 949 1 2229
3 1 320 1 713 1 1353
3 1 348 1 741 1 1381
3 1 593 1 949 1 1269
3 1 606 1 1218 1 2178
3 1 482 1 1611 1 1931
3 1 638 1 1250 1 1890
3 1 507 1 996 1 1956
3 1 384 1 1753 1 2073
3 1 488 1 1617 1 1937
3 1 593 1 1269 1 1909
3 1 436 1 845 1 1805
3 1 447 1 1496 1 1816
3 1 332 1 725 1 1365
3 1 447 1 856 1 1816
3 1 473 1 1602 1 1922
3 1 628 1 920 1 1240
3 1 408 1 881 1 1841
3 1 432 1 1737 1 2057
3 1 377 1 1282 1 1602
3 1 320 1 1353 1 1993
3 1 621 1 1233 1 1873
3 1 324 1 1037 1 1357
3 1 576 1 932 1 1252
3 1 497 1 1306 1 1946
3 1 563 1 823 1 1783
3 1 543 1 803 1 1443
3 1 497 1 1626 1 1946
3 1 617 1 1229 1 1869
3 1 460 1 1653 1 1973
3 1 639 1 931 1 1251
3 1 475 1 900 1 2180
3 1 445 1 1430 1 1750
3 1 561 1 821 1 1461
3 1 519 1 779 1 1419
3 1 607 1 899 1 1219
3 1 348 1 1061 1 1381
3 1 638 1 930 1 1250
3 1 576 1 1252 1 2212
3 1 536 1 796 1 1756
3 1 536 1 796 1 1436
3 1 517 1 777 1 2057
3 1 339 1 1308 1 1628
3 1 340 1 1373 1 2013
3 1 475 1 1860 1 2180
3 1 491 1 980 1 1940
3 1 558 1 818 1 1458
3 1 585 1 1261 1 2221
3 1 570 1 830 1 2110
3 1 510 1 999 1 1959
3 1 576 1 1252 1 1892
3 1 583 1 1195 1 1515
3 1 617 1 1229 1 2189
3 1 636 1 1248 1 1888
3 1 462 1 1655 1 1975
3 1 457 1 1010 1 1970
3 1 445 1 1494 1 1814
3 1 322 1 1035 1 1355
3 1 512 1 772 1 1412
3 1 325 1 718 1 1358
3 1 412 1 1205 1 1845
3 1 323 1 716 1 1356
3 1 323 1 1036 1 1356
3 1 592 1 1268 1 2228
3 1 561 1 821 1 1781
3 1 372 1 1405 1 2045
3 1 438 1 847 1 1807
3 1 365 1 1078 1 1398
3 1 321 1 714 1 1354
3 1 595 1 1271 1 1911
3 1 587 1 1199 1 1519
3 1 368 1 761 1 1401
3 1 390 1 1503 1 1823
3 1 485 1 1870 1 2190
3 1 466 1 1019 1 1979
3 1 567 1 827 1 1467
3 1 511 1 1000 1 1960
3 1 371 1 1404 1 2044
3 1 526 1 786 1 1746
3 1 540 1 800 1 2080
3 1 502 1 1311 1 1951
3 1 611 1 1223 1 2183
3 1 394 1 1443 1 1763
3 1 361 1 1074 1 1394
3 1 630 1 1242 1 2202
3 1 487 1 1296 1 1936
3 1 625 1 917 1 1237
3 1 621 1 1233 1 2193
3 1 635 1 863 1 1183
3 1 560 1 820 1 1780
3 1 343 1 736 1 1376
3 1 325 1 1358 1 1998
3 1 508 1 997 1 1957
3 1 618 1 910 1 1230
3 1 460 1 1013 1 1973
3 1 546 1 806 1 1766
3 1 537 1 733 1 2013
3 1 608 1 1220 1 1860
3 1 371 1 1084 1 1404
3 1 586 1 1262 1 1902
3 1 618 1 1230 1 1870
3 1 464 1 1017 1 1977
3 1 371 1 764 1 1404
3 1 451 1 1644 1 1964
3 1 604 1 1216 1 1856
3 1 604 1 896 1 1216
3 1 604 1 1216 1 2176
3 1 477 1 1862 1 2182
3 1 511 1 1640 1 1960
3 1 408 1 1201 1 1841
