549 2240
2 1 1469 1 2109
2 1 1467 1 2107
2 1 1787 1 2107
2 1 1467 1 1787
2 1 1466 1 2106
2 1 1784 1 2104
2 1 1464 1 1784
2 1 1464 1 2104
2 1 1443 1 1763
2 1 1448 1 1768
2 1 1454 1 1774
2 1 1774 1 2094
2 1 1454 1 2094
2 1 1768 1 2088
2 1 1448 1 2088
2 1 1443 1 2083
2 1 1763 1 2083
2 1 1442 1 1762
2 1 1762 1 2082
2 1 1442 1 2082
2 1 1761 1 2081
2 1 1441 1 1761
2 1 1441 1 2081
2 1 1746 1 2066
2 1 1744 1 2064
2 1 1422 1 1742
2 1 1423 1 1743
2 1 1743 1 2063
2 1 1423 1 2063
2 1 1742 1 2062
2 1 1422 1 2062
2 1 1421 1 1741
2 1 1421 1 2061
2 1 1741 1 2061
2 1 1420 1 2060
2 1 1740 1 2060
2 1 1420 1 1740
2 1 1731 1 2051
2 1 1411 1 1731
2 1 1411 1 2051
2 1 1295 1 1615
2 1 1415 1 2055
2 1 975 1 1295
2 1 975 1 1615
2 1 1735 1 2055
2 1 968 1 1288
2 1 1415 1 1735
2 1 970 1 1290
2 1 1283 1 1603
2 1 963 1 1283
2 1 963 1 1603
2 1 1011 1 1331
2 1 1465 1 1785
2 1 1018 1 1338
2 1 1009 1 1329
2 1 1009 1 1649
2 1 1329 1 1649
2 1 1007 1 1327
2 1 1327 1 1647
2 1 1007 1 1647
2 1 999 1 1319
2 1 1319 1 1639
2 1 999 1 1639
2 1 998 1 1638
2 1 1318 1 1638
2 1 998 1 1318
2 1 994 1 1314
2 1 1316 1 1636
2 1 1313 1 1633
2 1 979 1 1619
2 1 979 1 1299
2 1 1299 1 1619
2 1 977 1 1297
2 1 1297 1 1617
2 1 977 1 1617
2 1 1296 1 1616
2 1 834 1 1474
2 1 834 1 1154
2 1 1154 1 1474
2 1 1282 1 1602
2 1 962 1 1282
2 1 962 1 1602
2 1 835 1 1155
2 1 1408 1 1728
2 1 1470 1 1790
2 1 893 1 1213
2 1 892 1 1532
2 1 1212 1 1532
2 1 892 1 1212
2 1 1211 1 1531
2 1 890 1 1530
2 1 889 1 1529
2 1 888 1 1208
2 1 887 1 1527
2 1 1206 1 1526
2 1 1781 1 2101
2 1 878 1 1198
2 1 1325 1 1645
2 1 1204 1 1524
2 1 1005 1 1325
2 1 1005 1 1645
2 1 1769 1 2089
2 1 884 1 1204
2 1 884 1 1524
2 1 872 1 1512
2 1 1191 1 1511
2 1 1190 1 1510
2 1 871 1 1191
2 1 871 1 1511
2 1 1189 1 1509
2 1 1444 1 2084
2 1 1444 1 1764
2 1 1764 1 2084
2 1 867 1 1187
2 1 1187 1 1507
2 1 867 1 1507
2 1 866 1 1186
2 1 866 1 1506
2 1 1186 1 1506
2 1 865 1 1505
2 1 1311 1 1631
2 1 864 1 1504
2 1 1312 1 1632
2 1 1437 1 1757
2 1 1752 1 2072
2 1 984 1 1304
2 1 1304 1 1624
2 1 984 1 1624
2 1 851 1 1171
2 1 850 1 1170
2 1 1169 1 1489
2 1 852 1 1172
2 1 849 1 1489
2 1 849 1 1169
2 1 847 1 1487
2 1 846 1 1486
2 1 845 1 1165
2 1 1165 1 1485
2 1 845 1 1485
2 1 844 1 1164
2 1 1164 1 1484
2 1 844 1 1484
2 1 843 1 1483
2 1 843 1 1163
2 1 1163 1 1483
2 1 1162 1 1482
2 1 841 1 1161
2 1 969 1 1289
2 1 1159 1 1479
2 1 1733 1 2053
2 1 1413 1 1733
2 1 1413 1 2053
2 1 966 1 1286
2 1 1156 1 1476
2 1 836 1 1476
2 1 836 1 1156
2 1 1023 1 1663
2 1 1023 1 1343
2 1 1343 1 1663
2 1 1022 1 1342
2 1 1022 1 1662
2 1 1342 1 1662
2 1 895 1 1215
2 1 1021 1 1661
2 1 894 1 1214
2 1 765 1 1085
2 1 1084 1 2044
2 1 764 1 2044
2 1 764 1 1084
2 1 1468 1 2108
2 1 763 1 1083
2 1 763 1 2043
2 1 1083 1 2043
2 1 762 1 2042
2 1 1082 1 2042
2 1 762 1 1082
2 1 955 1 1915
2 1 954 1 1914
2 1 1914 1 2234
2 1 954 1 2234
2 1 1081 1 2041
2 1 760 1 1080
2 1 1912 1 2232
2 1 952 1 2232
2 1 952 1 1912
2 1 759 1 1079
2 1 1463 1 2103
2 1 1783 1 2103
2 1 1463 1 1783
2 1 951 1 2231
2 1 951 1 1911
2 1 1911 1 2231
2 1 758 1 1078
2 1 1462 1 1782
2 1 1782 1 2102
2 1 1462 1 2102
2 1 757 1 2037
2 1 950 1 2230
2 1 950 1 1910
2 1 1910 1 2230
2 1 756 1 1076
2 1 949 1 2229
2 1 1909 1 2229
2 1 949 1 1909
2 1 1908 1 2228
2 1 1460 1 1780
2 1 1459 1 1779
2 1 947 1 2227
2 1 1458 1 1778
2 1 946 1 2226
2 1 1008 1 1328
2 1 1328 1 1648
2 1 1008 1 1648
2 1 1072 1 2032
2 1 945 1 2225
2 1 1006 1 1326
2 1 1006 1 1646
2 1 1326 1 1646
2 1 1070 1 2030
2 1 1903 1 2223
2 1 943 1 2223
2 1 943 1 1903
2 1 1902 1 2222
2 1 749 1 2029
2 1 877 1 1517
2 1 1197 1 1517
2 1 877 1 1197
2 1 1901 1 2221
2 1 941 1 1901
2 1 941 1 2221
2 1 1324 1 1644
2 1 748 1 2028
2 1 1323 1 1643
2 1 747 1 2027
2 1 875 1 1195
2 1 1322 1 1642
2 1 746 1 2026
2 1 1001 1 1641
2 1 1001 1 1321
2 1 1321 1 1641
2 1 874 1 1194
2 1 873 1 1193
2 1 1000 1 1640
2 1 1320 1 1640
2 1 1000 1 1320
2 1 744 1 1064
2 1 744 1 2024
2 1 1064 1 2024
2 1 1063 1 2023
2 1 743 1 2023
2 1 743 1 1063
2 1 935 1 2215
2 1 1447 1 2087
2 1 1447 1 1767
2 1 1767 1 2087
2 1 1062 1 2022
2 1 742 1 1062
2 1 742 1 2022
2 1 1766 1 2086
2 1 1061 1 2021
2 1 741 1 2021
2 1 741 1 1061
2 1 934 1 2214
2 1 1445 1 2085
2 1 1445 1 1765
2 1 1765 1 2085
2 1 740 1 2020
2 1 933 1 2213
2 1 1188 1 1508
2 1 739 1 1059
2 1 1892 1 2212
2 1 932 1 2212
2 1 932 1 1892
2 1 1058 1 2018
2 1 738 1 1058
2 1 738 1 2018
2 1 1890 1 2210
2 1 930 1 2210
2 1 930 1 1890
2 1 1889 1 2209
2 1 929 1 2209
2 1 929 1 1889
2 1 736 1 1056
2 1 1760 1 2080
2 1 1888 1 2208
2 1 928 1 2208
2 1 928 1 1888
2 1 735 1 2015
2 1 1759 1 2079
2 1 1183 1 1503
2 1 927 1 1887
2 1 1887 1 2207
2 1 927 1 2207
2 1 1758 1 2078
2 1 733 1 2013
2 1 1886 1 2206
2 1 1181 1 1501
2 1 732 1 2012
2 1 1884 1 2204
2 1 1436 1 2076
2 1 860 1 1180
2 1 731 1 2011
2 1 1306 1 1626
2 1 986 1 1626
2 1 986 1 1306
2 1 1179 1 1499
2 1 1435 1 1755
2 1 1434 1 1754
2 1 985 1 1305
2 1 985 1 1625
2 1 1305 1 1625
2 1 1049 1 2009
2 1 1882 1 2202
2 1 1753 1 2073
2 1 728 1 2008
2 1 1881 1 2201
2 1 1176 1 1496
2 1 1303 1 1623
2 1 983 1 1303
2 1 983 1 1623
2 1 920 1 2200
2 1 920 1 1880
2 1 1880 1 2200
2 1 1751 1 2071
2 1 1175 1 1495
2 1 855 1 1495
2 1 855 1 1175
2 1 1302 1 1622
2 1 726 1 2006
2 1 981 1 1301
2 1 981 1 1621
2 1 1301 1 1621
2 1 1174 1 1494
2 1 725 1 2005
2 1 1878 1 2198
2 1 980 1 1300
2 1 980 1 1620
2 1 1300 1 1620
2 1 724 1 1044
2 1 723 1 2003
2 1 723 1 1043
2 1 1043 1 2003
2 1 1875 1 2195
2 1 915 1 1875
2 1 915 1 2195
2 1 722 1 1042
2 1 1042 1 2002
2 1 722 1 2002
2 1 1041 1 2001
2 1 721 1 1041
2 1 721 1 2001
2 1 1425 1 2065
2 1 913 1 2193
2 1 913 1 1873
2 1 1873 1 2193
2 1 720 1 2000
2 1 1040 1 2000
2 1 720 1 1040
2 1 719 1 1039
2 1 912 1 1872
2 1 911 1 2191
2 1 911 1 1871
2 1 1871 1 2191
2 1 1870 1 2190
2 1 910 1 2190
2 1 910 1 1870
2 1 717 1 1997
2 1 1037 1 1997
2 1 717 1 1037
2 1 909 1 2189
2 1 909 1 1869
2 1 1869 1 2189
2 1 716 1 1036
2 1 908 1 2188
2 1 1868 1 2188
2 1 908 1 1868
2 1 715 1 1035
2 1 1419 1 1739
2 1 1419 1 2059
2 1 1739 1 2059
2 1 907 1 1867
2 1 907 1 2187
2 1 1867 1 2187
2 1 714 1 1034
2 1 1866 1 2186
2 1 906 1 2186
2 1 906 1 1866
2 1 1737 1 2057
2 1 1417 1 1737
2 1 1417 1 2057
2 1 905 1 2185
2 1 1865 1 2185
2 1 905 1 1865
2 1 1416 1 1736
2 1 1736 1 2056
2 1 1416 1 2056
2 1 1160 1 1480
2 1 1031 1 1991
2 1 967 1 1287
2 1 904 1 2184
2 1 710 1 1990
2 1 1863 1 2183
2 1 902 1 2182
2 1 902 1 1862
2 1 1862 1 2182
2 1 965 1 1605
2 1 1285 1 1605
2 1 965 1 1285
2 1 1158 1 1478
2 1 838 1 1478
2 1 838 1 1158
2 1 1414 1 1734
2 1 1284 1 1604
2 1 964 1 1284
2 1 964 1 1604
2 1 1028 1 1988
2 1 708 1 1028
2 1 708 1 1988
2 1 1861 1 2181
2 1 1860 1 2180
2 1 707 1 1027
2 1 1027 1 1987
2 1 707 1 1987
2 1 1026 1 1986
2 1 706 1 1026
2 1 706 1 1986
2 1 898 1 2178
2 1 705 1 1985
2 1 897 1 2177
2 1 897 1 1857
2 1 1857 1 2177
2 1 833 1 1153
2 1 960 1 1280
2 1 1280 1 1600
2 1 960 1 1600
2 1 704 1 1984
3 1 507 1 1316 1 1956
3 1 626 1 1238 1 1878
3 1 626 1 1238 1 2198
3 1 420 1 1789 1 2109
3 1 445 1 1430 1 1750
3 1 420 1 1469 1 1789
3 1 354 1 747 1 1387
3 1 515 1 775 1 1415
3 1 569 1 829 1 2109
3 1 569 1 829 1 1469
3 1 515 1 775 1 2055
3 1 554 1 814 1 2094
3 1 548 1 808 1 1448
3 1 515 1 775 1 1735
3 1 543 1 803 1 1763
3 1 543 1 803 1 2083
3 1 631 1 1243 1 1883
3 1 542 1 802 1 2082
3 1 543 1 803 1 1443
3 1 548 1 808 1 2088
3 1 610 1 902 1 1222
3 1 542 1 802 1 1442
3 1 554 1 814 1 1774
3 1 554 1 814 1 1454
3 1 542 1 802 1 1762
3 1 524 1 784 1 2064
3 1 524 1 784 1 1744
3 1 417 1 1466 1 1786
3 1 627 1 1239 1 2199
3 1 521 1 781 1 1421
3 1 521 1 781 1 1741
3 1 603 1 1279 1 2239
3 1 579 1 1255 1 2215
3 1 521 1 781 1 2061
3 1 566 1 826 1 2106
3 1 548 1 808 1 1768
3 1 463 1 1336 1 1976
3 1 526 1 786 1 2066
3 1 567 1 827 1 1467
3 1 526 1 786 1 1746
3 1 565 1 825 1 1465
3 1 474 1 1603 1 1923
3 1 466 1 1339 1 1979
3 1 565 1 825 1 1785
3 1 417 1 1786 1 2106
3 1 639 1 1251 1 2211
3 1 564 1 824 1 1784
3 1 604 1 832 1 1152
3 1 564 1 824 1 2104
3 1 564 1 824 1 1464
3 1 610 1 1222 1 2182
3 1 507 1 1636 1 1956
3 1 566 1 826 1 1466
3 1 490 1 979 1 1939
3 1 396 1 1189 1 1829
3 1 379 1 1348 1 1988
3 1 382 1 1351 1 1991
3 1 567 1 827 1 1787
3 1 396 1 1509 1 1829
3 1 610 1 1222 1 1862
3 1 561 1 821 1 2101
3 1 567 1 827 1 2107
3 1 541 1 801 1 1761
3 1 541 1 801 1 1441
3 1 609 1 1221 1 2181
3 1 498 1 1883 1 2203
3 1 541 1 801 1 2081
3 1 490 1 1299 1 1939
3 1 422 1 895 1 1855
3 1 419 1 1212 1 1852
3 1 605 1 897 1 1217
3 1 332 1 725 1 1365
3 1 533 1 793 1 1753
3 1 605 1 1217 1 2177
3 1 579 1 935 1 1255
3 1 596 1 1272 1 1912
3 1 440 1 849 1 1809
3 1 393 1 1506 1 1826
3 1 333 1 1366 1 2006
3 1 523 1 783 1 1743
3 1 523 1 783 1 1423
3 1 423 1 832 1 1792
3 1 545 1 805 1 1445
3 1 515 1 711 1 1031
3 1 386 1 1499 1 1819
3 1 470 1 1343 1 1983
3 1 446 1 1175 1 1815
3 1 561 1 821 1 1781
3 1 572 1 768 1 1408
3 1 413 1 1206 1 1846
3 1 523 1 783 1 2063
3 1 476 1 1605 1 1925
3 1 338 1 987 1 1307
3 1 488 1 977 1 1937
3 1 349 1 1062 1 1382
3 1 605 1 1217 1 1857
3 1 368 1 1401 1 2041
3 1 384 1 1177 1 1817
3 1 399 1 1512 1 1832
3 1 452 1 1325 1 1965
3 1 536 1 796 1 1436
3 1 514 1 774 1 1734
3 1 420 1 893 1 1853
3 1 490 1 1619 1 1939
3 1 461 1 1654 1 1974
3 1 420 1 1213 1 1853
3 1 535 1 795 1 1755
3 1 606 1 898 1 1218
3 1 530 1 790 1 1430
3 1 510 1 999 1 1959
3 1 332 1 1365 1 2005
3 1 619 1 1167 1 1487
3 1 438 1 847 1 1807
