442 2240
2 1 1464 1 2104
2 1 1464 1 1784
2 1 1784 1 2104
2 1 1462 1 2102
2 1 1782 1 2102
2 1 1462 1 1782
2 1 1461 1 1781
2 1 1461 1 2101
2 1 1781 1 2101
2 1 1779 1 2099
2 1 1460 1 2100
2 1 1459 1 1779
2 1 1459 1 2099
2 1 1443 1 2083
2 1 1440 1 1760
2 1 1440 1 2080
2 1 1780 1 2100
2 1 1460 1 1780
2 1 1760 1 2080
2 1 1763 1 2083
2 1 1443 1 1763
2 1 1439 1 1759
2 1 1439 1 2079
2 1 1759 1 2079
2 1 1438 1 2078
2 1 1758 1 2078
2 1 1438 1 1758
2 1 1430 1 2070
2 1 1437 1 2077
2 1 1419 1 2059
2 1 1418 1 2058
2 1 1757 1 2077
2 1 1750 1 2070
2 1 1738 1 2058
2 1 1437 1 1757
2 1 1418 1 1738
2 1 1737 1 2057
2 1 1417 1 1737
2 1 1417 1 2057
2 1 1736 1 2056
2 1 1415 1 1735
2 1 1735 1 2055
2 1 1415 1 2055
2 1 1422 1 1742
2 1 1293 1 1613
2 1 973 1 1293
2 1 973 1 1613
2 1 972 1 1292
2 1 1430 1 1750
2 1 971 1 1291
2 1 970 1 1290
2 1 1289 1 1609
2 1 962 1 1282
2 1 1470 1 1790
2 1 1335 1 1655
2 1 1333 1 1653
2 1 1331 1 1651
2 1 1329 1 1649
2 1 1323 1 1643
2 1 1003 1 1323
2 1 1003 1 1643
2 1 992 1 1632
2 1 1312 1 1632
2 1 992 1 1312
2 1 991 1 1631
2 1 1311 1 1631
2 1 991 1 1311
2 1 990 1 1630
2 1 1435 1 1755
2 1 983 1 1303
2 1 1428 1 1748
2 1 1301 1 1621
2 1 981 1 1621
2 1 981 1 1301
2 1 1426 1 1746
2 1 979 1 1299
2 1 979 1 1619
2 1 1299 1 1619
2 1 961 1 1281
2 1 1791 1 2111
2 1 1471 1 1791
2 1 1471 1 2111
2 1 960 1 1280
2 1 1280 1 1600
2 1 960 1 1600
2 1 894 1 1534
2 1 1214 1 1534
2 1 894 1 1214
2 1 1338 1 1658
2 1 1018 1 1338
2 1 885 1 1525
2 1 891 1 1211
2 1 1018 1 1658
2 1 1207 1 1527
2 1 887 1 1207
2 1 1021 1 1661
2 1 884 1 1204
2 1 884 1 1524
2 1 1204 1 1524
2 1 985 1 1305
2 1 883 1 1203
2 1 883 1 1523
2 1 887 1 1527
2 1 1203 1 1523
2 1 1202 1 1522
2 1 882 1 1202
2 1 882 1 1522
2 1 1007 1 1647
2 1 1007 1 1327
2 1 1327 1 1647
2 1 1196 1 1516
2 1 1194 1 1514
2 1 1769 1 2089
2 1 1001 1 1641
2 1 1001 1 1321
2 1 1321 1 1641
2 1 867 1 1507
2 1 867 1 1187
2 1 1187 1 1507
2 1 1442 1 2082
2 1 865 1 1505
2 1 863 1 1503
2 1 863 1 1183
2 1 1183 1 1503
2 1 862 1 1182
2 1 862 1 1502
2 1 1182 1 1502
2 1 861 1 1501
2 1 1181 1 1501
2 1 861 1 1181
2 1 1436 1 2076
2 1 859 1 1499
2 1 1179 1 1499
2 1 859 1 1179
2 1 858 1 1178
2 1 986 1 1306
2 1 856 1 1176
2 1 1433 1 1753
2 1 1174 1 1494
2 1 1429 1 1749
2 1 852 1 1172
2 1 1170 1 1490
2 1 1744 1 2064
2 1 977 1 1297
2 1 1297 1 1617
2 1 977 1 1617
2 1 1167 1 1487
2 1 847 1 1167
2 1 847 1 1487
2 1 845 1 1165
2 1 1164 1 1484
2 1 843 1 1483
2 1 1162 1 1482
2 1 842 1 1482
2 1 842 1 1162
2 1 841 1 1481
2 1 1159 1 1479
2 1 839 1 1479
2 1 839 1 1159
2 1 1287 1 1607
2 1 840 1 1480
2 1 1413 1 2053
2 1 1023 1 1343
2 1 895 1 1215
2 1 1342 1 1662
2 1 766 1 2046
2 1 1086 1 2046
2 1 766 1 1086
2 1 765 1 2045
2 1 1340 1 1660
2 1 893 1 1213
2 1 957 1 2237
2 1 764 1 2044
2 1 892 1 1212
2 1 1019 1 1659
2 1 1339 1 1659
2 1 1019 1 1339
2 1 1083 1 2043
2 1 763 1 1083
2 1 763 1 2043
2 1 762 1 2042
2 1 954 1 2234
2 1 1017 1 1337
2 1 890 1 1210
2 1 1465 1 1785
2 1 1336 1 1656
2 1 1016 1 1336
2 1 1016 1 1656
2 1 889 1 1209
2 1 760 1 1080
2 1 760 1 2040
2 1 1080 1 2040
2 1 1079 1 2039
2 1 759 1 1079
2 1 759 1 2039
2 1 1463 1 1783
2 1 951 1 2231
2 1 1078 1 2038
2 1 758 1 1078
2 1 758 1 2038
2 1 757 1 2037
2 1 757 1 1077
2 1 1077 1 2037
2 1 950 1 1910
2 1 950 1 2230
2 1 1910 1 2230
2 1 1909 1 2229
2 1 949 1 1909
2 1 949 1 2229
2 1 756 1 2036
2 1 756 1 1076
2 1 1076 1 2036
2 1 948 1 1908
2 1 948 1 2228
2 1 1908 1 2228
2 1 1075 1 2035
2 1 755 1 2035
2 1 755 1 1075
2 1 947 1 2227
2 1 947 1 1907
2 1 1907 1 2227
2 1 754 1 2034
2 1 754 1 1074
2 1 1074 1 2034
2 1 1778 1 2098
2 1 946 1 2226
2 1 946 1 1906
2 1 1906 1 2226
2 1 753 1 2033
2 1 1457 1 1777
2 1 752 1 1072
2 1 945 1 1905
2 1 1905 1 2225
2 1 945 1 2225
2 1 1776 1 2096
2 1 1904 1 2224
2 1 1775 1 2095
2 1 1455 1 2095
2 1 1455 1 1775
2 1 1903 1 2223
2 1 943 1 1903
2 1 943 1 2223
2 1 1454 1 1774
2 1 1198 1 1518
2 1 749 1 2029
2 1 1902 1 2222
2 1 1453 1 2093
2 1 1004 1 1644
2 1 1068 1 2028
2 1 748 1 1068
2 1 748 1 2028
2 1 1452 1 1772
2 1 1771 1 2091
2 1 1322 1 1642
2 1 1002 1 1642
2 1 1002 1 1322
2 1 1066 1 2026
2 1 1899 1 2219
2 1 939 1 1899
2 1 939 1 2219
2 1 1898 1 2218
2 1 937 1 2217
2 1 937 1 1897
2 1 1897 1 2217
2 1 1000 1 1640
2 1 1320 1 1640
2 1 1000 1 1320
2 1 1896 1 2216
2 1 872 1 1512
2 1 1192 1 1512
2 1 872 1 1192
2 1 999 1 1319
2 1 1319 1 1639
2 1 999 1 1639
2 1 871 1 1191
2 1 1895 1 2215
2 1 742 1 2022
2 1 870 1 1510
2 1 997 1 1317
2 1 1317 1 1637
2 1 997 1 1637
2 1 1893 1 2213
2 1 996 1 1636
2 1 1316 1 1636
2 1 996 1 1316
2 1 740 1 2020
2 1 1059 1 2019
2 1 739 1 2019
2 1 739 1 1059
2 1 930 1 2210
2 1 930 1 1890
2 1 1890 1 2210
2 1 1186 1 1506
2 1 866 1 1186
2 1 866 1 1506
2 1 737 1 2017
2 1 737 1 1057
2 1 1057 1 2017
2 1 1441 1 2081
2 1 1441 1 1761
2 1 1761 1 2081
2 1 736 1 1056
2 1 1056 1 2016
2 1 736 1 2016
2 1 1055 1 2015
2 1 1888 1 2208
2 1 928 1 1888
2 1 928 1 2208
2 1 927 1 2207
2 1 1054 1 2014
2 1 926 1 2206
2 1 926 1 1886
2 1 1886 1 2206
2 1 1053 1 2013
2 1 925 1 1885
2 1 1885 1 2205
2 1 925 1 2205
2 1 924 1 2204
2 1 1884 1 2204
2 1 924 1 1884
2 1 987 1 1307
2 1 987 1 1627
2 1 1307 1 1627
2 1 860 1 1180
2 1 860 1 1500
2 1 1180 1 1500
2 1 731 1 1051
2 1 922 1 2202
2 1 922 1 1882
2 1 1882 1 2202
2 1 857 1 1177
2 1 921 1 2201
2 1 1304 1 1624
2 1 728 1 2008
2 1 1048 1 2008
2 1 728 1 1048
2 1 1432 1 2072
2 1 1752 1 2072
2 1 1432 1 1752
2 1 1880 1 2200
2 1 727 1 2007
2 1 1431 1 2071
2 1 1751 1 2071
2 1 1431 1 1751
2 1 1175 1 1495
2 1 726 1 1046
2 1 1046 1 2006
2 1 726 1 2006
2 1 982 1 1302
2 1 919 1 2199
2 1 1879 1 2199
2 1 919 1 1879
2 1 725 1 2005
2 1 1878 1 2198
2 1 853 1 1173
2 1 853 1 1493
2 1 1173 1 1493
2 1 1877 1 2197
2 1 917 1 2197
2 1 917 1 1877
2 1 1300 1 1620
2 1 1044 1 2004
2 1 724 1 2004
2 1 724 1 1044
2 1 1876 1 2196
2 1 723 1 2003
2 1 1747 1 2067
2 1 1427 1 1747
2 1 1427 1 2067
2 1 851 1 1171
2 1 915 1 1875
2 1 915 1 2195
2 1 1875 1 2195
2 1 1298 1 1618
2 1 722 1 1042
2 1 722 1 2002
2 1 1042 1 2002
2 1 1874 1 2194
2 1 913 1 1873
2 1 913 1 2193
2 1 1873 1 2193
2 1 976 1 1616
2 1 1296 1 1616
2 1 976 1 1296
2 1 720 1 2000
2 1 1295 1 1615
2 1 975 1 1295
2 1 975 1 1615
2 1 848 1 1168
2 1 719 1 1039
2 1 1423 1 1743
2 1 1038 1 1998
2 1 718 1 1998
2 1 718 1 1038
2 1 717 1 1997
2 1 1037 1 1997
2 1 717 1 1037
2 1 910 1 2190
2 1 1421 1 2061
2 1 909 1 2189
2 1 716 1 1996
2 1 1036 1 1996
2 1 716 1 1036
2 1 1035 1 1995
2 1 715 1 1035
2 1 715 1 1995
2 1 908 1 1868
2 1 907 1 1867
2 1 906 1 1866
2 1 713 1 1033
2 1 905 1 1865
2 1 1865 1 2185
2 1 905 1 2185
2 1 712 1 1032
2 1 1864 1 2184
2 1 904 1 1864
2 1 904 1 2184
2 1 711 1 1031
2 1 903 1 1863
2 1 1863 1 2183
2 1 903 1 2183
2 1 1862 1 2182
2 1 902 1 2182
2 1 902 1 1862
2 1 838 1 1478
2 1 964 1 1284
2 1 837 1 1157
2 1 707 1 1027
2 1 1412 1 1732
2 1 836 1 1476
2 1 1156 1 1476
2 1 836 1 1156
2 1 1411 1 1731
2 1 1026 1 1986
2 1 1025 1 1985
2 1 898 1 2178
2 1 1858 1 2178
2 1 898 1 1858
2 1 1409 1 2049
2 1 704 1 1984
2 1 896 1 1856
2 1 897 1 1857
