611 2240
2 1 1464 1 2104
2 1 1782 1 2102
2 1 1780 1 2100
2 1 1459 1 2099
2 1 1779 1 2099
2 1 1459 1 1779
2 1 1778 1 2098
2 1 1760 1 2080
2 1 1440 1 1760
2 1 1440 1 2080
2 1 1439 1 1759
2 1 1439 1 2079
2 1 1759 1 2079
2 1 1436 1 2076
2 1 1438 1 2078
2 1 1758 1 2078
2 1 1756 1 2076
2 1 1436 1 1756
2 1 1755 1 2075
2 1 1428 1 1748
2 1 1438 1 1758
2 1 1428 1 2068
2 1 1748 1 2068
2 1 1421 1 1741
2 1 1421 1 2061
2 1 1741 1 2061
2 1 1740 1 2060
2 1 1420 1 2060
2 1 1419 1 1739
2 1 1420 1 1740
2 1 1739 1 2059
2 1 1419 1 2059
2 1 1417 1 2057
2 1 1737 1 2057
2 1 1417 1 1737
2 1 1416 1 1736
2 1 1736 1 2056
2 1 1416 1 2056
2 1 1733 1 2053
2 1 1413 1 2053
2 1 1413 1 1733
2 1 971 1 1611
2 1 970 1 1290
2 1 1418 1 1738
2 1 1414 1 1734
2 1 1471 1 1791
2 1 1017 1 1657
2 1 1017 1 1337
2 1 1337 1 1657
2 1 1015 1 1655
2 1 1333 1 1653
2 1 1331 1 1651
2 1 1327 1 1647
2 1 993 1 1313
2 1 995 1 1635
2 1 992 1 1312
2 1 989 1 1309
2 1 988 1 1628
2 1 988 1 1308
2 1 1308 1 1628
2 1 987 1 1627
2 1 1432 1 1752
2 1 1303 1 1623
2 1 983 1 1623
2 1 983 1 1303
2 1 1431 1 1751
2 1 984 1 1304
2 1 1301 1 1621
2 1 981 1 1621
2 1 981 1 1301
2 1 979 1 1619
2 1 979 1 1299
2 1 1299 1 1619
2 1 977 1 1297
2 1 977 1 1617
2 1 1297 1 1617
2 1 1731 1 2051
2 1 964 1 1604
2 1 895 1 1215
2 1 1342 1 1662
2 1 1411 1 2051
2 1 1468 1 2108
2 1 1788 1 2108
2 1 1468 1 1788
2 1 1411 1 1731
2 1 1021 1 1661
2 1 1341 1 1661
2 1 1021 1 1341
2 1 1208 1 1528
2 1 1206 1 1526
2 1 1334 1 1654
2 1 887 1 1527
2 1 1207 1 1527
2 1 887 1 1207
2 1 1014 1 1654
2 1 1014 1 1334
2 1 883 1 1523
2 1 882 1 1202
2 1 882 1 1522
2 1 1202 1 1522
2 1 1457 1 2097
2 1 880 1 1200
2 1 1200 1 1520
2 1 880 1 1520
2 1 1775 1 2095
2 1 1455 1 1775
2 1 1455 1 2095
2 1 1198 1 1518
2 1 1005 1 1645
2 1 1005 1 1325
2 1 1325 1 1645
2 1 878 1 1198
2 1 878 1 1518
2 1 1769 1 2089
2 1 1448 1 1768
2 1 1765 1 2085
2 1 871 1 1191
2 1 868 1 1188
2 1 1318 1 1638
2 1 867 1 1187
2 1 868 1 1508
2 1 1188 1 1508
2 1 1184 1 1504
2 1 1183 1 1503
2 1 863 1 1503
2 1 863 1 1183
2 1 862 1 1502
2 1 1181 1 1501
2 1 861 1 1501
2 1 861 1 1181
2 1 859 1 1499
2 1 859 1 1179
2 1 1179 1 1499
2 1 858 1 1178
2 1 1178 1 1498
2 1 858 1 1498
2 1 1177 1 1497
2 1 857 1 1497
2 1 857 1 1177
2 1 855 1 1175
2 1 850 1 1170
2 1 1170 1 1490
2 1 850 1 1490
2 1 1425 1 1745
2 1 1423 1 2063
2 1 1747 1 2067
2 1 1427 1 2067
2 1 1427 1 1747
2 1 975 1 1295
2 1 1295 1 1615
2 1 975 1 1615
2 1 845 1 1165
2 1 844 1 1164
2 1 844 1 1484
2 1 1164 1 1484
2 1 843 1 1483
2 1 842 1 1482
2 1 841 1 1161
2 1 840 1 1160
2 1 840 1 1480
2 1 1160 1 1480
2 1 839 1 1479
2 1 1158 1 1478
2 1 965 1 1285
2 1 1023 1 1663
2 1 1343 1 1663
2 1 1023 1 1343
2 1 767 1 2047
2 1 767 1 1087
2 1 1087 1 2047
2 1 1919 1 2239
2 1 854 1 1174
2 1 1086 1 2046
2 1 958 1 2238
2 1 958 1 1918
2 1 1918 1 2238
2 1 765 1 2045
2 1 1340 1 1660
2 1 764 1 2044
2 1 957 1 1917
2 1 1019 1 1659
2 1 763 1 2043
2 1 1211 1 1531
2 1 891 1 1211
2 1 891 1 1531
2 1 1915 1 2235
2 1 1338 1 1658
2 1 762 1 1082
2 1 1465 1 2105
2 1 1785 1 2105
2 1 1465 1 1785
2 1 982 1 1302
2 1 1016 1 1336
2 1 1336 1 1656
2 1 1016 1 1656
2 1 889 1 1209
2 1 760 1 1080
2 1 760 1 2040
2 1 1080 1 2040
2 1 1079 1 2039
2 1 1783 1 2103
2 1 758 1 2038
2 1 1078 1 2038
2 1 758 1 1078
2 1 950 1 2230
2 1 1909 1 2229
2 1 949 1 1909
2 1 949 1 2229
2 1 1012 1 1652
2 1 1332 1 1652
2 1 1012 1 1332
2 1 1461 1 2101
2 1 1461 1 1781
2 1 1781 1 2101
2 1 885 1 1525
2 1 1205 1 1525
2 1 885 1 1205
2 1 756 1 2036
2 1 1076 1 2036
2 1 756 1 1076
2 1 1075 1 2035
2 1 1908 1 2228
2 1 947 1 2227
2 1 1907 1 2227
2 1 947 1 1907
2 1 1074 1 2034
2 1 754 1 1074
2 1 754 1 2034
2 1 946 1 2226
2 1 946 1 1906
2 1 1906 1 2226
2 1 1201 1 1521
2 1 881 1 1201
2 1 881 1 1521
2 1 945 1 1905
2 1 1905 1 2225
2 1 945 1 2225
2 1 752 1 2032
2 1 1072 1 2032
2 1 752 1 1072
2 1 1776 1 2096
2 1 751 1 2031
2 1 1199 1 1519
2 1 750 1 2030
2 1 1070 1 2030
2 1 750 1 1070
2 1 1006 1 1326
2 1 1903 1 2223
2 1 943 1 2223
2 1 943 1 1903
2 1 1774 1 2094
2 1 1453 1 2093
2 1 1197 1 1517
2 1 1004 1 1324
2 1 941 1 2221
2 1 1452 1 2092
2 1 1196 1 1516
2 1 747 1 2027
2 1 1003 1 1323
2 1 1451 1 1771
2 1 1771 1 2091
2 1 1451 1 2091
2 1 1195 1 1515
2 1 1322 1 1642
2 1 1002 1 1322
2 1 1002 1 1642
2 1 746 1 2026
2 1 1194 1 1514
2 1 1001 1 1641
2 1 1321 1 1641
2 1 1001 1 1321
2 1 745 1 2025
2 1 1898 1 2218
2 1 1000 1 1640
2 1 1320 1 1640
2 1 1000 1 1320
2 1 744 1 2024
2 1 1192 1 1512
2 1 872 1 1192
2 1 872 1 1512
2 1 1896 1 2216
2 1 1319 1 1639
2 1 743 1 1063
2 1 1063 1 2023
2 1 743 1 2023
2 1 1895 1 2215
2 1 742 1 2022
2 1 934 1 1894
2 1 997 1 1637
2 1 997 1 1317
2 1 1317 1 1637
2 1 870 1 1510
2 1 741 1 2021
2 1 1316 1 1636
2 1 996 1 1316
2 1 996 1 1636
2 1 740 1 2020
2 1 1060 1 2020
2 1 740 1 1060
2 1 1892 1 2212
2 1 1059 1 2019
2 1 739 1 1059
2 1 739 1 2019
2 1 931 1 1891
2 1 1891 1 2211
2 1 931 1 2211
2 1 738 1 1058
2 1 1058 1 2018
2 1 738 1 2018
2 1 1442 1 2082
2 1 1442 1 1762
2 1 1762 1 2082
2 1 930 1 1890
2 1 1057 1 2017
2 1 737 1 1057
2 1 737 1 2017
2 1 1441 1 2081
2 1 1056 1 2016
2 1 736 1 1056
2 1 736 1 2016
2 1 929 1 2209
2 1 928 1 1888
2 1 927 1 2207
2 1 927 1 1887
2 1 1887 1 2207
2 1 1054 1 2014
2 1 926 1 1886
2 1 1886 1 2206
2 1 926 1 2206
2 1 733 1 2013
2 1 1053 1 2013
2 1 733 1 1053
2 1 1885 1 2205
2 1 925 1 2205
2 1 925 1 1885
2 1 1437 1 2077
2 1 1757 1 2077
2 1 1437 1 1757
2 1 732 1 1052
2 1 1051 1 2011
2 1 1884 1 2204
2 1 924 1 1884
2 1 924 1 2204
2 1 1883 1 2203
2 1 923 1 2203
2 1 923 1 1883
2 1 922 1 2202
2 1 1882 1 2202
2 1 922 1 1882
2 1 729 1 1049
2 1 921 1 1881
2 1 1433 1 1753
2 1 728 1 1048
2 1 1048 1 2008
2 1 728 1 2008
2 1 1047 1 2007
2 1 920 1 2200
2 1 920 1 1880
2 1 1880 1 2200
2 1 919 1 1879
2 1 919 1 2199
2 1 1879 1 2199
2 1 726 1 1046
2 1 918 1 1878
2 1 1878 1 2198
2 1 918 1 2198
2 1 917 1 1877
2 1 1429 1 1749
2 1 1044 1 2004
2 1 724 1 1044
2 1 724 1 2004
2 1 980 1 1300
2 1 980 1 1620
2 1 1300 1 1620
2 1 1876 1 2196
2 1 915 1 2195
2 1 851 1 1171
2 1 851 1 1491
2 1 1171 1 1491
2 1 722 1 1042
2 1 722 1 2002
2 1 1042 1 2002
2 1 1874 1 2194
2 1 913 1 1873
2 1 913 1 2193
2 1 1873 1 2193
2 1 720 1 2000
2 1 1040 1 2000
2 1 720 1 1040
2 1 976 1 1296
2 1 976 1 1616
2 1 1296 1 1616
2 1 911 1 1871
2 1 847 1 1167
2 1 973 1 1613
2 1 846 1 1486
2 1 717 1 1037
2 1 716 1 1996
2 1 716 1 1036
2 1 1036 1 1996
2 1 908 1 2188
2 1 1868 1 2188
2 1 908 1 1868
2 1 715 1 1035
2 1 1035 1 1995
2 1 715 1 1995
2 1 1867 1 2187
2 1 907 1 1867
2 1 907 1 2187
2 1 1034 1 1994
2 1 906 1 2186
2 1 1033 1 1993
2 1 905 1 2185
2 1 712 1 1032
2 1 1864 1 2184
2 1 904 1 1864
2 1 904 1 2184
2 1 1031 1 1991
2 1 1415 1 1735
2 1 1735 1 2055
2 1 1415 1 2055
2 1 903 1 2183
2 1 710 1 1030
2 1 709 1 1029
2 1 902 1 2182
2 1 902 1 1862
2 1 1862 1 2182
2 1 901 1 2181
2 1 900 1 1860
2 1 1860 1 2180
2 1 900 1 2180
2 1 1412 1 1732
2 1 836 1 1476
2 1 836 1 1156
2 1 1156 1 1476
2 1 1858 1 2178
2 1 1154 1 1474
2 1 834 1 1474
2 1 834 1 1154
2 1 961 1 1601
2 1 1281 1 1601
2 1 961 1 1281
2 1 705 1 1985
2 1 1280 1 1600
3 1 331 1 724 1 1364
3 1 471 1 1600 1 1920
3 1 390 1 1503 1 1823
3 1 582 1 1258 1 1898
3 1 456 1 1649 1 1969
3 1 360 1 1329 1 1649
3 1 582 1 1258 1 2218
3 1 545 1 805 1 1765
3 1 576 1 1252 1 1892
3 1 580 1 1256 1 1896
3 1 505 1 1634 1 1954
3 1 435 1 1484 1 1804
3 1 606 1 1218 1 2178
3 1 345 1 1314 1 1634
3 1 545 1 805 1 2085
3 1 390 1 1183 1 1823
3 1 334 1 1367 1 2007
3 1 390 1 863 1 1823
3 1 606 1 1218 1 1858
3 1 346 1 1315 1 1635
3 1 578 1 1254 1 1894
3 1 426 1 1155 1 1795
3 1 506 1 995 1 1955
3 1 578 1 934 1 1254
3 1 593 1 949 1 1269
3 1 355 1 1388 1 2028
3 1 558 1 818 1 2098
3 1 519 1 779 1 1739
3 1 331 1 1044 1 1364
3 1 509 1 934 1 2214
3 1 558 1 818 1 1778
3 1 361 1 754 1 1394
3 1 552 1 748 1 2028
3 1 331 1 1364 1 2004
3 1 398 1 1767 1 2087
3 1 524 1 784 1 1424
3 1 506 1 1635 1 1955
3 1 460 1 1653 1 1973
3 1 609 1 837 1 1157
3 1 450 1 1003 1 1963
3 1 467 1 1340 1 1980
3 1 509 1 1894 1 2214
3 1 490 1 979 1 1939
3 1 540 1 800 1 2080
3 1 602 1 894 1 1214
3 1 638 1 930 1 1250
3 1 542 1 802 1 2082
3 1 346 1 995 1 1315
3 1 531 1 727 1 1047
3 1 551 1 811 1 1451
3 1 609 1 901 1 1221
3 1 615 1 1227 1 2187
3 1 402 1 1195 1 1835
3 1 388 1 1501 1 1821
3 1 375 1 1344 1 1984
3 1 452 1 1325 1 1965
3 1 540 1 800 1 1760
3 1 409 1 1522 1 1842
3 1 439 1 1424 1 1744
3 1 621 1 849 1 1169
3 1 562 1 822 1 1782
3 1 341 1 1054 1 1374
3 1 599 1 1275 1 1915
3 1 625 1 853 1 1173
3 1 402 1 1515 1 1835
3 1 547 1 807 1 2087
3 1 540 1 800 1 1440
3 1 539 1 799 1 2079
3 1 539 1 799 1 1439
3 1 353 1 746 1 1386
3 1 593 1 1269 1 2229
3 1 583 1 1259 1 1899
3 1 452 1 1005 1 1965
3 1 492 1 1621 1 1941
3 1 393 1 866 1 1826
3 1 400 1 1193 1 1833
3 1 488 1 1297 1 1937
3 1 625 1 1237 1 1877
3 1 513 1 773 1 2053
3 1 368 1 761 1 1401
3 1 487 1 1296 1 1936
3 1 551 1 811 1 1771
3 1 539 1 799 1 1759
3 1 538 1 798 1 2078
3 1 562 1 822 1 2102
3 1 551 1 811 1 2091
3 1 638 1 1250 1 1890
3 1 542 1 802 1 1762
3 1 452 1 1645 1 1965
3 1 555 1 815 1 1775
3 1 555 1 815 1 1455
3 1 555 1 815 1 2095
3 1 521 1 781 1 1421
3 1 521 1 781 1 2061
3 1 521 1 781 1 1741
3 1 538 1 798 1 1758
3 1 502 1 991 1 1951
3 1 538 1 798 1 1438
3 1 342 1 991 1 1311
3 1 415 1 1464 1 1784
3 1 536 1 796 1 1436
3 1 564 1 824 1 2104
3 1 324 1 717 1 1357
3 1 536 1 796 1 1756
3 1 564 1 824 1 1464
3 1 324 1 1037 1 1357
3 1 513 1 773 1 1413
3 1 513 1 773 1 1733
3 1 488 1 1617 1 1937
3 1 488 1 977 1 1937
3 1 415 1 1784 1 2104
3 1 559 1 819 1 1459
3 1 585 1 1261 1 2221
3 1 519 1 779 1 1419
3 1 559 1 819 1 1779
3 1 535 1 795 1 2075
3 1 621 1 1233 1 2193
3 1 621 1 913 1 1233
3 1 621 1 1233 1 1873
3 1 559 1 819 1 2099
3 1 637 1 1185 1 1505
3 1 560 1 820 1 2100
3 1 560 1 820 1 1780
3 1 575 1 771 1 1731
3 1 575 1 771 1 1411
3 1 575 1 771 1 2051
3 1 428 1 837 1 1797
3 1 554 1 814 1 1774
3 1 517 1 777 1 1737
3 1 345 1 1058 1 1378
3 1 591 1 883 1 1203
3 1 591 1 1203 1 1523
3 1 535 1 795 1 1755
3 1 353 1 1386 1 2026
3 1 324 1 1293 1 1613
3 1 401 1 1514 1 1834
3 1 507 1 1316 1 1956
3 1 592 1 1204 1 1524
3 1 628 1 1240 1 1880
3 1 371 1 1404 1 2044
3 1 458 1 1331 1 1971
3 1 443 1 1172 1 1812
3 1 435 1 844 1 1804
3 1 458 1 1651 1 1971
3 1 471 1 1280 1 1920
3 1 557 1 817 1 1457
3 1 542 1 802 1 1442
3 1 638 1 866 1 1186
3 1 447 1 1176 1 1816
3 1 626 1 918 1 1238
3 1 367 1 1400 1 2040
3 1 462 1 951 1 2231
3 1 460 1 1333 1 1973
3 1 511 1 1640 1 1960
3 1 346 1 739 1 1379
3 1 578 1 870 1 1190
3 1 486 1 1615 1 1935
3 1 469 1 1662 1 1982
3 1 511 1 1320 1 1960
3 1 526 1 786 1 1746
3 1 408 1 1777 1 2097
3 1 604 1 1216 1 1856
3 1 394 1 1187 1 1827
3 1 496 1 985 1 1945
3 1 635 1 1247 1 2207
3 1 625 1 917 1 1237
3 1 476 1 965 1 1925
