434 2240
2 1 1789 1 2109
2 1 1469 1 1789
2 1 1469 1 2109
2 1 1467 1 2107
2 1 1465 1 2105
2 1 1465 1 1785
2 1 1467 1 1787
2 1 1787 1 2107
2 1 1785 1 2105
2 1 1463 1 2103
2 1 1461 1 2101
2 1 1783 1 2103
2 1 1781 1 2101
2 1 1463 1 1783
2 1 1461 1 1781
2 1 1772 1 2092
2 1 1452 1 2092
2 1 1452 1 1772
2 1 1449 1 2089
2 1 1449 1 1769
2 1 1769 1 2089
2 1 1446 1 1766
2 1 1446 1 2086
2 1 1766 1 2086
2 1 1765 1 2085
2 1 1445 1 1765
2 1 1445 1 2085
2 1 1764 1 2084
2 1 1443 1 2083
2 1 1443 1 1763
2 1 1763 1 2083
2 1 1751 1 2071
2 1 1430 1 1750
2 1 1430 1 2070
2 1 1431 1 2071
2 1 1431 1 1751
2 1 1750 1 2070
2 1 1426 1 2066
2 1 1426 1 1746
2 1 1746 1 2066
2 1 1418 1 2058
2 1 1418 1 1738
2 1 1738 1 2058
2 1 1730 1 2050
2 1 975 1 1615
2 1 1295 1 1615
2 1 975 1 1295
2 1 1423 1 1743
2 1 969 1 1289
2 1 1289 1 1609
2 1 969 1 1609
2 1 1280 1 1600
2 1 960 1 1600
2 1 960 1 1280
2 1 1342 1 1662
2 1 1022 1 1342
2 1 1022 1 1662
2 1 1020 1 1340
2 1 1015 1 1335
2 1 1331 1 1651
2 1 1458 1 1778
2 1 1016 1 1336
2 1 1009 1 1649
2 1 1456 1 1776
2 1 1329 1 1649
2 1 1009 1 1329
2 1 1004 1 1644
2 1 999 1 1639
2 1 1007 1 1647
2 1 1319 1 1639
2 1 999 1 1319
2 1 1327 1 1647
2 1 1317 1 1637
2 1 996 1 1316
2 1 995 1 1315
2 1 994 1 1634
2 1 1442 1 1762
2 1 982 1 1302
2 1 1302 1 1622
2 1 982 1 1622
2 1 1301 1 1621
2 1 1299 1 1619
2 1 978 1 1618
2 1 978 1 1298
2 1 980 1 1620
2 1 1298 1 1618
2 1 1300 1 1620
2 1 980 1 1300
2 1 1297 1 1617
2 1 1425 1 1745
2 1 1411 1 2051
2 1 1731 1 2051
2 1 1411 1 1731
2 1 834 1 1474
2 1 1153 1 1473
2 1 961 1 1601
2 1 833 1 1473
2 1 833 1 1153
2 1 1215 1 1535
2 1 895 1 1215
2 1 895 1 1535
2 1 893 1 1533
2 1 891 1 1211
2 1 1209 1 1529
2 1 888 1 1528
2 1 1207 1 1527
2 1 1206 1 1526
2 1 886 1 1526
2 1 886 1 1206
2 1 1205 1 1525
2 1 1332 1 1652
2 1 884 1 1524
2 1 1204 1 1524
2 1 1012 1 1652
2 1 884 1 1204
2 1 1012 1 1332
2 1 882 1 1202
2 1 875 1 1515
2 1 875 1 1195
2 1 878 1 1198
2 1 1195 1 1515
2 1 1003 1 1643
2 1 1323 1 1643
2 1 1003 1 1323
2 1 876 1 1196
2 1 872 1 1192
2 1 873 1 1513
2 1 872 1 1512
2 1 1192 1 1512
2 1 1767 1 2087
2 1 1000 1 1640
2 1 1320 1 1640
2 1 1000 1 1320
2 1 870 1 1190
2 1 870 1 1510
2 1 1190 1 1510
2 1 869 1 1509
2 1 868 1 1508
2 1 867 1 1507
2 1 866 1 1506
2 1 1439 1 2079
2 1 865 1 1185
2 1 1439 1 1759
2 1 1759 1 2079
2 1 991 1 1631
2 1 1437 1 2077
2 1 1757 1 2077
2 1 1437 1 1757
2 1 860 1 1500
2 1 1434 1 2074
2 1 987 1 1307
2 1 1432 1 1752
2 1 855 1 1175
2 1 1174 1 1494
2 1 854 1 1174
2 1 854 1 1494
2 1 853 1 1173
2 1 1173 1 1493
2 1 853 1 1493
2 1 852 1 1172
2 1 851 1 1171
2 1 851 1 1491
2 1 1171 1 1491
2 1 849 1 1489
2 1 848 1 1168
2 1 1421 1 2061
2 1 1421 1 1741
2 1 1741 1 2061
2 1 1293 1 1613
2 1 1163 1 1483
2 1 1162 1 1482
2 1 1290 1 1610
2 1 1160 1 1480
2 1 967 1 1287
2 1 1414 1 1734
2 1 837 1 1157
2 1 832 1 1472
2 1 767 1 1087
2 1 1087 1 2047
2 1 767 1 2047
2 1 766 1 2046
2 1 1085 1 2045
2 1 958 1 1918
2 1 764 1 2044
2 1 892 1 1212
2 1 892 1 1532
2 1 1212 1 1532
2 1 1916 1 2236
2 1 956 1 1916
2 1 956 1 2236
2 1 1083 1 2043
2 1 762 1 2042
2 1 1337 1 1657
2 1 1466 1 2106
2 1 1786 1 2106
2 1 1466 1 1786
2 1 890 1 1530
2 1 890 1 1210
2 1 1210 1 1530
2 1 954 1 2234
2 1 1081 1 2041
2 1 760 1 1080
2 1 1913 1 2233
2 1 1912 1 2232
2 1 952 1 1912
2 1 952 1 2232
2 1 1079 1 2039
2 1 1078 1 2038
2 1 1462 1 2102
2 1 1910 1 2230
2 1 950 1 1910
2 1 950 1 2230
2 1 1077 1 2037
2 1 757 1 2037
2 1 757 1 1077
2 1 756 1 1076
2 1 949 1 1909
2 1 1460 1 1780
2 1 948 1 2228
2 1 1010 1 1650
2 1 1010 1 1330
2 1 1330 1 1650
2 1 754 1 1074
2 1 1074 1 2034
2 1 754 1 2034
2 1 1907 1 2227
2 1 947 1 1907
2 1 947 1 2227
2 1 1906 1 2226
2 1 1777 1 2097
2 1 881 1 1201
2 1 1905 1 2225
2 1 945 1 2225
2 1 945 1 1905
2 1 1328 1 1648
2 1 1072 1 2032
2 1 752 1 2032
2 1 752 1 1072
2 1 751 1 2031
2 1 1904 1 2224
2 1 943 1 1903
2 1 1903 1 2223
2 1 943 1 2223
2 1 1007 1 1327
2 1 1006 1 1646
2 1 1326 1 1646
2 1 1006 1 1326
2 1 750 1 2030
2 1 750 1 1070
2 1 1070 1 2030
2 1 1454 1 1774
2 1 1902 1 2222
2 1 749 1 2029
2 1 749 1 1069
2 1 1069 1 2029
2 1 748 1 1068
2 1 1068 1 2028
2 1 748 1 2028
2 1 941 1 2221
2 1 1901 1 2221
2 1 941 1 1901
2 1 747 1 1067
2 1 1451 1 2091
2 1 939 1 1899
2 1 939 1 2219
2 1 1899 1 2219
2 1 746 1 2026
2 1 1001 1 1321
2 1 1194 1 1514
2 1 1065 1 2025
2 1 938 1 1898
2 1 936 1 2216
2 1 1768 1 2088
2 1 1448 1 1768
2 1 1448 1 2088
2 1 743 1 2023
2 1 1191 1 1511
2 1 935 1 2215
2 1 1894 1 2214
2 1 741 1 1061
2 1 1061 1 2021
2 1 741 1 2021
2 1 933 1 1893
2 1 933 1 2213
2 1 1893 1 2213
2 1 740 1 1060
2 1 932 1 1892
2 1 1892 1 2212
2 1 932 1 2212
2 1 739 1 1059
2 1 1891 1 2211
2 1 931 1 1891
2 1 931 1 2211
2 1 1058 1 2018
2 1 930 1 1890
2 1 930 1 2210
2 1 1890 1 2210
2 1 737 1 1057
2 1 929 1 2209
2 1 1889 1 2209
2 1 929 1 1889
2 1 736 1 1056
2 1 1440 1 2080
2 1 1888 1 2208
2 1 928 1 1888
2 1 928 1 2208
2 1 1183 1 1503
2 1 990 1 1630
2 1 990 1 1310
2 1 1310 1 1630
2 1 1886 1 2206
2 1 862 1 1502
2 1 1182 1 1502
2 1 862 1 1182
2 1 861 1 1181
2 1 1052 1 2012
2 1 988 1 1628
2 1 1308 1 1628
2 1 988 1 1308
2 1 1435 1 1755
2 1 1306 1 1626
2 1 986 1 1626
2 1 986 1 1306
2 1 730 1 2010
2 1 923 1 1883
2 1 1304 1 1624
2 1 857 1 1497
2 1 1177 1 1497
2 1 857 1 1177
2 1 728 1 2008
2 1 856 1 1176
2 1 727 1 1047
2 1 726 1 1046
2 1 1046 1 2006
2 1 726 1 2006
2 1 918 1 2198
2 1 918 1 1878
2 1 1878 1 2198
2 1 1045 1 2005
2 1 917 1 2197
2 1 1044 1 2004
2 1 724 1 1044
2 1 724 1 2004
2 1 916 1 2196
2 1 1043 1 2003
2 1 1427 1 1747
2 1 722 1 1042
2 1 721 1 2001
2 1 721 1 1041
2 1 1041 1 2001
2 1 1874 1 2194
2 1 914 1 2194
2 1 914 1 1874
2 1 913 1 2193
2 1 720 1 1040
2 1 1744 1 2064
2 1 1424 1 1744
2 1 1424 1 2064
2 1 912 1 2192
2 1 912 1 1872
2 1 1872 1 2192
2 1 1039 1 1999
2 1 719 1 1039
2 1 719 1 1999
2 1 718 1 1038
2 1 1871 1 2191
2 1 911 1 2191
2 1 911 1 1871
2 1 1422 1 1742
2 1 1742 1 2062
2 1 1422 1 2062
2 1 910 1 2190
2 1 910 1 1870
2 1 1870 1 2190
2 1 717 1 1997
2 1 1165 1 1485
2 1 909 1 1869
2 1 1869 1 2189
2 1 909 1 2189
2 1 1868 1 2188
2 1 971 1 1611
2 1 844 1 1484
2 1 844 1 1164
2 1 1164 1 1484
2 1 1035 1 1995
2 1 715 1 1035
2 1 715 1 1995
2 1 1419 1 2059
2 1 1034 1 1994
2 1 906 1 1866
2 1 905 1 2185
2 1 905 1 1865
2 1 1865 1 2185
2 1 841 1 1161
2 1 841 1 1481
2 1 1161 1 1481
2 1 968 1 1608
2 1 968 1 1288
2 1 1288 1 1608
2 1 1032 1 1992
2 1 1416 1 1736
2 1 966 1 1606
2 1 966 1 1286
2 1 1286 1 1606
2 1 1735 1 2055
2 1 1863 1 2183
2 1 903 1 1863
2 1 903 1 2183
2 1 1158 1 1478
2 1 1285 1 1605
2 1 965 1 1605
2 1 965 1 1285
2 1 709 1 1029
2 1 1029 1 1989
2 1 709 1 1989
2 1 1861 1 2181
2 1 708 1 1988
2 1 963 1 1283
2 1 1283 1 1603
2 1 963 1 1603
2 1 1859 1 2179
2 1 962 1 1282
2 1 962 1 1602
2 1 1282 1 1602
2 1 835 1 1155
2 1 706 1 1026
2 1 1026 1 1986
2 1 706 1 1986
2 1 705 1 1025
2 1 1025 1 1985
2 1 705 1 1985
2 1 897 1 2177
2 1 1857 1 2177
2 1 897 1 1857
