436 2240
2 1 1471 1 2111
2 1 1470 1 2110
2 1 1773 1 2093
2 1 1440 1 2080
2 1 1438 1 2078
2 1 1760 1 2080
2 1 1434 1 2074
2 1 1752 1 2072
2 1 1440 1 1760
2 1 1430 1 1750
2 1 1430 1 2070
2 1 1750 1 2070
2 1 1427 1 2067
2 1 1427 1 1747
2 1 1747 1 2067
2 1 1425 1 1745
2 1 1425 1 2065
2 1 1745 1 2065
2 1 1421 1 1741
2 1 1741 1 2061
2 1 1421 1 2061
2 1 1739 1 2059
2 1 1419 1 1739
2 1 1419 1 2059
2 1 1418 1 2058
2 1 1737 1 2057
2 1 1733 1 2053
2 1 1735 1 2055
2 1 1415 1 2055
2 1 1413 1 1733
2 1 1415 1 1735
2 1 1412 1 2052
2 1 1732 1 2052
2 1 1413 1 2053
2 1 1412 1 1732
2 1 975 1 1295
2 1 1295 1 1615
2 1 975 1 1615
2 1 974 1 1294
2 1 973 1 1613
2 1 972 1 1292
2 1 1292 1 1612
2 1 972 1 1612
2 1 1420 1 1740
2 1 971 1 1611
2 1 971 1 1291
2 1 1291 1 1611
2 1 970 1 1610
2 1 969 1 1609
2 1 969 1 1289
2 1 1289 1 1609
2 1 1288 1 1608
2 1 967 1 1287
2 1 967 1 1607
2 1 1287 1 1607
2 1 1414 1 1734
2 1 964 1 1284
2 1 962 1 1282
2 1 1282 1 1602
2 1 962 1 1602
2 1 960 1 1280
2 1 1021 1 1661
2 1 1021 1 1341
2 1 1335 1 1655
2 1 1341 1 1661
2 1 1462 1 1782
2 1 1332 1 1652
2 1 1331 1 1651
2 1 1326 1 1646
2 1 1329 1 1649
2 1 1325 1 1645
2 1 1002 1 1322
2 1 1002 1 1642
2 1 1322 1 1642
2 1 993 1 1313
2 1 1324 1 1644
2 1 1313 1 1633
2 1 993 1 1633
2 1 988 1 1308
2 1 988 1 1628
2 1 1308 1 1628
2 1 1004 1 1644
2 1 985 1 1625
2 1 984 1 1304
2 1 1004 1 1324
2 1 983 1 1303
2 1 1431 1 1751
2 1 978 1 1298
2 1 978 1 1618
2 1 1298 1 1618
2 1 976 1 1616
2 1 835 1 1475
2 1 835 1 1155
2 1 1155 1 1475
2 1 1730 1 2050
2 1 1410 1 1730
2 1 1410 1 2050
2 1 833 1 1473
2 1 1152 1 1472
2 1 1215 1 1535
2 1 894 1 1534
2 1 1467 1 1787
2 1 892 1 1212
2 1 1019 1 1659
2 1 1463 1 2103
2 1 1463 1 1783
2 1 1783 1 2103
2 1 886 1 1206
2 1 886 1 1526
2 1 1206 1 1526
2 1 885 1 1205
2 1 884 1 1524
2 1 1204 1 1524
2 1 884 1 1204
2 1 1203 1 1523
2 1 882 1 1522
2 1 1010 1 1330
2 1 1199 1 1519
2 1 1197 1 1517
2 1 1195 1 1515
2 1 1320 1 1640
2 1 1000 1 1640
2 1 1000 1 1320
2 1 1763 1 2083
2 1 1316 1 1636
2 1 1194 1 1514
2 1 876 1 1516
2 1 1761 1 2081
2 1 1189 1 1509
2 1 864 1 1504
2 1 863 1 1183
2 1 863 1 1503
2 1 1183 1 1503
2 1 866 1 1506
2 1 861 1 1501
2 1 1436 1 2076
2 1 1756 1 2076
2 1 1436 1 1756
2 1 989 1 1629
2 1 859 1 1179
2 1 859 1 1499
2 1 1179 1 1499
2 1 1178 1 1498
2 1 857 1 1497
2 1 855 1 1495
2 1 854 1 1174
2 1 1749 1 2069
2 1 1429 1 1749
2 1 1429 1 2069
2 1 851 1 1491
2 1 979 1 1299
2 1 979 1 1619
2 1 1299 1 1619
2 1 1172 1 1492
2 1 852 1 1492
2 1 852 1 1172
2 1 849 1 1169
2 1 848 1 1488
2 1 1164 1 1484
2 1 843 1 1163
2 1 844 1 1164
2 1 844 1 1484
2 1 842 1 1162
2 1 1162 1 1482
2 1 841 1 1481
2 1 842 1 1482
2 1 840 1 1480
2 1 1159 1 1479
2 1 839 1 1159
2 1 839 1 1479
2 1 838 1 1478
2 1 837 1 1157
2 1 836 1 1476
2 1 836 1 1156
2 1 1156 1 1476
2 1 1408 1 2048
2 1 1728 1 2048
2 1 1408 1 1728
2 1 1087 1 2047
2 1 766 1 1086
2 1 959 1 1919
2 1 1919 1 2239
2 1 959 1 2239
2 1 765 1 2045
2 1 893 1 1533
2 1 1213 1 1533
2 1 893 1 1213
2 1 764 1 1084
2 1 1020 1 1660
2 1 1340 1 1660
2 1 1020 1 1340
2 1 1338 1 1658
2 1 1018 1 1658
2 1 1018 1 1338
2 1 890 1 1210
2 1 761 1 2041
2 1 1209 1 1529
2 1 1080 1 2040
2 1 760 1 1080
2 1 760 1 2040
2 1 1336 1 1656
2 1 1016 1 1336
2 1 1016 1 1656
2 1 1334 1 1654
2 1 887 1 1207
2 1 758 1 2038
2 1 1078 1 2038
2 1 758 1 1078
2 1 757 1 2037
2 1 1077 1 2037
2 1 757 1 1077
2 1 949 1 2229
2 1 756 1 2036
2 1 1076 1 2036
2 1 756 1 1076
2 1 1460 1 2100
2 1 755 1 1075
2 1 754 1 2034
2 1 754 1 1074
2 1 1074 1 2034
2 1 947 1 1907
2 1 1778 1 2098
2 1 1328 1 1648
2 1 1457 1 1777
2 1 1201 1 1521
2 1 752 1 1072
2 1 752 1 2032
2 1 1072 1 2032
2 1 945 1 1905
2 1 945 1 2225
2 1 1905 1 2225
2 1 1456 1 1776
2 1 1776 1 2096
2 1 1456 1 2096
2 1 1071 1 2031
2 1 751 1 1071
2 1 751 1 2031
2 1 1455 1 2095
2 1 750 1 2030
2 1 750 1 1070
2 1 1070 1 2030
2 1 1903 1 2223
2 1 943 1 1903
2 1 943 1 2223
2 1 1454 1 1774
2 1 1774 1 2094
2 1 1454 1 2094
2 1 749 1 1069
2 1 1069 1 2029
2 1 749 1 2029
2 1 748 1 2028
2 1 1068 1 2028
2 1 748 1 1068
2 1 1901 1 2221
2 1 941 1 1901
2 1 941 1 2221
2 1 1452 1 2092
2 1 940 1 1900
2 1 940 1 2220
2 1 1900 1 2220
2 1 1067 1 2027
2 1 1771 1 2091
2 1 1066 1 2026
2 1 746 1 1066
2 1 746 1 2026
2 1 745 1 2025
2 1 745 1 1065
2 1 1065 1 2025
2 1 938 1 1898
2 1 938 1 2218
2 1 1898 1 2218
2 1 937 1 1897
2 1 1897 1 2217
2 1 937 1 2217
2 1 1768 1 2088
2 1 1192 1 1512
2 1 1319 1 1639
2 1 936 1 1896
2 1 1318 1 1638
2 1 998 1 1638
2 1 998 1 1318
2 1 1191 1 1511
2 1 742 1 2022
2 1 1894 1 2214
2 1 1766 1 2086
2 1 1446 1 2086
2 1 1446 1 1766
2 1 870 1 1190
2 1 997 1 1317
2 1 997 1 1637
2 1 1317 1 1637
2 1 1061 1 2021
2 1 740 1 2020
2 1 932 1 1892
2 1 1315 1 1635
2 1 995 1 1315
2 1 995 1 1635
2 1 868 1 1188
2 1 1188 1 1508
2 1 868 1 1508
2 1 739 1 2019
2 1 1314 1 1634
2 1 994 1 1314
2 1 994 1 1634
2 1 1058 1 2018
2 1 738 1 1058
2 1 738 1 2018
2 1 1890 1 2210
2 1 737 1 2017
2 1 1056 1 2016
2 1 736 1 1056
2 1 736 1 2016
2 1 929 1 1889
2 1 1888 1 2208
2 1 735 1 1055
2 1 735 1 2015
2 1 1055 1 2015
2 1 1759 1 2079
2 1 1887 1 2207
2 1 927 1 2207
2 1 927 1 1887
2 1 1054 1 2014
2 1 734 1 1054
2 1 734 1 2014
2 1 1053 1 2013
2 1 733 1 1053
2 1 733 1 2013
2 1 926 1 1886
2 1 1886 1 2206
2 1 926 1 2206
2 1 925 1 1885
2 1 987 1 1627
2 1 860 1 1500
2 1 1755 1 2075
2 1 1050 1 2010
2 1 922 1 1882
2 1 1882 1 2202
2 1 922 1 2202
2 1 1753 1 2073
2 1 1433 1 1753
2 1 1433 1 2073
2 1 921 1 1881
2 1 728 1 1048
2 1 1047 1 2007
2 1 920 1 1880
2 1 920 1 2200
2 1 1880 1 2200
2 1 919 1 1879
2 1 1879 1 2199
2 1 919 1 2199
2 1 1046 1 2006
2 1 918 1 2198
2 1 918 1 1878
2 1 1878 1 2198
2 1 1173 1 1493
2 1 853 1 1493
2 1 853 1 1173
2 1 917 1 1877
2 1 1877 1 2197
2 1 917 1 2197
2 1 724 1 1044
2 1 1876 1 2196
2 1 1043 1 2003
2 1 723 1 1043
2 1 723 1 2003
2 1 915 1 1875
2 1 914 1 1874
2 1 1874 1 2194
2 1 914 1 2194
2 1 1170 1 1490
2 1 850 1 1490
2 1 850 1 1170
2 1 1297 1 1617
2 1 977 1 1617
2 1 977 1 1297
2 1 1873 1 2193
2 1 1040 1 2000
2 1 1872 1 2192
2 1 912 1 2192
2 1 912 1 1872
2 1 1424 1 1744
2 1 719 1 1999
2 1 1039 1 1999
2 1 719 1 1039
2 1 1423 1 1743
2 1 718 1 1038
2 1 1038 1 1998
2 1 718 1 1998
2 1 911 1 2191
2 1 717 1 1037
2 1 717 1 1997
2 1 1037 1 1997
2 1 910 1 1870
2 1 910 1 2190
2 1 1870 1 2190
2 1 908 1 2188
2 1 715 1 1995
2 1 1035 1 1995
2 1 715 1 1035
2 1 1867 1 2187
2 1 907 1 2187
2 1 907 1 1867
2 1 714 1 1034
2 1 906 1 1866
2 1 906 1 2186
2 1 1866 1 2186
2 1 905 1 1865
2 1 712 1 1032
2 1 904 1 2184
2 1 711 1 1031
2 1 903 1 1863
2 1 902 1 2182
2 1 709 1 1029
2 1 709 1 1989
2 1 1029 1 1989
2 1 901 1 2181
2 1 708 1 1028
2 1 900 1 1860
2 1 900 1 2180
2 1 1860 1 2180
2 1 707 1 1027
2 1 899 1 2179
2 1 899 1 1859
2 1 1859 1 2179
2 1 1731 1 2051
2 1 1411 1 2051
2 1 1411 1 1731
2 1 1858 1 2178
2 1 898 1 1858
2 1 898 1 2178
2 1 1409 1 1729
2 1 1729 1 2049
2 1 1409 1 2049
2 1 1857 1 2177
2 1 704 1 1024
2 1 896 1 2176
