576 2240
2 1 1788 1 2108
2 1 1468 1 2108
2 1 1468 1 1788
2 1 1467 1 2107
2 1 1466 1 2106
2 1 1466 1 1786
2 1 1786 1 2106
2 1 1455 1 2095
2 1 1770 1 2090
2 1 1445 1 2085
2 1 1445 1 1765
2 1 1765 1 2085
2 1 1435 1 2075
2 1 1762 1 2082
2 1 1742 1 2062
2 1 1738 1 2058
2 1 975 1 1615
2 1 975 1 1295
2 1 1295 1 1615
2 1 1734 1 2054
2 1 973 1 1613
2 1 1289 1 1609
2 1 971 1 1611
2 1 967 1 1607
2 1 1023 1 1343
2 1 1291 1 1611
2 1 1343 1 1663
2 1 971 1 1291
2 1 1023 1 1663
2 1 1021 1 1341
2 1 1019 1 1339
2 1 1408 1 1728
2 1 1018 1 1338
2 1 1461 1 1781
2 1 1458 1 1778
2 1 1009 1 1329
2 1 1009 1 1649
2 1 1329 1 1649
2 1 1328 1 1648
2 1 1326 1 1646
2 1 1454 1 1774
2 1 1007 1 1327
2 1 1003 1 1643
2 1 1003 1 1323
2 1 1325 1 1645
2 1 1323 1 1643
2 1 1005 1 1645
2 1 1005 1 1325
2 1 987 1 1307
2 1 1307 1 1627
2 1 987 1 1627
2 1 1302 1 1622
2 1 1411 1 1731
2 1 1411 1 2051
2 1 1731 1 2051
2 1 1428 1 1748
2 1 1410 1 2050
2 1 1730 1 2050
2 1 1410 1 1730
2 1 1283 1 1603
2 1 1409 1 2049
2 1 1409 1 1729
2 1 1729 1 2049
2 1 832 1 1472
2 1 832 1 1152
2 1 1152 1 1472
2 1 1471 1 2111
2 1 894 1 1534
2 1 894 1 1214
2 1 1214 1 1534
2 1 892 1 1212
2 1 891 1 1531
2 1 1337 1 1657
2 1 1017 1 1657
2 1 1017 1 1337
2 1 890 1 1530
2 1 1464 1 1784
2 1 1209 1 1529
2 1 1782 1 2102
2 1 1462 1 2102
2 1 1462 1 1782
2 1 889 1 1209
2 1 889 1 1529
2 1 885 1 1525
2 1 1205 1 1525
2 1 885 1 1205
2 1 1460 1 1780
2 1 881 1 1201
2 1 1200 1 1520
2 1 879 1 1519
2 1 879 1 1199
2 1 1332 1 1652
2 1 1012 1 1652
2 1 1012 1 1332
2 1 1199 1 1519
2 1 878 1 1518
2 1 877 1 1197
2 1 1194 1 1514
2 1 873 1 1513
2 1 873 1 1193
2 1 1193 1 1513
2 1 1768 1 2088
2 1 1448 1 2088
2 1 1448 1 1768
2 1 1001 1 1321
2 1 1321 1 1641
2 1 1001 1 1641
2 1 1198 1 1518
2 1 871 1 1511
2 1 871 1 1191
2 1 1191 1 1511
2 1 869 1 1189
2 1 1189 1 1509
2 1 869 1 1509
2 1 997 1 1637
2 1 1186 1 1506
2 1 865 1 1505
2 1 1185 1 1505
2 1 865 1 1185
2 1 1313 1 1633
2 1 1437 1 2077
2 1 1180 1 1500
2 1 860 1 1500
2 1 860 1 1180
2 1 1433 1 2073
2 1 1433 1 1753
2 1 1753 1 2073
2 1 858 1 1498
2 1 1178 1 1498
2 1 858 1 1178
2 1 985 1 1625
2 1 985 1 1305
2 1 1305 1 1625
2 1 854 1 1174
2 1 979 1 1299
2 1 1426 1 1746
2 1 849 1 1169
2 1 1166 1 1486
2 1 972 1 1292
2 1 1292 1 1612
2 1 972 1 1612
2 1 1419 1 1739
2 1 878 1 1198
2 1 1735 1 2055
2 1 1415 1 2055
2 1 1415 1 1735
2 1 845 1 1485
2 1 838 1 1158
2 1 838 1 1478
2 1 1158 1 1478
2 1 1165 1 1485
2 1 836 1 1476
2 1 1856 1 2176
2 1 845 1 1165
2 1 959 1 2239
2 1 1022 1 1662
2 1 1086 1 2046
2 1 1470 1 2110
2 1 1470 1 1790
2 1 1790 1 2110
2 1 1413 1 1733
2 1 1413 1 2053
2 1 1733 1 2053
2 1 1213 1 1533
2 1 1084 1 2044
2 1 957 1 2237
2 1 1916 1 2236
2 1 763 1 1083
2 1 1915 1 2235
2 1 955 1 1915
2 1 955 1 2235
2 1 1082 1 2042
2 1 954 1 1914
2 1 761 1 1081
2 1 953 1 2233
2 1 952 1 1912
2 1 888 1 1208
2 1 1015 1 1655
2 1 1783 1 2103
2 1 887 1 1207
2 1 1206 1 1526
2 1 757 1 2037
2 1 1077 1 2037
2 1 757 1 1077
2 1 1013 1 1333
2 1 1910 1 2230
2 1 948 1 1908
2 1 948 1 2228
2 1 1908 1 2228
2 1 1011 1 1651
2 1 1011 1 1331
2 1 1331 1 1651
2 1 884 1 1204
2 1 1330 1 1650
2 1 883 1 1203
2 1 754 1 1074
2 1 754 1 2034
2 1 1074 1 2034
2 1 753 1 2033
2 1 753 1 1073
2 1 1073 1 2033
2 1 1457 1 2097
2 1 945 1 2225
2 1 945 1 1905
2 1 1905 1 2225
2 1 752 1 2032
2 1 752 1 1072
2 1 1072 1 2032
2 1 751 1 1071
2 1 1071 1 2031
2 1 751 1 2031
2 1 944 1 1904
2 1 750 1 1070
2 1 1070 1 2030
2 1 750 1 2030
2 1 942 1 1902
2 1 749 1 1069
2 1 1453 1 1773
2 1 941 1 2221
2 1 1068 1 2028
2 1 748 1 2028
2 1 748 1 1068
2 1 940 1 1900
2 1 940 1 2220
2 1 1900 1 2220
2 1 1002 1 1642
2 1 1002 1 1322
2 1 1322 1 1642
2 1 1451 1 1771
2 1 1451 1 2091
2 1 1771 1 2091
2 1 875 1 1515
2 1 875 1 1195
2 1 1195 1 1515
2 1 746 1 1066
2 1 746 1 2026
2 1 1066 1 2026
2 1 745 1 1065
2 1 1449 1 2089
2 1 1449 1 1769
2 1 1769 1 2089
2 1 937 1 2217
2 1 1897 1 2217
2 1 937 1 1897
2 1 1319 1 1639
2 1 999 1 1639
2 1 999 1 1319
2 1 743 1 1063
2 1 936 1 2216
2 1 1447 1 1767
2 1 1895 1 2215
2 1 742 1 1062
2 1 742 1 2022
2 1 1062 1 2022
2 1 934 1 2214
2 1 934 1 1894
2 1 1894 1 2214
2 1 741 1 1061
2 1 933 1 1893
2 1 740 1 2020
2 1 1315 1 1635
2 1 868 1 1508
2 1 1188 1 1508
2 1 868 1 1188
2 1 1892 1 2212
2 1 932 1 2212
2 1 932 1 1892
2 1 739 1 2019
2 1 994 1 1314
2 1 1763 1 2083
2 1 1443 1 1763
2 1 1443 1 2083
2 1 738 1 1058
2 1 1058 1 2018
2 1 738 1 2018
2 1 1890 1 2210
2 1 1057 1 2017
2 1 1441 1 2081
2 1 929 1 2209
2 1 736 1 2016
2 1 1184 1 1504
2 1 991 1 1311
2 1 735 1 2015
2 1 928 1 1888
2 1 1439 1 2079
2 1 734 1 2014
2 1 990 1 1310
2 1 1309 1 1629
2 1 989 1 1629
2 1 989 1 1309
2 1 1438 1 1758
2 1 1182 1 1502
2 1 733 1 2013
2 1 1051 1 2011
2 1 731 1 2011
2 1 731 1 1051
2 1 730 1 1050
2 1 730 1 2010
2 1 1050 1 2010
2 1 923 1 2203
2 1 922 1 1882
2 1 729 1 2009
2 1 1304 1 1624
2 1 857 1 1177
2 1 921 1 2201
2 1 1880 1 2200
2 1 983 1 1623
2 1 983 1 1303
2 1 1303 1 1623
2 1 856 1 1176
2 1 856 1 1496
2 1 1176 1 1496
2 1 727 1 2007
2 1 727 1 1047
2 1 1047 1 2007
2 1 1879 1 2199
2 1 918 1 1878
2 1 725 1 1045
2 1 1045 1 2005
2 1 725 1 2005
2 1 1749 1 2069
2 1 917 1 1877
2 1 1044 1 2004
2 1 724 1 2004
2 1 724 1 1044
2 1 723 1 1043
2 1 1043 1 2003
2 1 723 1 2003
2 1 916 1 2196
2 1 1876 1 2196
2 1 916 1 1876
2 1 1427 1 2067
2 1 1747 1 2067
2 1 1427 1 1747
2 1 1875 1 2195
2 1 915 1 2195
2 1 915 1 1875
2 1 722 1 2002
2 1 1170 1 1490
2 1 721 1 1041
2 1 721 1 2001
2 1 1041 1 2001
2 1 914 1 1874
2 1 1874 1 2194
2 1 914 1 2194
2 1 1425 1 1745
2 1 1425 1 2065
2 1 1745 1 2065
2 1 1873 1 2193
2 1 1744 1 2064
2 1 1424 1 2064
2 1 1424 1 1744
2 1 1040 1 2000
2 1 912 1 2192
2 1 1423 1 1743
2 1 1743 1 2063
2 1 1423 1 2063
2 1 974 1 1614
2 1 1294 1 1614
2 1 974 1 1294
2 1 1167 1 1487
2 1 1038 1 1998
2 1 1871 1 2191
2 1 911 1 2191
2 1 911 1 1871
2 1 1037 1 1997
2 1 1870 1 2190
2 1 1869 1 2189
2 1 909 1 2189
2 1 909 1 1869
2 1 1421 1 1741
2 1 1036 1 1996
2 1 908 1 1868
2 1 1868 1 2188
2 1 908 1 2188
2 1 907 1 1867
2 1 1867 1 2187
2 1 907 1 2187
2 1 843 1 1163
2 1 1290 1 1610
2 1 970 1 1290
2 1 970 1 1610
2 1 1034 1 1994
2 1 714 1 1034
2 1 714 1 1994
2 1 905 1 2185
2 1 905 1 1865
2 1 1865 1 2185
2 1 1161 1 1481
2 1 841 1 1481
2 1 841 1 1161
2 1 712 1 1032
2 1 1032 1 1992
2 1 712 1 1992
2 1 968 1 1288
2 1 1864 1 2184
2 1 711 1 1991
2 1 903 1 2183
2 1 903 1 1863
2 1 1863 1 2183
2 1 839 1 1159
2 1 710 1 1030
2 1 710 1 1990
2 1 1030 1 1990
2 1 966 1 1606
2 1 966 1 1286
2 1 1286 1 1606
2 1 1862 1 2182
2 1 901 1 1861
2 1 901 1 2181
2 1 1861 1 2181
2 1 1028 1 1988
2 1 708 1 1988
2 1 708 1 1028
2 1 1284 1 1604
2 1 964 1 1604
2 1 964 1 1284
2 1 837 1 1477
2 1 1412 1 2052
2 1 1860 1 2180
2 1 706 1 1986
2 1 962 1 1602
2 1 1858 1 2178
2 1 1154 1 1474
2 1 834 1 1474
2 1 834 1 1154
2 1 1857 1 2177
2 1 833 1 1473
2 1 1024 1 1984
2 1 704 1 1984
2 1 704 1 1024
3 1 492 1 1301 1 1941
3 1 453 1 1902 1 2222
3 1 453 1 942 1 2222
3 1 506 1 1635 1 1955
3 1 586 1 1262 1 1902
3 1 552 1 812 1 2092
3 1 566 1 826 1 1786
3 1 542 1 802 1 2082
3 1 566 1 826 1 1466
3 1 482 1 1611 1 1931
3 1 550 1 810 1 1770
3 1 586 1 942 1 1262
3 1 542 1 802 1 1762
3 1 396 1 869 1 1829
3 1 379 1 708 1 1348
3 1 550 1 810 1 2090
3 1 566 1 826 1 2106
3 1 617 1 1229 1 2189
3 1 639 1 1251 1 1891
3 1 592 1 1268 1 2228
3 1 386 1 1755 1 2075
3 1 555 1 815 1 2095
3 1 480 1 1609 1 1929
3 1 634 1 1246 1 1886
3 1 454 1 1327 1 1967
3 1 506 1 1315 1 1955
3 1 493 1 1302 1 1942
3 1 568 1 828 1 2108
3 1 493 1 1622 1 1942
3 1 535 1 795 1 1435
3 1 501 1 1886 1 2206
3 1 360 1 1393 1 2033
3 1 450 1 939 1 2219
3 1 480 1 1289 1 1929
3 1 592 1 948 1 1268
3 1 568 1 828 1 1468
3 1 568 1 828 1 1788
3 1 377 1 1346 1 1986
3 1 615 1 1227 1 2187
3 1 554 1 814 1 1454
3 1 628 1 1240 1 1880
3 1 397 1 1766 1 2086
3 1 383 1 1032 1 1352
3 1 379 1 1028 1 1348
3 1 535 1 795 1 2075
3 1 377 1 706 1 1346
3 1 329 1 1298 1 1618
3 1 592 1 1268 1 1908
3 1 628 1 1240 1 2200
3 1 381 1 1350 1 1990
3 1 381 1 710 1 1350
3 1 379 1 1348 1 1988
3 1 476 1 965 1 1925
3 1 406 1 1455 1 1775
3 1 381 1 1030 1 1350
3 1 396 1 1189 1 1829
3 1 495 1 1624 1 1944
3 1 471 1 960 1 1920
3 1 477 1 966 1 1926
3 1 614 1 842 1 1162
3 1 366 1 759 1 1399
3 1 596 1 952 1 1272
3 1 570 1 766 1 2046
3 1 555 1 815 1 1455
3 1 615 1 1227 1 1867
3 1 332 1 1045 1 1365
3 1 605 1 1217 1 2177
3 1 430 1 1159 1 1799
3 1 396 1 1509 1 1829
3 1 403 1 1772 1 2092
3 1 383 1 712 1 1352
3 1 638 1 1250 1 1890
3 1 556 1 816 1 2096
3 1 567 1 827 1 1467
3 1 600 1 1276 1 1916
3 1 455 1 1328 1 1968
3 1 583 1 939 1 1259
3 1 508 1 1637 1 1957
3 1 489 1 1618 1 1938
3 1 567 1 827 1 2107
3 1 418 1 1787 1 2107
3 1 331 1 1044 1 1364
3 1 574 1 770 1 1730
3 1 388 1 1757 1 2077
3 1 322 1 715 1 1355
3 1 512 1 772 1 2052
3 1 418 1 1467 1 1787
3 1 358 1 751 1 1391
3 1 530 1 726 1 1046
3 1 407 1 1776 1 2096
3 1 386 1 1435 1 1755
3 1 506 1 1891 1 2211
3 1 444 1 853 1 1813
3 1 334 1 727 1 1367
3 1 495 1 1304 1 1944
3 1 546 1 806 1 2086
3 1 545 1 805 1 2085
3 1 522 1 782 1 1742
3 1 545 1 805 1 1445
3 1 522 1 782 1 2062
3 1 545 1 805 1 1765
3 1 390 1 1439 1 1759
3 1 406 1 1775 1 2095
3 1 454 1 1007 1 1967
3 1 606 1 1218 1 2178
3 1 512 1 772 1 1412
3 1 463 1 1912 1 2232
3 1 419 1 892 1 1852
3 1 415 1 1208 1 1848
3 1 596 1 1272 1 1912
3 1 582 1 1258 1 2218
3 1 456 1 1009 1 1969
3 1 575 1 771 1 1731
3 1 419 1 1212 1 1852
3 1 593 1 1269 1 2229
3 1 405 1 878 1 1838
3 1 463 1 1656 1 1976
3 1 607 1 1155 1 1475
3 1 615 1 907 1 1227
3 1 630 1 922 1 1242
3 1 383 1 1352 1 1992
3 1 633 1 1245 1 2205
3 1 573 1 769 1 1409
3 1 605 1 1217 1 1857
3 1 519 1 779 1 1739
3 1 635 1 863 1 1183
3 1 623 1 851 1 1171
3 1 514 1 774 1 1734
3 1 376 1 961 1 1281
3 1 606 1 1218 1 1858
3 1 366 1 1015 1 1335
3 1 455 1 1648 1 1968
3 1 574 1 770 1 1410
3 1 574 1 770 1 2050
3 1 639 1 867 1 1187
3 1 570 1 766 1 1086
3 1 514 1 774 1 2054
3 1 581 1 1257 1 2217
3 1 539 1 799 1 2079
3 1 521 1 717 1 1997
3 1 408 1 1777 1 2097
3 1 581 1 1257 1 1897
3 1 611 1 903 1 1223
3 1 442 1 851 1 1811
3 1 342 1 1375 1 2015
