434 2240
2 1 1786 1 2106
2 1 1459 1 2099
2 1 1778 1 2098
2 1 1773 1 2093
2 1 1789 1 2109
2 1 1451 1 2091
2 1 1765 1 2085
2 1 1469 1 1789
2 1 1453 1 2093
2 1 1469 1 2109
2 1 1453 1 1773
2 1 1433 1 2073
2 1 1426 1 2066
2 1 1746 1 2066
2 1 1426 1 1746
2 1 1424 1 1744
2 1 1424 1 2064
2 1 1744 1 2064
2 1 1743 1 2063
2 1 1742 1 2062
2 1 1422 1 2062
2 1 1422 1 1742
2 1 1421 1 1741
2 1 1741 1 2061
2 1 1421 1 2061
2 1 1415 1 2055
2 1 1295 1 1615
2 1 1420 1 1740
2 1 974 1 1294
2 1 971 1 1291
2 1 1417 1 1737
2 1 968 1 1608
2 1 1286 1 1606
2 1 1413 1 1733
2 1 964 1 1604
2 1 1284 1 1604
2 1 964 1 1284
2 1 1471 1 1791
2 1 1018 1 1658
2 1 1464 1 1784
2 1 1332 1 1652
2 1 1012 1 1652
2 1 1012 1 1332
2 1 1324 1 1644
2 1 1002 1 1322
2 1 1322 1 1642
2 1 1002 1 1642
2 1 1308 1 1628
2 1 998 1 1638
2 1 986 1 1626
2 1 998 1 1318
2 1 1342 1 1662
2 1 1319 1 1639
2 1 1318 1 1638
2 1 986 1 1306
2 1 1306 1 1626
2 1 984 1 1624
2 1 988 1 1308
2 1 983 1 1303
2 1 988 1 1628
2 1 1303 1 1623
2 1 983 1 1623
2 1 1427 1 1747
2 1 978 1 1618
2 1 978 1 1298
2 1 1298 1 1618
2 1 1296 1 1616
2 1 1410 1 2050
2 1 1283 1 1603
2 1 835 1 1155
2 1 962 1 1602
2 1 1408 1 2048
2 1 895 1 1535
2 1 892 1 1532
2 1 1211 1 1531
2 1 1016 1 1656
2 1 1336 1 1656
2 1 889 1 1209
2 1 889 1 1529
2 1 1209 1 1529
2 1 1016 1 1336
2 1 886 1 1206
2 1 883 1 1203
2 1 882 1 1202
2 1 882 1 1522
2 1 1202 1 1522
2 1 1457 1 1777
2 1 1454 1 2094
2 1 1774 1 2094
2 1 1454 1 1774
2 1 1197 1 1517
2 1 877 1 1517
2 1 877 1 1197
2 1 1450 1 1770
2 1 873 1 1193
2 1 872 1 1192
2 1 1191 1 1511
2 1 1444 1 1764
2 1 1189 1 1509
2 1 1764 1 2084
2 1 1444 1 2084
2 1 997 1 1317
2 1 1443 1 2083
2 1 1763 1 2083
2 1 1443 1 1763
2 1 1316 1 1636
2 1 1185 1 1505
2 1 1312 1 1632
2 1 992 1 1312
2 1 992 1 1632
2 1 1182 1 1502
2 1 1181 1 1501
2 1 1434 1 2074
2 1 857 1 1497
2 1 856 1 1176
2 1 856 1 1496
2 1 1176 1 1496
2 1 854 1 1174
2 1 982 1 1622
2 1 1428 1 2068
2 1 981 1 1621
2 1 1301 1 1621
2 1 981 1 1301
2 1 851 1 1171
2 1 851 1 1491
2 1 1171 1 1491
2 1 850 1 1170
2 1 849 1 1489
2 1 1169 1 1489
2 1 849 1 1169
2 1 848 1 1168
2 1 848 1 1488
2 1 1168 1 1488
2 1 847 1 1487
2 1 846 1 1486
2 1 1166 1 1486
2 1 846 1 1166
2 1 1165 1 1485
2 1 845 1 1165
2 1 845 1 1485
2 1 844 1 1164
2 1 844 1 1484
2 1 1164 1 1484
2 1 1162 1 1482
2 1 1161 1 1481
2 1 969 1 1289
2 1 1159 1 1479
2 1 1414 1 1734
2 1 836 1 1156
2 1 767 1 1087
2 1 1023 1 1343
2 1 958 1 1918
2 1 958 1 2238
2 1 1918 1 2238
2 1 1470 1 1790
2 1 1790 1 2110
2 1 1470 1 2110
2 1 765 1 1085
2 1 765 1 2045
2 1 1085 1 2045
2 1 764 1 2044
2 1 764 1 1084
2 1 1084 1 2044
2 1 1917 1 2237
2 1 1468 1 2108
2 1 956 1 2236
2 1 763 1 1083
2 1 763 1 2043
2 1 1083 1 2043
2 1 1787 1 2107
2 1 1467 1 2107
2 1 1467 1 1787
2 1 762 1 1082
2 1 955 1 1915
2 1 1081 1 2041
2 1 954 1 1914
2 1 1914 1 2234
2 1 954 1 2234
2 1 1913 1 2233
2 1 953 1 2233
2 1 953 1 1913
2 1 1465 1 1785
2 1 1080 1 2040
2 1 952 1 2232
2 1 951 1 1911
2 1 951 1 2231
2 1 1911 1 2231
2 1 1014 1 1654
2 1 1014 1 1334
2 1 1334 1 1654
2 1 887 1 1207
2 1 1462 1 2102
2 1 1462 1 1782
2 1 1782 1 2102
2 1 1909 1 2229
2 1 949 1 1909
2 1 949 1 2229
2 1 1331 1 1651
2 1 1011 1 1651
2 1 1011 1 1331
2 1 884 1 1204
2 1 1075 1 2035
2 1 754 1 2034
2 1 1074 1 2034
2 1 754 1 1074
2 1 1201 1 1521
2 1 881 1 1201
2 1 881 1 1521
2 1 945 1 1905
2 1 1905 1 2225
2 1 945 1 2225
2 1 1328 1 1648
2 1 1008 1 1328
2 1 1008 1 1648
2 1 1904 1 2224
2 1 1456 1 2096
2 1 880 1 1200
2 1 751 1 2031
2 1 1007 1 1647
2 1 1327 1 1647
2 1 1007 1 1327
2 1 1326 1 1646
2 1 1006 1 1646
2 1 1006 1 1326
2 1 1199 1 1519
2 1 878 1 1198
2 1 1325 1 1645
2 1 749 1 2029
2 1 1069 1 2029
2 1 749 1 1069
2 1 1901 1 2221
2 1 748 1 2028
2 1 1452 1 1772
2 1 1452 1 2092
2 1 1772 1 2092
2 1 876 1 1516
2 1 1196 1 1516
2 1 876 1 1196
2 1 1900 1 2220
2 1 940 1 2220
2 1 940 1 1900
2 1 1323 1 1643
2 1 747 1 1067
2 1 747 1 2027
2 1 1067 1 2027
2 1 746 1 2026
2 1 1001 1 1641
2 1 1321 1 1641
2 1 1001 1 1321
2 1 1194 1 1514
2 1 874 1 1514
2 1 874 1 1194
2 1 745 1 1065
2 1 1065 1 2025
2 1 745 1 2025
2 1 744 1 2024
2 1 744 1 1064
2 1 1064 1 2024
2 1 1448 1 2088
2 1 1768 1 2088
2 1 1448 1 1768
2 1 936 1 2216
2 1 743 1 1063
2 1 1063 1 2023
2 1 743 1 2023
2 1 1447 1 2087
2 1 1062 1 2022
2 1 742 1 1062
2 1 742 1 2022
2 1 935 1 1895
2 1 935 1 2215
2 1 1895 1 2215
2 1 1446 1 1766
2 1 1766 1 2086
2 1 1446 1 2086
2 1 741 1 1061
2 1 741 1 2021
2 1 1061 1 2021
2 1 934 1 1894
2 1 933 1 2213
2 1 933 1 1893
2 1 1893 1 2213
2 1 868 1 1508
2 1 932 1 2212
2 1 1314 1 1634
2 1 1187 1 1507
2 1 867 1 1187
2 1 867 1 1507
2 1 1891 1 2211
2 1 1442 1 1762
2 1 1762 1 2082
2 1 1442 1 2082
2 1 866 1 1506
2 1 1186 1 1506
2 1 866 1 1186
2 1 737 1 2017
2 1 1057 1 2017
2 1 737 1 1057
2 1 1889 1 2209
2 1 928 1 1888
2 1 991 1 1311
2 1 864 1 1504
2 1 1887 1 2207
2 1 990 1 1310
2 1 1759 1 2079
2 1 863 1 1183
2 1 1054 1 2014
2 1 734 1 2014
2 1 734 1 1054
2 1 1438 1 2078
2 1 1438 1 1758
2 1 1758 1 2078
2 1 1053 1 2013
2 1 1886 1 2206
2 1 1437 1 1757
2 1 732 1 2012
2 1 925 1 1885
2 1 925 1 2205
2 1 1885 1 2205
2 1 1436 1 2076
2 1 731 1 1051
2 1 731 1 2011
2 1 1051 1 2011
2 1 924 1 2204
2 1 924 1 1884
2 1 1884 1 2204
2 1 730 1 2010
2 1 922 1 1882
2 1 985 1 1305
2 1 985 1 1625
2 1 1305 1 1625
2 1 858 1 1178
2 1 1048 1 2008
2 1 728 1 1048
2 1 728 1 2008
2 1 920 1 1880
2 1 727 1 2007
2 1 727 1 1047
2 1 1047 1 2007
2 1 726 1 1046
2 1 918 1 2198
2 1 725 1 2005
2 1 917 1 1877
2 1 979 1 1619
2 1 979 1 1299
2 1 1299 1 1619
2 1 723 1 1043
2 1 1042 1 2002
2 1 1874 1 2194
2 1 914 1 1874
2 1 914 1 2194
2 1 721 1 1041
2 1 913 1 1873
2 1 1873 1 2193
2 1 913 1 2193
2 1 1040 1 2000
2 1 912 1 1872
2 1 719 1 1999
2 1 719 1 1039
2 1 1039 1 1999
2 1 911 1 2191
2 1 1871 1 2191
2 1 911 1 1871
2 1 718 1 1038
2 1 910 1 1870
2 1 910 1 2190
2 1 1870 1 2190
2 1 1037 1 1997
2 1 909 1 2189
2 1 716 1 1996
2 1 1036 1 1996
2 1 716 1 1036
2 1 908 1 1868
2 1 1868 1 2188
2 1 908 1 2188
2 1 715 1 1995
2 1 1867 1 2187
2 1 907 1 2187
2 1 907 1 1867
2 1 970 1 1290
2 1 970 1 1610
2 1 1290 1 1610
2 1 1739 1 2059
2 1 1419 1 2059
2 1 1419 1 1739
2 1 714 1 1994
2 1 714 1 1034
2 1 1034 1 1994
2 1 1418 1 2058
2 1 1418 1 1738
2 1 1738 1 2058
2 1 713 1 1993
2 1 713 1 1033
2 1 1033 1 1993
2 1 905 1 2185
2 1 905 1 1865
2 1 1865 1 2185
2 1 904 1 2184
2 1 1736 1 2056
2 1 1416 1 1736
2 1 1416 1 2056
2 1 840 1 1160
2 1 711 1 1991
2 1 711 1 1031
2 1 1031 1 1991
2 1 967 1 1287
2 1 710 1 1990
2 1 902 1 1862
2 1 965 1 1605
2 1 965 1 1285
2 1 1285 1 1605
2 1 1158 1 1478
2 1 838 1 1158
2 1 838 1 1478
2 1 709 1 1989
2 1 709 1 1029
2 1 1029 1 1989
2 1 1860 1 2180
2 1 900 1 2180
2 1 900 1 1860
2 1 707 1 1027
2 1 707 1 1987
2 1 1027 1 1987
2 1 899 1 1859
2 1 1859 1 2179
2 1 899 1 2179
2 1 706 1 1986
2 1 834 1 1154
2 1 898 1 2178
2 1 705 1 1985
2 1 833 1 1153
2 1 833 1 1473
2 1 1153 1 1473
2 1 1856 1 2176
