426 2240
2 1 1789 1 2109
2 1 1464 1 1784
2 1 1784 1 2104
2 1 1464 1 2104
2 1 1463 1 2103
2 1 1456 1 1776
2 1 1463 1 1783
2 1 1783 1 2103
2 1 1456 1 2096
2 1 1776 1 2096
2 1 1454 1 1774
2 1 1774 1 2094
2 1 1454 1 2094
2 1 1453 1 2093
2 1 1453 1 1773
2 1 1773 1 2093
2 1 1451 1 2091
2 1 1448 1 2088
2 1 1447 1 1767
2 1 1771 1 2091
2 1 1767 1 2087
2 1 1451 1 1771
2 1 1447 1 2087
2 1 1443 1 1763
2 1 1446 1 1766
2 1 1443 1 2083
2 1 1763 1 2083
2 1 1438 1 2078
2 1 1446 1 2086
2 1 1758 1 2078
2 1 1441 1 2081
2 1 1438 1 1758
2 1 1426 1 2066
2 1 1766 1 2086
2 1 1441 1 1761
2 1 1761 1 2081
2 1 1742 1 2062
2 1 1415 1 2055
2 1 1415 1 1735
2 1 1735 1 2055
2 1 1295 1 1615
2 1 1730 1 2050
2 1 1293 1 1613
2 1 1291 1 1611
2 1 1288 1 1608
2 1 967 1 1287
2 1 973 1 1293
2 1 966 1 1606
2 1 1019 1 1659
2 1 1016 1 1336
2 1 1016 1 1656
2 1 1336 1 1656
2 1 1007 1 1327
2 1 1007 1 1647
2 1 973 1 1613
2 1 1327 1 1647
2 1 1455 1 1775
2 1 1006 1 1326
2 1 1326 1 1646
2 1 1006 1 1646
2 1 1005 1 1645
2 1 1004 1 1644
2 1 1324 1 1644
2 1 1004 1 1324
2 1 1452 1 1772
2 1 1000 1 1640
2 1 1000 1 1320
2 1 1320 1 1640
2 1 999 1 1639
2 1 1319 1 1639
2 1 999 1 1319
2 1 1314 1 1634
2 1 1311 1 1631
2 1 983 1 1623
2 1 983 1 1303
2 1 1303 1 1623
2 1 1300 1 1620
2 1 978 1 1298
2 1 964 1 1604
2 1 1284 1 1604
2 1 964 1 1284
2 1 1154 1 1474
2 1 1408 1 1728
2 1 1408 1 2048
2 1 1728 1 2048
2 1 1409 1 2049
2 1 895 1 1535
2 1 892 1 1532
2 1 893 1 1533
2 1 1787 1 2107
2 1 1467 1 1787
2 1 1790 1 2110
2 1 1467 1 2107
2 1 1020 1 1660
2 1 890 1 1530
2 1 887 1 1527
2 1 1462 1 2102
2 1 1729 1 2049
2 1 1462 1 1782
2 1 1782 1 2102
2 1 1014 1 1654
2 1 1780 1 2100
2 1 1460 1 1780
2 1 1460 1 2100
2 1 1459 1 2099
2 1 1459 1 1779
2 1 1779 1 2099
2 1 882 1 1202
2 1 882 1 1522
2 1 1202 1 1522
2 1 1457 1 1777
2 1 878 1 1198
2 1 1199 1 1519
2 1 877 1 1517
2 1 879 1 1519
2 1 879 1 1199
2 1 876 1 1196
2 1 1196 1 1516
2 1 876 1 1516
2 1 875 1 1195
2 1 1450 1 1770
2 1 1450 1 2090
2 1 1770 1 2090
2 1 1003 1 1643
2 1 1323 1 1643
2 1 1003 1 1323
2 1 873 1 1513
2 1 873 1 1193
2 1 1193 1 1513
2 1 872 1 1192
2 1 870 1 1510
2 1 1190 1 1510
2 1 871 1 1511
2 1 870 1 1190
2 1 1445 1 2085
2 1 1191 1 1511
2 1 871 1 1191
2 1 998 1 1318
2 1 998 1 1638
2 1 1318 1 1638
2 1 1444 1 2084
2 1 1764 1 2084
2 1 1444 1 1764
2 1 1317 1 1637
2 1 1187 1 1507
2 1 867 1 1507
2 1 867 1 1187
2 1 866 1 1506
2 1 1186 1 1506
2 1 866 1 1186
2 1 865 1 1185
2 1 864 1 1504
2 1 1184 1 1504
2 1 864 1 1184
2 1 1183 1 1503
2 1 990 1 1310
2 1 989 1 1309
2 1 1179 1 1499
2 1 856 1 1176
2 1 1431 1 1751
2 1 1751 1 2071
2 1 1431 1 2071
2 1 984 1 1304
2 1 854 1 1494
2 1 854 1 1174
2 1 1174 1 1494
2 1 853 1 1173
2 1 1301 1 1621
2 1 851 1 1491
2 1 1171 1 1491
2 1 851 1 1171
2 1 850 1 1170
2 1 849 1 1169
2 1 849 1 1489
2 1 1169 1 1489
2 1 1168 1 1488
2 1 1166 1 1486
2 1 1421 1 2061
2 1 1741 1 2061
2 1 1421 1 1741
2 1 844 1 1484
2 1 1163 1 1483
2 1 839 1 1159
2 1 838 1 1478
2 1 965 1 1605
2 1 965 1 1285
2 1 1285 1 1605
2 1 1856 1 2176
2 1 1409 1 1729
2 1 832 1 1472
2 1 1023 1 1343
2 1 1343 1 1663
2 1 1023 1 1663
2 1 1087 1 2047
2 1 1919 1 2239
2 1 766 1 2046
2 1 958 1 1918
2 1 958 1 2238
2 1 1918 1 2238
2 1 1021 1 1661
2 1 1085 1 2045
2 1 765 1 2045
2 1 765 1 1085
2 1 1917 1 2237
2 1 1084 1 2044
2 1 1916 1 2236
2 1 956 1 2236
2 1 956 1 1916
2 1 1788 1 2108
2 1 763 1 2043
2 1 1211 1 1531
2 1 1082 1 2042
2 1 1915 1 2235
2 1 955 1 2235
2 1 955 1 1915
2 1 1914 1 2234
2 1 1081 1 2041
2 1 953 1 1913
2 1 952 1 1912
2 1 951 1 1911
2 1 1911 1 2231
2 1 951 1 2231
2 1 1910 1 2230
2 1 950 1 2230
2 1 950 1 1910
2 1 886 1 1526
2 1 1013 1 1653
2 1 1909 1 2229
2 1 885 1 1525
2 1 1011 1 1651
2 1 884 1 1524
2 1 1907 1 2227
2 1 883 1 1523
2 1 1010 1 1650
2 1 1906 1 2226
2 1 1905 1 2225
2 1 945 1 2225
2 1 945 1 1905
2 1 1008 1 1648
2 1 881 1 1201
2 1 1072 1 2032
2 1 1904 1 2224
2 1 1071 1 2031
2 1 943 1 1903
2 1 943 1 2223
2 1 1903 1 2223
2 1 1070 1 2030
2 1 1902 1 2222
2 1 942 1 1902
2 1 942 1 2222
2 1 1901 1 2221
2 1 941 1 2221
2 1 941 1 1901
2 1 1068 1 2028
2 1 940 1 2220
2 1 1067 1 2027
2 1 747 1 2027
2 1 747 1 1067
2 1 939 1 2219
2 1 746 1 2026
2 1 938 1 1898
2 1 1898 1 2218
2 1 938 1 2218
2 1 1001 1 1321
2 1 1321 1 1641
2 1 1001 1 1641
2 1 1194 1 1514
2 1 874 1 1194
2 1 874 1 1514
2 1 744 1 1064
2 1 743 1 1063
2 1 1062 1 2022
2 1 934 1 2214
2 1 741 1 2021
2 1 1316 1 1636
2 1 869 1 1509
2 1 1189 1 1509
2 1 869 1 1189
2 1 933 1 2213
2 1 1893 1 2213
2 1 933 1 1893
2 1 995 1 1635
2 1 1315 1 1635
2 1 995 1 1315
2 1 868 1 1188
2 1 1188 1 1508
2 1 868 1 1508
2 1 739 1 1059
2 1 1891 1 2211
2 1 738 1 1058
2 1 930 1 2210
2 1 1890 1 2210
2 1 930 1 1890
2 1 737 1 1057
2 1 736 1 1056
2 1 736 1 2016
2 1 1056 1 2016
2 1 1440 1 2080
2 1 1440 1 1760
2 1 1760 1 2080
2 1 928 1 1888
2 1 928 1 2208
2 1 1888 1 2208
2 1 1055 1 2015
2 1 735 1 1055
2 1 735 1 2015
2 1 1439 1 2079
2 1 734 1 1054
2 1 1887 1 2207
2 1 927 1 1887
2 1 927 1 2207
2 1 926 1 1886
2 1 925 1 2205
2 1 988 1 1628
2 1 988 1 1308
2 1 1308 1 1628
2 1 1437 1 2077
2 1 861 1 1501
2 1 1436 1 2076
2 1 1180 1 1500
2 1 731 1 1051
2 1 1435 1 2075
2 1 730 1 2010
2 1 1305 1 1625
2 1 985 1 1305
2 1 985 1 1625
2 1 1434 1 2074
2 1 1178 1 1498
2 1 729 1 2009
2 1 729 1 1049
2 1 1049 1 2009
2 1 922 1 1882
2 1 1048 1 2008
2 1 728 1 1048
2 1 728 1 2008
2 1 855 1 1175
2 1 1046 1 2006
2 1 725 1 1045
2 1 1045 1 2005
2 1 725 1 2005
2 1 979 1 1299
2 1 1043 1 2003
2 1 723 1 2003
2 1 723 1 1043
2 1 916 1 1876
2 1 1042 1 2002
2 1 721 1 1041
2 1 1425 1 2065
2 1 720 1 1040
2 1 1040 1 2000
2 1 720 1 2000
2 1 719 1 1999
2 1 719 1 1039
2 1 1039 1 1999
2 1 1423 1 2063
2 1 718 1 1038
2 1 718 1 1998
2 1 1038 1 1998
2 1 717 1 1997
2 1 910 1 1870
2 1 909 1 2189
2 1 1869 1 2189
2 1 909 1 1869
2 1 845 1 1485
2 1 1292 1 1612
2 1 972 1 1292
2 1 972 1 1612
2 1 716 1 1036
2 1 1036 1 1996
2 1 716 1 1996
2 1 1420 1 2060
2 1 1868 1 2188
2 1 715 1 1995
2 1 715 1 1035
2 1 1035 1 1995
2 1 1419 1 1739
2 1 714 1 1034
2 1 1034 1 1994
2 1 714 1 1994
2 1 907 1 1867
2 1 1033 1 1993
2 1 713 1 1033
2 1 713 1 1993
2 1 906 1 1866
2 1 1866 1 2186
2 1 906 1 2186
2 1 712 1 1992
2 1 712 1 1032
2 1 1032 1 1992
2 1 905 1 2185
2 1 905 1 1865
2 1 1865 1 2185
2 1 711 1 1991
2 1 711 1 1031
2 1 1031 1 1991
2 1 903 1 2183
2 1 1863 1 2183
2 1 903 1 1863
2 1 1030 1 1990
2 1 902 1 1862
2 1 902 1 2182
2 1 1862 1 2182
2 1 1414 1 1734
2 1 1029 1 1989
2 1 1733 1 2053
2 1 708 1 1988
2 1 901 1 2181
2 1 963 1 1603
2 1 707 1 1987
2 1 1732 1 2052
2 1 1156 1 1476
2 1 1860 1 2180
2 1 900 1 2180
2 1 900 1 1860
2 1 1731 1 2051
2 1 1026 1 1986
2 1 962 1 1282
2 1 1859 1 2179
2 1 705 1 1985
2 1 1858 1 2178
2 1 1857 1 2177
2 1 897 1 2177
2 1 897 1 1857
2 1 960 1 1600
2 1 833 1 1473
2 1 704 1 1984
