437 2240
2 1 1470 1 2110
2 1 1457 1 1777
2 1 1457 1 2097
2 1 1777 1 2097
2 1 1776 1 2096
2 1 1775 1 2095
2 1 1455 1 2095
2 1 1455 1 1775
2 1 1437 1 1757
2 1 1758 1 2078
2 1 1437 1 2077
2 1 1757 1 2077
2 1 1435 1 2075
2 1 1436 1 2076
2 1 1435 1 1755
2 1 1436 1 1756
2 1 1755 1 2075
2 1 1756 1 2076
2 1 1434 1 1754
2 1 1434 1 2074
2 1 1754 1 2074
2 1 1431 1 1751
2 1 1751 1 2071
2 1 1431 1 2071
2 1 1418 1 2058
2 1 1748 1 2068
2 1 1428 1 1748
2 1 1428 1 2068
2 1 1416 1 2056
2 1 1417 1 2057
2 1 1415 1 1735
2 1 1735 1 2055
2 1 1415 1 2055
2 1 1414 1 2054
2 1 1733 1 2053
2 1 1411 1 2051
2 1 1411 1 1731
2 1 1731 1 2051
2 1 1424 1 1744
2 1 970 1 1290
2 1 969 1 1289
2 1 968 1 1608
2 1 1288 1 1608
2 1 968 1 1288
2 1 961 1 1281
2 1 1343 1 1663
2 1 1021 1 1341
2 1 1468 1 1788
2 1 1335 1 1655
2 1 1014 1 1334
2 1 1333 1 1653
2 1 1013 1 1653
2 1 1013 1 1333
2 1 1012 1 1652
2 1 1012 1 1332
2 1 1332 1 1652
2 1 1007 1 1327
2 1 1329 1 1649
2 1 1448 1 1768
2 1 1309 1 1629
2 1 988 1 1628
2 1 985 1 1625
2 1 1296 1 1616
2 1 835 1 1475
2 1 834 1 1154
2 1 1154 1 1474
2 1 834 1 1474
2 1 1215 1 1535
2 1 893 1 1533
2 1 893 1 1213
2 1 1213 1 1533
2 1 1212 1 1532
2 1 1340 1 1660
2 1 1019 1 1339
2 1 1019 1 1659
2 1 1339 1 1659
2 1 888 1 1208
2 1 887 1 1207
2 1 1202 1 1522
2 1 1201 1 1521
2 1 884 1 1204
2 1 880 1 1520
2 1 1200 1 1520
2 1 880 1 1200
2 1 878 1 1518
2 1 1326 1 1646
2 1 879 1 1519
2 1 879 1 1199
2 1 1199 1 1519
2 1 1005 1 1645
2 1 1005 1 1325
2 1 1325 1 1645
2 1 1195 1 1515
2 1 1770 1 2090
2 1 1450 1 1770
2 1 1450 1 2090
2 1 873 1 1513
2 1 873 1 1193
2 1 1193 1 1513
2 1 1192 1 1512
2 1 1000 1 1640
2 1 1320 1 1640
2 1 1000 1 1320
2 1 999 1 1639
2 1 1444 1 2084
2 1 1764 1 2084
2 1 1444 1 1764
2 1 1443 1 1763
2 1 993 1 1313
2 1 862 1 1502
2 1 1181 1 1501
2 1 861 1 1501
2 1 861 1 1181
2 1 860 1 1500
2 1 1179 1 1499
2 1 859 1 1499
2 1 859 1 1179
2 1 1306 1 1626
2 1 1175 1 1495
2 1 1178 1 1498
2 1 1172 1 1492
2 1 1427 1 1747
2 1 1747 1 2067
2 1 1427 1 2067
2 1 858 1 1178
2 1 980 1 1300
2 1 858 1 1498
2 1 980 1 1620
2 1 1300 1 1620
2 1 979 1 1619
2 1 1299 1 1619
2 1 979 1 1299
2 1 1169 1 1489
2 1 848 1 1488
2 1 847 1 1167
2 1 1741 1 2061
2 1 975 1 1615
2 1 1295 1 1615
2 1 974 1 1614
2 1 975 1 1295
2 1 1421 1 1741
2 1 974 1 1294
2 1 1421 1 2061
2 1 1294 1 1614
2 1 1022 1 1342
2 1 1163 1 1483
2 1 1162 1 1482
2 1 841 1 1481
2 1 840 1 1480
2 1 1160 1 1480
2 1 840 1 1160
2 1 839 1 1479
2 1 1159 1 1479
2 1 839 1 1159
2 1 838 1 1478
2 1 1157 1 1477
2 1 837 1 1477
2 1 837 1 1157
2 1 1732 1 2052
2 1 1285 1 1605
2 1 1408 1 2048
2 1 1408 1 1728
2 1 1728 1 2048
2 1 1087 1 2047
2 1 1471 1 1791
2 1 766 1 1086
2 1 959 1 2239
2 1 765 1 1085
2 1 958 1 2238
2 1 1469 1 1789
2 1 1789 1 2109
2 1 1469 1 2109
2 1 957 1 1917
2 1 1084 1 2044
2 1 763 1 2043
2 1 956 1 1916
2 1 1916 1 2236
2 1 956 1 2236
2 1 1915 1 2235
2 1 955 1 1915
2 1 955 1 2235
2 1 891 1 1211
2 1 1338 1 1658
2 1 1018 1 1338
2 1 1018 1 1658
2 1 762 1 2042
2 1 1337 1 1657
2 1 890 1 1210
2 1 761 1 2041
2 1 1336 1 1656
2 1 760 1 1080
2 1 759 1 2039
2 1 1079 1 2039
2 1 759 1 1079
2 1 1783 1 2103
2 1 1463 1 1783
2 1 1463 1 2103
2 1 951 1 1911
2 1 758 1 2038
2 1 1078 1 2038
2 1 758 1 1078
2 1 1077 1 2037
2 1 757 1 2037
2 1 757 1 1077
2 1 1910 1 2230
2 1 950 1 2230
2 1 950 1 1910
2 1 949 1 2229
2 1 1441 1 1761
2 1 756 1 2036
2 1 1076 1 2036
2 1 756 1 1076
2 1 1460 1 1780
2 1 1780 1 2100
2 1 1460 1 2100
2 1 948 1 1908
2 1 1075 1 2035
2 1 755 1 1075
2 1 755 1 2035
2 1 1779 1 2099
2 1 1074 1 2034
2 1 754 1 1074
2 1 754 1 2034
2 1 947 1 1907
2 1 1907 1 2227
2 1 947 1 2227
2 1 1458 1 1778
2 1 1778 1 2098
2 1 1458 1 2098
2 1 753 1 1073
2 1 946 1 2226
2 1 752 1 1072
2 1 945 1 2225
2 1 944 1 1904
2 1 1904 1 2224
2 1 944 1 2224
2 1 1071 1 2031
2 1 943 1 2223
2 1 943 1 1903
2 1 1903 1 2223
2 1 1902 1 2222
2 1 942 1 1902
2 1 942 1 2222
2 1 1454 1 1774
2 1 1004 1 1644
2 1 1324 1 1644
2 1 1004 1 1324
2 1 1773 1 2093
2 1 941 1 2221
2 1 941 1 1901
2 1 1901 1 2221
2 1 747 1 1067
2 1 1067 1 2027
2 1 747 1 2027
2 1 938 1 1898
2 1 938 1 2218
2 1 1898 1 2218
2 1 745 1 2025
2 1 1065 1 2025
2 1 745 1 1065
2 1 1897 1 2217
2 1 1449 1 1769
2 1 1769 1 2089
2 1 1449 1 2089
2 1 744 1 2024
2 1 1064 1 2024
2 1 744 1 1064
2 1 1896 1 2216
2 1 936 1 1896
2 1 936 1 2216
2 1 1895 1 2215
2 1 935 1 1895
2 1 935 1 2215
2 1 871 1 1191
2 1 998 1 1638
2 1 1318 1 1638
2 1 998 1 1318
2 1 1766 1 2086
2 1 1894 1 2214
2 1 1317 1 1637
2 1 996 1 1316
2 1 1316 1 1636
2 1 996 1 1636
2 1 995 1 1635
2 1 1188 1 1508
2 1 1891 1 2211
2 1 867 1 1187
2 1 1187 1 1507
2 1 867 1 1507
2 1 738 1 1058
2 1 1058 1 2018
2 1 738 1 2018
2 1 994 1 1634
2 1 737 1 2017
2 1 1312 1 1632
2 1 992 1 1632
2 1 992 1 1312
2 1 865 1 1185
2 1 736 1 2016
2 1 1888 1 2208
2 1 991 1 1631
2 1 1440 1 2080
2 1 1760 1 2080
2 1 1440 1 1760
2 1 864 1 1184
2 1 1055 1 2015
2 1 1054 1 2014
2 1 1887 1 2207
2 1 1053 1 2013
2 1 733 1 1053
2 1 733 1 2013
2 1 1885 1 2205
2 1 925 1 2205
2 1 925 1 1885
2 1 732 1 1052
2 1 1052 1 2012
2 1 732 1 2012
2 1 924 1 2204
2 1 924 1 1884
2 1 1884 1 2204
2 1 1051 1 2011
2 1 923 1 2203
2 1 1883 1 2203
2 1 923 1 1883
2 1 730 1 1050
2 1 922 1 1882
2 1 922 1 2202
2 1 1882 1 2202
2 1 921 1 2201
2 1 1881 1 2201
2 1 921 1 1881
2 1 984 1 1304
2 1 857 1 1497
2 1 1432 1 1752
2 1 1432 1 2072
2 1 1752 1 2072
2 1 726 1 2006
2 1 919 1 2199
2 1 918 1 1878
2 1 1878 1 2198
2 1 918 1 2198
2 1 1301 1 1621
2 1 981 1 1621
2 1 981 1 1301
2 1 854 1 1494
2 1 1174 1 1494
2 1 854 1 1174
2 1 1430 1 1750
2 1 1749 1 2069
2 1 1429 1 2069
2 1 1429 1 1749
2 1 1044 1 2004
2 1 724 1 1044
2 1 724 1 2004
2 1 1877 1 2197
2 1 723 1 2003
2 1 1876 1 2196
2 1 916 1 1876
2 1 916 1 2196
2 1 915 1 2195
2 1 1875 1 2195
2 1 915 1 1875
2 1 1298 1 1618
2 1 978 1 1618
2 1 978 1 1298
2 1 851 1 1491
2 1 851 1 1171
2 1 1171 1 1491
2 1 1297 1 1617
2 1 850 1 1490
2 1 850 1 1170
2 1 1170 1 1490
2 1 1874 1 2194
2 1 721 1 1041
2 1 721 1 2001
2 1 1041 1 2001
2 1 720 1 1040
2 1 1040 1 2000
2 1 720 1 2000
2 1 912 1 1872
2 1 719 1 1039
2 1 1871 1 2191
2 1 911 1 1871
2 1 911 1 2191
2 1 718 1 1998
2 1 846 1 1166
2 1 717 1 1997
2 1 973 1 1613
2 1 1292 1 1612
2 1 972 1 1612
2 1 972 1 1292
2 1 845 1 1165
2 1 971 1 1611
2 1 971 1 1291
2 1 1291 1 1611
2 1 1420 1 2060
2 1 1420 1 1740
2 1 1740 1 2060
2 1 844 1 1484
2 1 844 1 1164
2 1 1164 1 1484
2 1 715 1 1035
2 1 1739 1 2059
2 1 714 1 1034
2 1 1033 1 1993
2 1 1866 1 2186
2 1 906 1 2186
2 1 906 1 1866
2 1 1032 1 1992
2 1 712 1 1032
2 1 712 1 1992
2 1 904 1 1864
2 1 1031 1 1991
2 1 711 1 1031
2 1 711 1 1991
2 1 903 1 1863
2 1 710 1 1030
2 1 902 1 2182
2 1 709 1 1029
2 1 901 1 1861
2 1 900 1 1860
2 1 900 1 2180
2 1 1860 1 2180
2 1 707 1 1987
2 1 1027 1 1987
2 1 707 1 1027
2 1 836 1 1156
2 1 836 1 1476
2 1 1156 1 1476
2 1 1026 1 1986
2 1 1858 1 2178
2 1 898 1 1858
2 1 898 1 2178
2 1 897 1 1857
2 1 704 1 1024
2 1 704 1 1984
2 1 1024 1 1984
