492 2240
2 1 1791 1 2111
2 1 1790 1 2110
2 1 1462 1 1782
2 1 1782 1 2102
2 1 1462 1 2102
2 1 1777 1 2097
2 1 1780 1 2100
2 1 1450 1 2090
2 1 1767 1 2087
2 1 1774 1 2094
2 1 1447 1 1767
2 1 1447 1 2087
2 1 1443 1 2083
2 1 1443 1 1763
2 1 1763 1 2083
2 1 1758 1 2078
2 1 1441 1 2081
2 1 1433 1 1753
2 1 1753 1 2073
2 1 1433 1 2073
2 1 1429 1 1749
2 1 1749 1 2069
2 1 1429 1 2069
2 1 1737 1 2057
2 1 1417 1 2057
2 1 1744 1 2064
2 1 1417 1 1737
2 1 1412 1 1732
2 1 1732 1 2052
2 1 1412 1 2052
2 1 1730 1 2050
2 1 973 1 1293
2 1 969 1 1289
2 1 1289 1 1609
2 1 969 1 1609
2 1 963 1 1283
2 1 1281 1 1601
2 1 1023 1 1343
2 1 1343 1 1663
2 1 1023 1 1663
2 1 1019 1 1659
2 1 1339 1 1659
2 1 1019 1 1339
2 1 1341 1 1661
2 1 1410 1 1730
2 1 1338 1 1658
2 1 1333 1 1653
2 1 1013 1 1333
2 1 1013 1 1653
2 1 1005 1 1325
2 1 1325 1 1645
2 1 1005 1 1645
2 1 1004 1 1324
2 1 1410 1 2050
2 1 1003 1 1643
2 1 1000 1 1320
2 1 995 1 1315
2 1 1315 1 1635
2 1 995 1 1635
2 1 1314 1 1634
2 1 992 1 1312
2 1 1440 1 1760
2 1 993 1 1633
2 1 991 1 1631
2 1 991 1 1311
2 1 1311 1 1631
2 1 990 1 1310
2 1 1436 1 1756
2 1 1309 1 1629
2 1 983 1 1623
2 1 1303 1 1623
2 1 984 1 1624
2 1 1302 1 1622
2 1 983 1 1303
2 1 982 1 1302
2 1 982 1 1622
2 1 1299 1 1619
2 1 1426 1 1746
2 1 964 1 1604
2 1 1284 1 1604
2 1 981 1 1301
2 1 964 1 1284
2 1 834 1 1154
2 1 1154 1 1474
2 1 834 1 1474
2 1 1297 1 1617
2 1 1152 1 1472
2 1 1215 1 1535
2 1 894 1 1214
2 1 1214 1 1534
2 1 894 1 1534
2 1 1342 1 1662
2 1 1469 1 1789
2 1 1211 1 1531
2 1 889 1 1209
2 1 1017 1 1657
2 1 1206 1 1526
2 1 885 1 1525
2 1 1205 1 1525
2 1 1332 1 1652
2 1 885 1 1205
2 1 1204 1 1524
2 1 1778 1 2098
2 1 1011 1 1331
2 1 1011 1 1651
2 1 1331 1 1651
2 1 881 1 1521
2 1 881 1 1201
2 1 1201 1 1521
2 1 879 1 1199
2 1 877 1 1517
2 1 877 1 1197
2 1 1197 1 1517
2 1 1195 1 1515
2 1 1194 1 1514
2 1 873 1 1513
2 1 1001 1 1641
2 1 998 1 1638
2 1 867 1 1187
2 1 866 1 1186
2 1 866 1 1506
2 1 1186 1 1506
2 1 863 1 1183
2 1 1184 1 1504
2 1 864 1 1184
2 1 864 1 1504
2 1 1182 1 1502
2 1 861 1 1501
2 1 1755 1 2075
2 1 1308 1 1628
2 1 1434 1 2074
2 1 1754 1 2074
2 1 1434 1 1754
2 1 1307 1 1627
2 1 987 1 1627
2 1 987 1 1307
2 1 857 1 1497
2 1 857 1 1177
2 1 1177 1 1497
2 1 856 1 1496
2 1 1176 1 1496
2 1 856 1 1176
2 1 1174 1 1494
2 1 853 1 1173
2 1 1172 1 1492
2 1 852 1 1172
2 1 852 1 1492
2 1 1747 1 2067
2 1 1427 1 2067
2 1 1427 1 1747
2 1 850 1 1170
2 1 1170 1 1490
2 1 850 1 1490
2 1 1745 1 2065
2 1 967 1 1607
2 1 1168 1 1488
2 1 848 1 1488
2 1 848 1 1168
2 1 1739 1 2059
2 1 1419 1 1739
2 1 1419 1 2059
2 1 842 1 1482
2 1 840 1 1160
2 1 840 1 1480
2 1 1161 1 1481
2 1 1160 1 1480
2 1 968 1 1608
2 1 1288 1 1608
2 1 968 1 1288
2 1 767 1 2047
2 1 1087 1 2047
2 1 767 1 1087
2 1 1086 1 2046
2 1 958 1 1918
2 1 1918 1 2238
2 1 958 1 2238
2 1 1213 1 1533
2 1 893 1 1213
2 1 893 1 1533
2 1 957 1 2237
2 1 1340 1 1660
2 1 1917 1 2237
2 1 957 1 1917
2 1 1084 1 2044
2 1 764 1 2044
2 1 764 1 1084
2 1 1468 1 2108
2 1 1788 1 2108
2 1 1468 1 1788
2 1 1916 1 2236
2 1 763 1 2043
2 1 763 1 1083
2 1 1083 1 2043
2 1 1467 1 1787
2 1 762 1 1082
2 1 955 1 2235
2 1 1081 1 2041
2 1 761 1 2041
2 1 761 1 1081
2 1 1914 1 2234
2 1 954 1 1914
2 1 954 1 2234
2 1 953 1 2233
2 1 760 1 2040
2 1 1015 1 1335
2 1 1464 1 2104
2 1 1208 1 1528
2 1 1014 1 1334
2 1 1334 1 1654
2 1 1014 1 1654
2 1 1463 1 2103
2 1 1207 1 1527
2 1 1078 1 2038
2 1 758 1 2038
2 1 758 1 1078
2 1 1781 1 2101
2 1 949 1 2229
2 1 756 1 1076
2 1 1076 1 2036
2 1 756 1 2036
2 1 755 1 2035
2 1 948 1 2228
2 1 948 1 1908
2 1 1908 1 2228
2 1 1330 1 1650
2 1 1459 1 1779
2 1 1779 1 2099
2 1 1459 1 2099
2 1 883 1 1523
2 1 947 1 1907
2 1 947 1 2227
2 1 1907 1 2227
2 1 754 1 2034
2 1 1329 1 1649
2 1 1073 1 2033
2 1 753 1 2033
2 1 753 1 1073
2 1 1906 1 2226
2 1 944 1 1904
2 1 1904 1 2224
2 1 944 1 2224
2 1 1007 1 1647
2 1 880 1 1200
2 1 1200 1 1520
2 1 880 1 1520
2 1 751 1 1071
2 1 1455 1 1775
2 1 1903 1 2223
2 1 1070 1 2030
2 1 750 1 2030
2 1 750 1 1070
2 1 749 1 2029
2 1 1069 1 2029
2 1 749 1 1069
2 1 942 1 2222
2 1 1453 1 2093
2 1 1453 1 1773
2 1 1773 1 2093
2 1 941 1 1901
2 1 1901 1 2221
2 1 941 1 2221
2 1 1772 1 2092
2 1 1067 1 2027
2 1 1900 1 2220
2 1 940 1 2220
2 1 940 1 1900
2 1 1451 1 2091
2 1 746 1 1066
2 1 746 1 2026
2 1 1066 1 2026
2 1 939 1 2219
2 1 1065 1 2025
2 1 938 1 1898
2 1 745 1 2025
2 1 745 1 1065
2 1 1449 1 2089
2 1 744 1 2024
2 1 1192 1 1512
2 1 1319 1 1639
2 1 936 1 1896
2 1 1895 1 2215
2 1 934 1 1894
2 1 1894 1 2214
2 1 934 1 2214
2 1 1317 1 1637
2 1 997 1 1317
2 1 997 1 1637
2 1 1190 1 1510
2 1 870 1 1510
2 1 870 1 1190
2 1 1765 1 2085
2 1 869 1 1189
2 1 740 1 1060
2 1 739 1 2019
2 1 739 1 1059
2 1 1059 1 2019
2 1 931 1 2211
2 1 1890 1 2210
2 1 930 1 1890
2 1 930 1 2210
2 1 1057 1 2017
2 1 737 1 1057
2 1 737 1 2017
2 1 1056 1 2016
2 1 929 1 1889
2 1 1889 1 2209
2 1 929 1 2209
2 1 735 1 1055
2 1 1439 1 2079
2 1 1439 1 1759
2 1 1759 1 2079
2 1 1887 1 2207
2 1 927 1 2207
2 1 927 1 1887
2 1 734 1 1054
2 1 1886 1 2206
2 1 926 1 1886
2 1 926 1 2206
2 1 1757 1 2077
2 1 1437 1 2077
2 1 1437 1 1757
2 1 925 1 2205
2 1 925 1 1885
2 1 1885 1 2205
2 1 732 1 1052
2 1 1052 1 2012
2 1 732 1 2012
2 1 731 1 2011
2 1 924 1 2204
2 1 1884 1 2204
2 1 924 1 1884
2 1 923 1 2203
2 1 730 1 2010
2 1 1178 1 1498
2 1 858 1 1178
2 1 858 1 1498
2 1 729 1 1049
2 1 728 1 1048
2 1 920 1 2200
2 1 727 1 2007
2 1 727 1 1047
2 1 1047 1 2007
2 1 1431 1 2071
2 1 1751 1 2071
2 1 1431 1 1751
2 1 1046 1 2006
2 1 919 1 1879
2 1 1045 1 2005
2 1 918 1 2198
2 1 917 1 2197
2 1 1877 1 2197
2 1 917 1 1877
2 1 1428 1 1748
2 1 1748 1 2068
2 1 1428 1 2068
2 1 916 1 1876
2 1 1876 1 2196
2 1 916 1 2196
2 1 1171 1 1491
2 1 1298 1 1618
2 1 722 1 2002
2 1 722 1 1042
2 1 1042 1 2002
2 1 915 1 2195
2 1 913 1 2193
2 1 849 1 1169
2 1 720 1 1040
2 1 976 1 1296
2 1 1872 1 2192
2 1 911 1 2191
2 1 1871 1 2191
2 1 911 1 1871
2 1 1423 1 2063
2 1 847 1 1487
2 1 974 1 1294
2 1 1294 1 1614
2 1 974 1 1614
2 1 718 1 1998
2 1 1038 1 1998
2 1 718 1 1038
2 1 1422 1 2062
2 1 716 1 1996
2 1 716 1 1036
2 1 1036 1 1996
2 1 1420 1 1740
2 1 714 1 1994
2 1 714 1 1034
2 1 1034 1 1994
2 1 907 1 2187
2 1 1867 1 2187
2 1 907 1 1867
2 1 1866 1 2186
2 1 1418 1 2058
2 1 713 1 1993
2 1 1033 1 1993
2 1 713 1 1033
2 1 1032 1 1992
2 1 905 1 1865
2 1 904 1 2184
2 1 1286 1 1606
2 1 839 1 1159
2 1 1030 1 1990
2 1 1734 1 2054
2 1 709 1 1029
2 1 1862 1 2182
2 1 708 1 1028
2 1 901 1 2181
2 1 899 1 2179
2 1 835 1 1155
2 1 835 1 1475
2 1 1155 1 1475
2 1 706 1 1026
2 1 706 1 1986
2 1 1026 1 1986
2 1 1280 1 1600
2 1 1729 1 2049
2 1 1409 1 1729
2 1 1409 1 2049
2 1 833 1 1473
2 1 833 1 1153
2 1 1153 1 1473
2 1 897 1 2177
2 1 1024 1 1984
2 1 704 1 1984
2 1 704 1 1024
2 1 1856 1 2176
3 1 541 1 801 1 2081
3 1 394 1 1187 1 1827
3 1 434 1 1163 1 1803
3 1 541 1 801 1 1441
3 1 482 1 1611 1 1931
3 1 571 1 831 1 2111
3 1 454 1 1647 1 1967
3 1 614 1 1226 1 1866
3 1 454 1 1007 1 1967
3 1 554 1 814 1 1774
3 1 554 1 814 1 2094
3 1 578 1 1254 1 1894
3 1 358 1 1007 1 1327
3 1 347 1 1060 1 1380
3 1 322 1 1291 1 1611
3 1 578 1 934 1 1254
3 1 571 1 831 1 1791
3 1 530 1 726 1 2006
3 1 358 1 1327 1 1647
3 1 493 1 1302 1 1942
3 1 587 1 1263 1 2223
3 1 392 1 1761 1 2081
3 1 412 1 1525 1 1845
3 1 578 1 1254 1 2214
3 1 581 1 873 1 1193
3 1 636 1 928 1 1248
3 1 323 1 1036 1 1356
3 1 587 1 1263 1 1903
3 1 383 1 1352 1 1992
3 1 477 1 1606 1 1926
3 1 478 1 903 1 2183
3 1 588 1 944 1 1264
3 1 614 1 1226 1 2186
3 1 581 1 1193 1 1513
3 1 357 1 1070 1 1390
3 1 392 1 1441 1 1761
3 1 468 1 1341 1 1981
3 1 433 1 1738 1 2058
3 1 447 1 856 1 1816
3 1 540 1 800 1 1760
3 1 556 1 816 1 1776
3 1 384 1 1497 1 1817
3 1 450 1 1003 1 1963
3 1 407 1 880 1 1840
3 1 330 1 723 1 1363
3 1 588 1 1264 1 2224
3 1 368 1 1017 1 1337
3 1 504 1 1633 1 1953
3 1 558 1 818 1 1778
3 1 517 1 777 1 1417
3 1 399 1 1192 1 1832
3 1 624 1 1236 1 2196
3 1 611 1 903 1 1223
3 1 415 1 1528 1 1848
3 1 574 1 770 1 1410
3 1 439 1 848 1 1808
3 1 358 1 751 1 1391
3 1 588 1 1264 1 1904
3 1 467 1 1340 1 1980
3 1 538 1 798 1 2078
3 1 504 1 993 1 1953
3 1 551 1 811 1 1451
3 1 628 1 920 1 1240
3 1 344 1 993 1 1313
3 1 612 1 904 1 1224
3 1 467 1 1660 1 1980
