605 2240
2 1 1467 1 1787
2 1 1787 1 2107
2 1 1467 1 2107
2 1 1464 1 2104
2 1 1464 1 1784
2 1 1774 1 2094
2 1 1784 1 2104
2 1 1776 1 2096
2 1 1458 1 2098
2 1 1458 1 1778
2 1 1778 1 2098
2 1 1456 1 2096
2 1 1456 1 1776
2 1 1442 1 2082
2 1 1442 1 1762
2 1 1762 1 2082
2 1 1757 1 2077
2 1 1756 1 2076
2 1 1754 1 2074
2 1 1430 1 2070
2 1 1750 1 2070
2 1 1430 1 1750
2 1 1433 1 1753
2 1 1753 1 2073
2 1 1433 1 2073
2 1 1412 1 1732
2 1 1412 1 2052
2 1 1738 1 2058
2 1 1732 1 2052
2 1 1409 1 1729
2 1 1729 1 2049
2 1 1409 1 2049
2 1 973 1 1613
2 1 1293 1 1613
2 1 973 1 1293
2 1 1420 1 1740
2 1 969 1 1289
2 1 1289 1 1609
2 1 969 1 1609
2 1 1291 1 1611
2 1 971 1 1291
2 1 971 1 1611
2 1 966 1 1286
2 1 962 1 1282
2 1 967 1 1607
2 1 1021 1 1661
2 1 1021 1 1341
2 1 1023 1 1343
2 1 1023 1 1663
2 1 1343 1 1663
2 1 1341 1 1661
2 1 1015 1 1655
2 1 1015 1 1335
2 1 1335 1 1655
2 1 1013 1 1333
2 1 1462 1 1782
2 1 1460 1 1780
2 1 1331 1 1651
2 1 1327 1 1647
2 1 1011 1 1651
2 1 1011 1 1331
2 1 1005 1 1325
2 1 997 1 1637
2 1 997 1 1317
2 1 1323 1 1643
2 1 1317 1 1637
2 1 995 1 1315
2 1 1315 1 1635
2 1 995 1 1635
2 1 993 1 1633
2 1 987 1 1627
2 1 1426 1 1746
2 1 835 1 1475
2 1 1155 1 1475
2 1 835 1 1155
2 1 1283 1 1603
2 1 833 1 1153
2 1 960 1 1600
2 1 1471 1 2111
2 1 832 1 1152
2 1 832 1 1472
2 1 1152 1 1472
2 1 1280 1 1600
2 1 960 1 1280
2 1 1214 1 1534
2 1 894 1 1214
2 1 894 1 1534
2 1 1469 1 1789
2 1 1019 1 1339
2 1 1465 1 2105
2 1 1338 1 1658
2 1 888 1 1208
2 1 1208 1 1528
2 1 888 1 1528
2 1 1783 1 2103
2 1 1206 1 1526
2 1 886 1 1526
2 1 886 1 1206
2 1 885 1 1205
2 1 1459 1 1779
2 1 882 1 1202
2 1 1457 1 2097
2 1 1777 1 2097
2 1 1457 1 1777
2 1 1200 1 1520
2 1 880 1 1520
2 1 880 1 1200
2 1 1199 1 1519
2 1 1198 1 1518
2 1 879 1 1519
2 1 879 1 1199
2 1 1006 1 1326
2 1 1449 1 1769
2 1 1194 1 1514
2 1 1321 1 1641
2 1 1190 1 1510
2 1 1186 1 1506
2 1 994 1 1314
2 1 994 1 1634
2 1 1314 1 1634
2 1 1184 1 1504
2 1 1438 1 1758
2 1 1758 1 2078
2 1 1438 1 2078
2 1 991 1 1311
2 1 861 1 1501
2 1 860 1 1500
2 1 860 1 1180
2 1 1180 1 1500
2 1 1179 1 1499
2 1 859 1 1499
2 1 859 1 1179
2 1 1178 1 1498
2 1 985 1 1305
2 1 857 1 1497
2 1 985 1 1625
2 1 1305 1 1625
2 1 1177 1 1497
2 1 984 1 1624
2 1 1304 1 1624
2 1 984 1 1304
2 1 857 1 1177
2 1 981 1 1301
2 1 1301 1 1621
2 1 981 1 1621
2 1 1427 1 2067
2 1 1747 1 2067
2 1 1427 1 1747
2 1 1170 1 1490
2 1 850 1 1490
2 1 850 1 1170
2 1 977 1 1617
2 1 1297 1 1617
2 1 977 1 1297
2 1 1164 1 1484
2 1 1419 1 2059
2 1 1739 1 2059
2 1 1419 1 1739
2 1 845 1 1165
2 1 1292 1 1612
2 1 842 1 1482
2 1 841 1 1161
2 1 1161 1 1481
2 1 841 1 1481
2 1 1158 1 1478
2 1 837 1 1157
2 1 1856 1 2176
2 1 896 1 2176
2 1 896 1 1856
2 1 959 1 1919
2 1 895 1 1215
2 1 766 1 1086
2 1 1022 1 1342
2 1 1020 1 1340
2 1 764 1 1084
2 1 957 1 1917
2 1 1917 1 2237
2 1 957 1 2237
2 1 1916 1 2236
2 1 763 1 1083
2 1 955 1 2235
2 1 762 1 2042
2 1 954 1 2234
2 1 1914 1 2234
2 1 954 1 1914
2 1 1017 1 1657
2 1 1210 1 1530
2 1 890 1 1530
2 1 890 1 1210
2 1 889 1 1209
2 1 1016 1 1656
2 1 760 1 2040
2 1 1080 1 2040
2 1 760 1 1080
2 1 951 1 2231
2 1 1014 1 1334
2 1 1014 1 1654
2 1 1334 1 1654
2 1 887 1 1207
2 1 1207 1 1527
2 1 887 1 1527
2 1 758 1 1078
2 1 1078 1 2038
2 1 758 1 2038
2 1 1077 1 2037
2 1 1461 1 1781
2 1 1461 1 2101
2 1 1781 1 2101
2 1 949 1 2229
2 1 949 1 1909
2 1 1909 1 2229
2 1 1076 1 2036
2 1 1908 1 2228
2 1 948 1 1908
2 1 948 1 2228
2 1 947 1 2227
2 1 754 1 1074
2 1 1074 1 2034
2 1 754 1 2034
2 1 753 1 2033
2 1 881 1 1201
2 1 881 1 1521
2 1 1201 1 1521
2 1 945 1 2225
2 1 945 1 1905
2 1 1905 1 2225
2 1 752 1 1072
2 1 1072 1 2032
2 1 752 1 2032
2 1 751 1 1071
2 1 1775 1 2095
2 1 1455 1 1775
2 1 1455 1 2095
2 1 943 1 2223
2 1 750 1 2030
2 1 750 1 1070
2 1 1070 1 2030
2 1 1902 1 2222
2 1 942 1 2222
2 1 942 1 1902
2 1 877 1 1197
2 1 1197 1 1517
2 1 877 1 1517
2 1 941 1 2221
2 1 1068 1 2028
2 1 1452 1 1772
2 1 747 1 2027
2 1 1451 1 2091
2 1 1771 1 2091
2 1 1451 1 1771
2 1 746 1 2026
2 1 746 1 1066
2 1 1066 1 2026
2 1 1002 1 1322
2 1 1002 1 1642
2 1 1322 1 1642
2 1 939 1 2219
2 1 1450 1 1770
2 1 1898 1 2218
2 1 744 1 2024
2 1 937 1 1897
2 1 937 1 2217
2 1 1897 1 2217
2 1 1896 1 2216
2 1 1319 1 1639
2 1 999 1 1319
2 1 999 1 1639
2 1 872 1 1192
2 1 1447 1 2087
2 1 871 1 1191
2 1 1062 1 2022
2 1 742 1 1062
2 1 742 1 2022
2 1 1316 1 1636
2 1 1060 1 2020
2 1 740 1 1060
2 1 740 1 2020
2 1 933 1 1893
2 1 1892 1 2212
2 1 739 1 1059
2 1 739 1 2019
2 1 1059 1 2019
2 1 1058 1 2018
2 1 930 1 1890
2 1 1441 1 2081
2 1 1441 1 1761
2 1 1761 1 2081
2 1 1185 1 1505
2 1 865 1 1185
2 1 865 1 1505
2 1 929 1 2209
2 1 1056 1 2016
2 1 736 1 2016
2 1 736 1 1056
2 1 1888 1 2208
2 1 927 1 1887
2 1 990 1 1310
2 1 1310 1 1630
2 1 990 1 1630
2 1 1759 1 2079
2 1 863 1 1183
2 1 734 1 2014
2 1 989 1 1629
2 1 989 1 1309
2 1 1309 1 1629
2 1 1886 1 2206
2 1 1052 1 2012
2 1 924 1 2204
2 1 924 1 1884
2 1 1884 1 2204
2 1 731 1 1051
2 1 1435 1 2075
2 1 1435 1 1755
2 1 1755 1 2075
2 1 923 1 2203
2 1 1050 1 2010
2 1 730 1 1050
2 1 730 1 2010
2 1 729 1 2009
2 1 729 1 1049
2 1 1049 1 2009
2 1 1882 1 2202
2 1 922 1 1882
2 1 922 1 2202
2 1 921 1 2201
2 1 728 1 2008
2 1 920 1 2200
2 1 1880 1 2200
2 1 920 1 1880
2 1 983 1 1303
2 1 856 1 1176
2 1 1176 1 1496
2 1 856 1 1496
2 1 1175 1 1495
2 1 855 1 1495
2 1 855 1 1175
2 1 725 1 2005
2 1 1749 1 2069
2 1 1429 1 2069
2 1 1429 1 1749
2 1 1173 1 1493
2 1 853 1 1173
2 1 853 1 1493
2 1 917 1 2197
2 1 724 1 2004
2 1 1299 1 1619
2 1 979 1 1619
2 1 979 1 1299
2 1 1172 1 1492
2 1 723 1 2003
2 1 1876 1 2196
2 1 851 1 1171
2 1 1298 1 1618
2 1 1042 1 2002
2 1 722 1 1042
2 1 722 1 2002
2 1 1874 1 2194
2 1 721 1 2001
2 1 913 1 2193
2 1 1745 1 2065
2 1 1425 1 1745
2 1 1425 1 2065
2 1 720 1 2000
2 1 976 1 1296
2 1 975 1 1615
2 1 975 1 1295
2 1 1295 1 1615
2 1 1168 1 1488
2 1 719 1 1999
2 1 1872 1 2192
2 1 1167 1 1487
2 1 847 1 1167
2 1 847 1 1487
2 1 718 1 1038
2 1 1038 1 1998
2 1 718 1 1998
2 1 717 1 1037
2 1 1741 1 2061
2 1 1421 1 1741
2 1 1421 1 2061
2 1 909 1 2189
2 1 909 1 1869
2 1 1869 1 2189
2 1 716 1 1036
2 1 716 1 1996
2 1 1036 1 1996
2 1 715 1 1995
2 1 908 1 2188
2 1 908 1 1868
2 1 1868 1 2188
2 1 907 1 2187
2 1 1867 1 2187
2 1 907 1 1867
2 1 1034 1 1994
2 1 713 1 1993
2 1 1033 1 1993
2 1 713 1 1033
2 1 1737 1 2057
2 1 1417 1 1737
2 1 1417 1 2057
2 1 905 1 2185
2 1 905 1 1865
2 1 1865 1 2185
2 1 712 1 1992
2 1 712 1 1032
2 1 1032 1 1992
2 1 711 1 1031
2 1 904 1 1864
2 1 1864 1 2184
2 1 904 1 2184
2 1 1735 1 2055
2 1 1415 1 1735
2 1 1415 1 2055
2 1 1863 1 2183
2 1 903 1 1863
2 1 903 1 2183
2 1 710 1 1030
2 1 710 1 1990
2 1 1030 1 1990
2 1 709 1 1029
2 1 1862 1 2182
2 1 902 1 1862
2 1 902 1 2182
2 1 1413 1 2053
2 1 1861 1 2181
2 1 901 1 2181
2 1 901 1 1861
2 1 900 1 1860
2 1 1411 1 1731
2 1 1411 1 2051
2 1 1731 1 2051
2 1 899 1 2179
2 1 1859 1 2179
2 1 899 1 1859
2 1 961 1 1601
2 1 1154 1 1474
2 1 1025 1 1985
2 1 898 1 2178
2 1 1858 1 2178
2 1 898 1 1858
2 1 1024 1 1984
3 1 542 1 738 1 2018
3 1 542 1 738 1 1058
3 1 602 1 1278 1 1918
3 1 508 1 997 1 1957
3 1 571 1 831 1 1471
3 1 580 1 1256 1 1896
3 1 524 1 784 1 2064
3 1 569 1 765 1 2045
3 1 580 1 1256 1 2216
3 1 409 1 1202 1 1842
3 1 554 1 814 1 1774
3 1 554 1 814 1 2094
3 1 518 1 778 1 1738
3 1 563 1 823 1 2103
3 1 345 1 1058 1 1378
3 1 589 1 1265 1 2225
3 1 508 1 1317 1 1957
3 1 345 1 1378 1 2018
3 1 611 1 839 1 1159
3 1 598 1 1274 1 2234
3 1 598 1 954 1 1274
3 1 598 1 1274 1 1914
3 1 450 1 1643 1 1963
3 1 506 1 931 1 2211
3 1 382 1 967 1 1287
3 1 622 1 1234 1 2194
3 1 482 1 1291 1 1931
3 1 548 1 808 1 1768
3 1 599 1 955 1 1275
3 1 622 1 1234 1 1874
3 1 624 1 1236 1 2196
3 1 439 1 1744 1 2064
3 1 328 1 1361 1 2001
3 1 424 1 1153 1 1793
3 1 367 1 760 1 1400
3 1 508 1 1637 1 1957
3 1 507 1 1316 1 1956
3 1 507 1 1636 1 1956
3 1 518 1 778 1 2058
3 1 481 1 1290 1 1930
3 1 567 1 827 1 1467
3 1 624 1 1236 1 1876
3 1 478 1 1607 1 1927
3 1 478 1 967 1 1927
3 1 556 1 816 1 1776
3 1 595 1 951 1 1271
3 1 450 1 1323 1 1963
3 1 595 1 1271 1 2231
3 1 558 1 818 1 1458
3 1 401 1 1514 1 1834
3 1 556 1 816 1 2096
3 1 556 1 816 1 1456
3 1 330 1 1363 1 2003
3 1 419 1 892 1 1852
3 1 536 1 796 1 1756
3 1 332 1 1365 1 2005
3 1 536 1 796 1 2076
3 1 373 1 1086 1 1406
3 1 558 1 818 1 1778
3 1 558 1 818 1 2098
3 1 330 1 723 1 1363
3 1 382 1 1287 1 1607
3 1 534 1 794 1 1754
3 1 473 1 1282 1 1922
3 1 534 1 794 1 2074
3 1 588 1 1264 1 2224
3 1 542 1 802 1 1442
3 1 422 1 1791 1 2111
3 1 573 1 769 1 1409
3 1 573 1 769 1 2049
3 1 573 1 769 1 1729
3 1 542 1 802 1 2082
3 1 599 1 891 1 1211
3 1 521 1 781 1 1741
3 1 542 1 802 1 1762
3 1 600 1 1276 1 2236
3 1 482 1 971 1 1931
3 1 561 1 821 1 1461
3 1 533 1 793 1 1753
3 1 564 1 824 1 1464
3 1 557 1 817 1 2097
3 1 564 1 824 1 2104
3 1 521 1 781 1 1421
3 1 533 1 793 1 1433
3 1 399 1 1192 1 1832
3 1 372 1 1405 1 2045
3 1 567 1 827 1 1787
3 1 564 1 824 1 1784
3 1 530 1 790 1 2070
3 1 530 1 790 1 1430
3 1 530 1 790 1 1750
3 1 533 1 793 1 2073
3 1 567 1 827 1 2107
3 1 537 1 797 1 1757
3 1 537 1 797 1 2077
3 1 614 1 1162 1 1482
3 1 399 1 872 1 1832
3 1 529 1 789 1 1749
3 1 426 1 835 1 1795
3 1 525 1 785 1 1425
3 1 331 1 1364 1 2004
3 1 395 1 868 1 1828
3 1 499 1 1308 1 1948
3 1 504 1 1633 1 1953
3 1 482 1 1611 1 1931
3 1 576 1 1252 1 1892
3 1 387 1 1180 1 1820
3 1 331 1 724 1 1364
3 1 626 1 1238 1 1878
3 1 635 1 1247 1 1887
3 1 621 1 849 1 1169
3 1 635 1 927 1 1247
3 1 571 1 831 1 2111
3 1 422 1 1471 1 1791
3 1 327 1 1360 1 2000
3 1 526 1 786 1 1746
3 1 409 1 882 1 1842
3 1 537 1 733 1 1053
3 1 406 1 1199 1 1839
3 1 615 1 843 1 1163
3 1 401 1 1194 1 1834
3 1 527 1 787 1 1427
3 1 445 1 1174 1 1814
3 1 529 1 789 1 1429
3 1 406 1 879 1 1839
3 1 394 1 1763 1 2083
3 1 328 1 721 1 1361
3 1 527 1 787 1 2067
3 1 572 1 704 1 1024
3 1 627 1 1239 1 1879
3 1 504 1 993 1 1953
3 1 620 1 1232 1 1872
3 1 444 1 853 1 1813
3 1 516 1 776 1 1736
3 1 444 1 1493 1 1813
3 1 467 1 1020 1 1980
3 1 511 1 1320 1 1960
3 1 406 1 1519 1 1839
3 1 549 1 809 1 1449
3 1 453 1 1326 1 1966
3 1 488 1 1617 1 1937
3 1 382 1 1031 1 1351
3 1 368 1 761 1 1401
3 1 344 1 1313 1 1633
3 1 348 1 741 1 1381
3 1 367 1 1400 1 2040
3 1 529 1 789 1 2069
3 1 506 1 1635 1 1955
3 1 527 1 787 1 1747
3 1 344 1 993 1 1313
3 1 392 1 865 1 1825
3 1 460 1 1333 1 1973
3 1 333 1 1046 1 1366
3 1 382 1 711 1 1351
3 1 460 1 1013 1 1973
3 1 552 1 812 1 1452
3 1 418 1 891 1 1851
3 1 420 1 1213 1 1853
3 1 629 1 921 1 1241
3 1 488 1 1297 1 1937
3 1 351 1 1384 1 2024
3 1 570 1 830 1 1790
3 1 604 1 896 1 1216
3 1 351 1 744 1 1384
