715 2240
2 1 1470 1 1790
2 1 1790 1 2110
2 1 1470 1 2110
2 1 1789 1 2109
2 1 1780 1 2100
2 1 1453 1 2093
2 1 1773 1 2093
2 1 1450 1 2090
2 1 1779 1 2099
2 1 1448 1 2088
2 1 1767 1 2087
2 1 1453 1 1773
2 1 1435 1 2075
2 1 1757 1 2077
2 1 1435 1 1755
2 1 1755 1 2075
2 1 1744 1 2064
2 1 1747 1 2067
2 1 1743 1 2063
2 1 1417 1 2057
2 1 1737 1 2057
2 1 1417 1 1737
2 1 1736 1 2056
2 1 1416 1 1736
2 1 1416 1 2056
2 1 1415 1 1735
2 1 1735 1 2055
2 1 1415 1 2055
2 1 1295 1 1615
2 1 1422 1 1742
2 1 970 1 1610
2 1 973 1 1613
2 1 968 1 1288
2 1 967 1 1607
2 1 1287 1 1607
2 1 967 1 1287
2 1 1341 1 1661
2 1 1021 1 1341
2 1 1409 1 1729
2 1 1021 1 1661
2 1 1340 1 1660
2 1 1329 1 1649
2 1 1327 1 1647
2 1 1007 1 1647
2 1 1007 1 1327
2 1 1321 1 1641
2 1 1320 1 1640
2 1 1000 1 1640
2 1 1000 1 1320
2 1 999 1 1319
2 1 1446 1 1766
2 1 993 1 1313
2 1 992 1 1312
2 1 1310 1 1630
2 1 986 1 1626
2 1 986 1 1306
2 1 1306 1 1626
2 1 984 1 1624
2 1 990 1 1630
2 1 981 1 1621
2 1 990 1 1310
2 1 1303 1 1623
2 1 1301 1 1621
2 1 981 1 1301
2 1 1429 1 1749
2 1 982 1 1302
2 1 980 1 1620
2 1 980 1 1300
2 1 1300 1 1620
2 1 1428 1 1748
2 1 1731 1 2051
2 1 1410 1 2050
2 1 1153 1 1473
2 1 833 1 1473
2 1 833 1 1153
2 1 1791 1 2111
2 1 1471 1 2111
2 1 1471 1 1791
2 1 894 1 1534
2 1 1213 1 1533
2 1 893 1 1213
2 1 893 1 1533
2 1 892 1 1532
2 1 1338 1 1658
2 1 1211 1 1531
2 1 1014 1 1654
2 1 1334 1 1654
2 1 887 1 1207
2 1 1014 1 1334
2 1 1204 1 1524
2 1 883 1 1523
2 1 1202 1 1522
2 1 882 1 1202
2 1 1203 1 1523
2 1 883 1 1203
2 1 882 1 1522
2 1 1010 1 1650
2 1 1457 1 1777
2 1 880 1 1200
2 1 1199 1 1519
2 1 879 1 1199
2 1 878 1 1198
2 1 879 1 1519
2 1 1197 1 1517
2 1 1005 1 1645
2 1 1325 1 1645
2 1 1005 1 1325
2 1 1771 1 2091
2 1 1004 1 1324
2 1 1004 1 1644
2 1 1324 1 1644
2 1 874 1 1194
2 1 874 1 1514
2 1 1194 1 1514
2 1 1193 1 1513
2 1 873 1 1193
2 1 873 1 1513
2 1 870 1 1510
2 1 1191 1 1511
2 1 871 1 1511
2 1 871 1 1191
2 1 1318 1 1638
2 1 1763 1 2083
2 1 1443 1 1763
2 1 1443 1 2083
2 1 866 1 1506
2 1 1186 1 1506
2 1 866 1 1186
2 1 865 1 1185
2 1 1183 1 1503
2 1 1181 1 1501
2 1 1756 1 2076
2 1 1436 1 2076
2 1 1436 1 1756
2 1 859 1 1499
2 1 855 1 1175
2 1 856 1 1176
2 1 1173 1 1493
2 1 851 1 1171
2 1 850 1 1490
2 1 1170 1 1490
2 1 850 1 1170
2 1 1425 1 2065
2 1 848 1 1488
2 1 847 1 1487
2 1 847 1 1167
2 1 1167 1 1487
2 1 846 1 1486
2 1 974 1 1294
2 1 1163 1 1483
2 1 971 1 1611
2 1 840 1 1160
2 1 840 1 1480
2 1 1160 1 1480
2 1 838 1 1478
2 1 1158 1 1478
2 1 838 1 1158
2 1 1733 1 2053
2 1 966 1 1606
2 1 1159 1 1479
2 1 839 1 1159
2 1 839 1 1479
2 1 1285 1 1605
2 1 1343 1 1663
2 1 832 1 1152
2 1 1408 1 1728
2 1 1856 1 2176
2 1 896 1 2176
2 1 896 1 1856
2 1 767 1 2047
2 1 1342 1 1662
2 1 1086 1 2046
2 1 766 1 1086
2 1 766 1 2046
2 1 1919 1 2239
2 1 765 1 2045
2 1 765 1 1085
2 1 1085 1 2045
2 1 957 1 2237
2 1 957 1 1917
2 1 1917 1 2237
2 1 1468 1 2108
2 1 956 1 1916
2 1 1916 1 2236
2 1 956 1 2236
2 1 763 1 2043
2 1 763 1 1083
2 1 1083 1 2043
2 1 1467 1 2107
2 1 1787 1 2107
2 1 1467 1 1787
2 1 762 1 1082
2 1 1082 1 2042
2 1 762 1 2042
2 1 955 1 1915
2 1 954 1 2234
2 1 1016 1 1656
2 1 1336 1 1656
2 1 1016 1 1336
2 1 760 1 1080
2 1 953 1 1913
2 1 1463 1 2103
2 1 951 1 1911
2 1 1333 1 1653
2 1 1013 1 1333
2 1 1013 1 1653
2 1 1462 1 1782
2 1 1462 1 2102
2 1 1782 1 2102
2 1 950 1 1910
2 1 1012 1 1652
2 1 1332 1 1652
2 1 1012 1 1332
2 1 1781 1 2101
2 1 756 1 2036
2 1 1076 1 2036
2 1 756 1 1076
2 1 1075 1 2035
2 1 1908 1 2228
2 1 1907 1 2227
2 1 947 1 2227
2 1 947 1 1907
2 1 754 1 1074
2 1 1906 1 2226
2 1 946 1 1906
2 1 946 1 2226
2 1 753 1 2033
2 1 1008 1 1328
2 1 1008 1 1648
2 1 1328 1 1648
2 1 1201 1 1521
2 1 752 1 1072
2 1 1072 1 2032
2 1 752 1 2032
2 1 945 1 1905
2 1 943 1 1903
2 1 1774 1 2094
2 1 942 1 1902
2 1 942 1 2222
2 1 1902 1 2222
2 1 1069 1 2029
2 1 749 1 2029
2 1 749 1 1069
2 1 941 1 2221
2 1 748 1 2028
2 1 940 1 2220
2 1 1003 1 1323
2 1 1323 1 1643
2 1 1003 1 1643
2 1 1452 1 2092
2 1 1196 1 1516
2 1 876 1 1196
2 1 876 1 1516
2 1 747 1 2027
2 1 1195 1 1515
2 1 1002 1 1322
2 1 746 1 1066
2 1 1065 1 2025
2 1 745 1 1065
2 1 745 1 2025
2 1 937 1 1897
2 1 1449 1 2089
2 1 744 1 2024
2 1 744 1 1064
2 1 1064 1 2024
2 1 743 1 1063
2 1 743 1 2023
2 1 1063 1 2023
2 1 936 1 1896
2 1 935 1 1895
2 1 742 1 1062
2 1 742 1 2022
2 1 1062 1 2022
2 1 934 1 2214
2 1 869 1 1189
2 1 1893 1 2213
2 1 933 1 2213
2 1 933 1 1893
2 1 1316 1 1636
2 1 1444 1 1764
2 1 1764 1 2084
2 1 1444 1 2084
2 1 1188 1 1508
2 1 868 1 1508
2 1 868 1 1188
2 1 739 1 2019
2 1 1187 1 1507
2 1 994 1 1314
2 1 738 1 1058
2 1 1057 1 2017
2 1 1441 1 2081
2 1 1441 1 1761
2 1 1761 1 2081
2 1 929 1 1889
2 1 1889 1 2209
2 1 929 1 2209
2 1 736 1 1056
2 1 736 1 2016
2 1 1056 1 2016
2 1 1760 1 2080
2 1 1440 1 2080
2 1 1440 1 1760
2 1 1055 1 2015
2 1 928 1 2208
2 1 1888 1 2208
2 1 928 1 1888
2 1 734 1 1054
2 1 734 1 2014
2 1 1054 1 2014
2 1 927 1 2207
2 1 927 1 1887
2 1 1887 1 2207
2 1 1758 1 2078
2 1 1438 1 2078
2 1 1438 1 1758
2 1 733 1 1053
2 1 1053 1 2013
2 1 733 1 2013
2 1 925 1 2205
2 1 925 1 1885
2 1 1885 1 2205
2 1 860 1 1500
2 1 924 1 1884
2 1 924 1 2204
2 1 1884 1 2204
2 1 1051 1 2011
2 1 731 1 2011
2 1 731 1 1051
2 1 1883 1 2203
2 1 730 1 2010
2 1 922 1 2202
2 1 1882 1 2202
2 1 922 1 1882
2 1 985 1 1625
2 1 858 1 1178
2 1 858 1 1498
2 1 1178 1 1498
2 1 1049 1 2009
2 1 728 1 1048
2 1 920 1 2200
2 1 1047 1 2007
2 1 919 1 1879
2 1 726 1 1046
2 1 1046 1 2006
2 1 726 1 2006
2 1 1430 1 2070
2 1 1045 1 2005
2 1 918 1 2198
2 1 917 1 1877
2 1 916 1 2196
2 1 1876 1 2196
2 1 916 1 1876
2 1 723 1 1043
2 1 1875 1 2195
2 1 915 1 2195
2 1 915 1 1875
2 1 722 1 1042
2 1 1426 1 2066
2 1 914 1 1874
2 1 914 1 2194
2 1 1874 1 2194
2 1 976 1 1296
2 1 976 1 1616
2 1 1296 1 1616
2 1 1169 1 1489
2 1 720 1 2000
2 1 1040 1 2000
2 1 720 1 1040
2 1 913 1 1873
2 1 911 1 2191
2 1 1871 1 2191
2 1 911 1 1871
2 1 718 1 1038
2 1 910 1 2190
2 1 1870 1 2190
2 1 910 1 1870
2 1 1869 1 2189
2 1 909 1 1869
2 1 909 1 2189
2 1 972 1 1612
2 1 1292 1 1612
2 1 972 1 1292
2 1 1421 1 1741
2 1 1421 1 2061
2 1 1741 1 2061
2 1 1036 1 1996
2 1 716 1 1996
2 1 716 1 1036
2 1 1740 1 2060
2 1 1420 1 1740
2 1 1420 1 2060
2 1 1035 1 1995
2 1 715 1 1995
2 1 715 1 1035
2 1 907 1 1867
2 1 907 1 2187
2 1 1867 1 2187
2 1 842 1 1162
2 1 1418 1 1738
2 1 906 1 1866
2 1 1866 1 2186
2 1 906 1 2186
2 1 1033 1 1993
2 1 712 1 1992
2 1 712 1 1032
2 1 1032 1 1992
2 1 1865 1 2185
2 1 904 1 2184
2 1 1031 1 1991
2 1 903 1 2183
2 1 902 1 2182
2 1 901 1 2181
2 1 1284 1 1604
2 1 964 1 1284
2 1 964 1 1604
2 1 837 1 1157
2 1 1860 1 2180
2 1 707 1 1987
2 1 963 1 1283
2 1 1283 1 1603
2 1 963 1 1603
2 1 1412 1 2052
2 1 836 1 1156
2 1 1156 1 1476
2 1 836 1 1476
2 1 962 1 1282
2 1 1154 1 1474
2 1 834 1 1154
2 1 834 1 1474
2 1 705 1 1025
2 1 704 1 1984
3 1 556 1 816 1 2096
3 1 407 1 1776 1 2096
3 1 392 1 865 1 1825
3 1 392 1 1185 1 1825
3 1 504 1 993 1 1953
3 1 602 1 1278 1 2238
3 1 504 1 1313 1 1953
3 1 570 1 830 1 1470
3 1 399 1 1448 1 1768
3 1 516 1 776 1 2056
3 1 584 1 1260 1 2220
3 1 582 1 1258 1 2218
3 1 516 1 776 1 1736
3 1 550 1 810 1 1450
3 1 348 1 1317 1 1637
3 1 516 1 776 1 1416
3 1 636 1 1184 1 1504
3 1 347 1 740 1 1380
3 1 550 1 810 1 2090
3 1 511 1 1320 1 1960
3 1 391 1 1504 1 1824
3 1 581 1 937 1 1257
3 1 418 1 1211 1 1851
3 1 567 1 827 1 1787
3 1 584 1 940 1 1260
3 1 470 1 1663 1 1983
3 1 494 1 1623 1 1943
3 1 553 1 813 1 1773
3 1 448 1 1897 1 2217
3 1 547 1 807 1 2087
3 1 484 1 973 1 1933
3 1 548 1 808 1 2088
3 1 505 1 1314 1 1954
3 1 401 1 1450 1 1770
3 1 547 1 807 1 1767
3 1 505 1 994 1 1954
3 1 553 1 813 1 1453
3 1 401 1 1770 1 2090
3 1 553 1 813 1 2093
3 1 559 1 819 1 1779
3 1 559 1 819 1 2099
3 1 560 1 820 1 1780
3 1 560 1 820 1 2100
3 1 399 1 1768 1 2088
3 1 539 1 799 1 1439
3 1 603 1 1279 1 1919
3 1 548 1 808 1 1448
3 1 570 1 830 1 1790
3 1 537 1 797 1 1757
3 1 537 1 797 1 2077
3 1 567 1 827 1 1467
3 1 567 1 827 1 2107
3 1 570 1 830 1 2110
3 1 569 1 829 1 2109
3 1 638 1 1250 1 2210
3 1 569 1 829 1 1789
3 1 575 1 771 1 2051
3 1 594 1 950 1 1270
3 1 576 1 1252 1 1892
3 1 581 1 1257 1 1897
3 1 397 1 870 1 1830
3 1 542 1 802 1 1762
3 1 511 1 1000 1 1960
3 1 618 1 1230 1 1870
3 1 494 1 1303 1 1943
3 1 479 1 1288 1 1928
3 1 613 1 1225 1 2185
3 1 393 1 866 1 1826
3 1 618 1 910 1 1230
3 1 455 1 1648 1 1968
3 1 455 1 1008 1 1968
3 1 435 1 1484 1 1804
3 1 637 1 1249 1 2209
3 1 433 1 842 1 1802
3 1 566 1 826 1 1466
3 1 405 1 1198 1 1838
3 1 577 1 1253 1 2213
3 1 488 1 1617 1 1937
3 1 527 1 787 1 1747
3 1 531 1 727 1 1047
3 1 612 1 904 1 1224
3 1 616 1 1164 1 1484
3 1 335 1 728 1 1368
3 1 393 1 1506 1 1826
3 1 587 1 943 1 1263
3 1 612 1 1224 1 2184
3 1 328 1 1297 1 1617
3 1 541 1 737 1 1057
3 1 336 1 1305 1 1625
3 1 575 1 771 1 1731
3 1 541 1 737 1 2017
3 1 344 1 1057 1 1377
3 1 527 1 787 1 2067
3 1 446 1 855 1 1815
3 1 446 1 1175 1 1815
3 1 509 1 1318 1 1958
3 1 508 1 1637 1 1957
3 1 628 1 1240 1 2200
3 1 595 1 951 1 1271
3 1 558 1 818 1 2098
3 1 447 1 1176 1 1816
3 1 356 1 1389 1 2029
3 1 607 1 1155 1 1475
3 1 557 1 817 1 1457
3 1 344 1 1377 1 2017
3 1 394 1 1507 1 1827
3 1 433 1 1162 1 1802
3 1 507 1 1892 1 2212
3 1 628 1 920 1 1240
3 1 517 1 777 1 2057
3 1 408 1 1521 1 1841
3 1 541 1 801 1 1441
3 1 486 1 1295 1 1935
3 1 577 1 1253 1 1893
3 1 610 1 902 1 1222
3 1 374 1 767 1 1407
3 1 627 1 919 1 1239
3 1 464 1 953 1 2233
3 1 517 1 777 1 1737
3 1 458 1 1651 1 1971
3 1 597 1 1273 1 1913
3 1 507 1 1316 1 1956
3 1 540 1 800 1 2080
3 1 334 1 1367 1 2007
3 1 611 1 903 1 1223
3 1 371 1 1084 1 1404
3 1 400 1 1769 1 2089
3 1 577 1 933 1 1253
3 1 608 1 1220 1 1860
3 1 608 1 1220 1 2180
3 1 540 1 800 1 1440
3 1 455 1 1328 1 1968
3 1 378 1 1347 1 1987
3 1 438 1 1487 1 1807
3 1 513 1 773 1 1733
3 1 335 1 984 1 1304
3 1 543 1 803 1 2083
3 1 522 1 782 1 1742
3 1 540 1 800 1 1760
3 1 456 1 1905 1 2225
3 1 613 1 1225 1 1865
3 1 321 1 1290 1 1610
3 1 571 1 831 1 2111
3 1 321 1 970 1 1290
3 1 400 1 1449 1 1769
3 1 601 1 1277 1 2237
3 1 611 1 1223 1 2183
3 1 571 1 831 1 1791
3 1 468 1 1021 1 1981
3 1 568 1 764 1 1084
3 1 444 1 1493 1 1813
3 1 370 1 1403 1 2043
3 1 423 1 1152 1 1792
3 1 535 1 795 1 1435
3 1 535 1 795 1 1755
3 1 622 1 1234 1 2194
3 1 397 1 1510 1 1830
3 1 595 1 1271 1 1911
3 1 481 1 970 1 1930
3 1 620 1 848 1 1168
3 1 418 1 1531 1 1851
3 1 464 1 1017 1 1977
3 1 543 1 803 1 1763
3 1 383 1 1352 1 1992
3 1 324 1 1293 1 1613
3 1 535 1 795 1 2075
3 1 407 1 1200 1 1840
3 1 473 1 962 1 1922
3 1 363 1 1396 1 2036
3 1 571 1 831 1 1471
3 1 334 1 1047 1 1367
3 1 348 1 741 1 1381
3 1 543 1 803 1 1443
3 1 555 1 751 1 1071
3 1 499 1 1308 1 1948
3 1 555 1 815 1 1775
3 1 374 1 1407 1 2047
3 1 456 1 1649 1 1969
3 1 609 1 901 1 1221
3 1 453 1 1326 1 1966
3 1 379 1 708 1 1348
3 1 574 1 770 1 1410
3 1 564 1 824 1 1464
3 1 609 1 1221 1 2181
3 1 512 1 772 1 2052
3 1 425 1 1730 1 2050
3 1 531 1 727 1 2007
3 1 411 1 1524 1 1844
3 1 517 1 713 1 1033
3 1 565 1 825 1 1785
3 1 502 1 1311 1 1951
3 1 510 1 999 1 1959
3 1 393 1 1186 1 1826
3 1 512 1 772 1 1412
3 1 481 1 1610 1 1930
3 1 627 1 1239 1 1879
3 1 531 1 791 1 1751
3 1 484 1 1613 1 1933
3 1 399 1 1512 1 1832
3 1 375 1 1344 1 1984
3 1 440 1 1745 1 2065
3 1 494 1 919 1 2199
3 1 454 1 1903 1 2223
3 1 479 1 968 1 1928
3 1 324 1 973 1 1293
3 1 511 1 1640 1 1960
3 1 614 1 906 1 1226
3 1 361 1 754 1 1394
3 1 620 1 1168 1 1488
3 1 617 1 845 1 1165
3 1 561 1 757 1 2037
3 1 635 1 927 1 1247
3 1 349 1 1062 1 1382
3 1 456 1 945 1 2225
3 1 546 1 806 1 1766
3 1 639 1 1251 1 2211
3 1 323 1 716 1 1356
3 1 361 1 1074 1 1394
3 1 363 1 756 1 1396
3 1 441 1 1426 1 1746
3 1 510 1 1319 1 1959
3 1 621 1 913 1 1233
3 1 517 1 777 1 1417
3 1 450 1 1323 1 1963
3 1 617 1 909 1 1229
3 1 598 1 1210 1 1530
3 1 401 1 1514 1 1834
3 1 388 1 1501 1 1821
3 1 523 1 783 1 2063
3 1 359 1 1392 1 2032
3 1 630 1 1242 1 2202
3 1 461 1 1910 1 2230
3 1 394 1 1187 1 1827
3 1 378 1 707 1 1347
3 1 533 1 793 1 1753
3 1 351 1 1064 1 1384
3 1 349 1 742 1 1382
3 1 388 1 1181 1 1821
3 1 456 1 1329 1 1969
3 1 563 1 823 1 1463
3 1 495 1 1624 1 1944
3 1 630 1 922 1 1242
3 1 630 1 1242 1 1882
3 1 444 1 1173 1 1813
3 1 338 1 1051 1 1371
3 1 414 1 1207 1 1847
3 1 597 1 953 1 1273
3 1 528 1 724 1 1044
3 1 442 1 851 1 1811
3 1 442 1 1171 1 1811
3 1 632 1 1180 1 1500
3 1 589 1 1265 1 1905
3 1 591 1 947 1 1267
3 1 362 1 1331 1 1651
3 1 619 1 1231 1 2191
3 1 589 1 945 1 1265
3 1 489 1 1298 1 1938
3 1 501 1 1310 1 1950
3 1 427 1 1156 1 1796
3 1 322 1 1355 1 1995
3 1 515 1 711 1 1031
3 1 624 1 852 1 1172
3 1 618 1 1230 1 2190
3 1 424 1 1153 1 1793
3 1 450 1 1003 1 1963
3 1 493 1 1302 1 1942
3 1 447 1 856 1 1816
3 1 530 1 790 1 2070
3 1 551 1 811 1 2091
3 1 514 1 710 1 1030
3 1 588 1 1264 1 2224
3 1 346 1 739 1 1379
3 1 352 1 1065 1 1385
3 1 335 1 1048 1 1368
3 1 637 1 1249 1 1889
3 1 381 1 1030 1 1350
3 1 384 1 1177 1 1817
3 1 325 1 718 1 1358
3 1 425 1 1410 1 1730
3 1 541 1 801 1 2081
3 1 501 1 926 1 2206
3 1 382 1 1351 1 1991
3 1 404 1 1197 1 1837
3 1 351 1 744 1 1384
