432 2240
2 1 1457 1 2097
2 1 1457 1 1777
2 1 1777 1 2097
2 1 1456 1 1776
2 1 1776 1 2096
2 1 1456 1 2096
2 1 1453 1 1773
2 1 1453 1 2093
2 1 1773 1 2093
2 1 1440 1 1760
2 1 1760 1 2080
2 1 1440 1 2080
2 1 1426 1 2066
2 1 1740 1 2060
2 1 1415 1 2055
2 1 1414 1 2054
2 1 1419 1 1739
2 1 1417 1 1737
2 1 968 1 1288
2 1 967 1 1607
2 1 1287 1 1607
2 1 967 1 1287
2 1 1343 1 1663
2 1 1023 1 1343
2 1 1023 1 1663
2 1 1408 1 1728
2 1 1340 1 1660
2 1 1020 1 1660
2 1 1411 1 1731
2 1 1020 1 1340
2 1 1467 1 1787
2 1 1465 1 1785
2 1 1016 1 1656
2 1 1016 1 1336
2 1 1341 1 1661
2 1 1336 1 1656
2 1 1458 1 1778
2 1 1452 1 1772
2 1 1445 1 1765
2 1 1309 1 1629
2 1 987 1 1307
2 1 1307 1 1627
2 1 987 1 1627
2 1 1306 1 1626
2 1 835 1 1155
2 1 1410 1 1730
2 1 1410 1 2050
2 1 1730 1 2050
2 1 1282 1 1602
2 1 1214 1 1534
2 1 1786 1 2106
2 1 1339 1 1659
2 1 1152 1 1472
2 1 1021 1 1661
2 1 1019 1 1339
2 1 1019 1 1659
2 1 1305 1 1625
2 1 889 1 1529
2 1 888 1 1208
2 1 1015 1 1655
2 1 1015 1 1335
2 1 1335 1 1655
2 1 1460 1 2100
2 1 1779 1 2099
2 1 1459 1 2099
2 1 1459 1 1779
2 1 882 1 1522
2 1 1202 1 1522
2 1 882 1 1202
2 1 881 1 1201
2 1 1200 1 1520
2 1 1008 1 1328
2 1 1021 1 1341
2 1 1774 1 2094
2 1 880 1 1200
2 1 880 1 1520
2 1 1007 1 1327
2 1 1007 1 1647
2 1 1327 1 1647
2 1 1197 1 1517
2 1 877 1 1197
2 1 877 1 1517
2 1 876 1 1196
2 1 876 1 1516
2 1 1196 1 1516
2 1 1004 1 1324
2 1 1324 1 1644
2 1 1004 1 1644
2 1 1451 1 1771
2 1 1321 1 1641
2 1 1001 1 1641
2 1 1447 1 1767
2 1 1001 1 1321
2 1 1447 1 2087
2 1 1767 1 2087
2 1 1444 1 2084
2 1 1764 1 2084
2 1 1443 1 1763
2 1 996 1 1316
2 1 1444 1 1764
2 1 996 1 1636
2 1 1316 1 1636
2 1 866 1 1186
2 1 1184 1 1504
2 1 1183 1 1503
2 1 863 1 1183
2 1 863 1 1503
2 1 862 1 1182
2 1 1437 1 2077
2 1 990 1 1310
2 1 1757 1 2077
2 1 1437 1 1757
2 1 1180 1 1500
2 1 860 1 1180
2 1 860 1 1500
2 1 1178 1 1498
2 1 983 1 1303
2 1 1430 1 1750
2 1 1170 1 1490
2 1 1424 1 2064
2 1 847 1 1167
2 1 1167 1 1487
2 1 847 1 1487
2 1 977 1 1297
2 1 1742 1 2062
2 1 1741 1 2061
2 1 974 1 1294
2 1 1294 1 1614
2 1 974 1 1614
2 1 844 1 1164
2 1 1164 1 1484
2 1 844 1 1484
2 1 1163 1 1483
2 1 1418 1 2058
2 1 843 1 1483
2 1 843 1 1163
2 1 841 1 1481
2 1 1161 1 1481
2 1 840 1 1160
2 1 841 1 1161
2 1 839 1 1159
2 1 838 1 1478
2 1 965 1 1285
2 1 1412 1 1732
2 1 1014 1 1654
2 1 959 1 2239
2 1 959 1 1919
2 1 1919 1 2239
2 1 895 1 1215
2 1 1022 1 1342
2 1 766 1 1086
2 1 765 1 1085
2 1 1085 1 2045
2 1 765 1 2045
2 1 1918 1 2238
2 1 1471 1 1791
2 1 1471 1 2111
2 1 1791 1 2111
2 1 1469 1 1789
2 1 764 1 1084
2 1 1084 1 2044
2 1 764 1 2044
2 1 1917 1 2237
2 1 957 1 1917
2 1 957 1 2237
2 1 1468 1 1788
2 1 763 1 1083
2 1 763 1 2043
2 1 1083 1 2043
2 1 1916 1 2236
2 1 956 1 2236
2 1 956 1 1916
2 1 762 1 2042
2 1 955 1 2235
2 1 954 1 2234
2 1 1914 1 2234
2 1 954 1 1914
2 1 1017 1 1657
2 1 1017 1 1337
2 1 1337 1 1657
2 1 890 1 1210
2 1 761 1 1081
2 1 1913 1 2233
2 1 760 1 1080
2 1 760 1 2040
2 1 1080 1 2040
2 1 1912 1 2232
2 1 952 1 2232
2 1 952 1 1912
2 1 759 1 1079
2 1 759 1 2039
2 1 1079 1 2039
2 1 1911 1 2231
2 1 951 1 2231
2 1 951 1 1911
2 1 950 1 1910
2 1 886 1 1526
2 1 1077 1 2037
2 1 757 1 2037
2 1 757 1 1077
2 1 1333 1 1653
2 1 1013 1 1333
2 1 1013 1 1653
2 1 1781 1 2101
2 1 1909 1 2229
2 1 948 1 2228
2 1 1908 1 2228
2 1 948 1 1908
2 1 883 1 1523
2 1 1203 1 1523
2 1 883 1 1203
2 1 753 1 1073
2 1 753 1 2033
2 1 1073 1 2033
2 1 945 1 1905
2 1 945 1 2225
2 1 1905 1 2225
2 1 1904 1 2224
2 1 944 1 1904
2 1 944 1 2224
2 1 943 1 2223
2 1 1903 1 2223
2 1 943 1 1903
2 1 1006 1 1326
2 1 1455 1 2095
2 1 879 1 1519
2 1 1199 1 1519
2 1 879 1 1199
2 1 1005 1 1325
2 1 748 1 1068
2 1 940 1 2220
2 1 940 1 1900
2 1 1900 1 2220
2 1 939 1 2219
2 1 939 1 1899
2 1 1899 1 2219
2 1 746 1 1066
2 1 746 1 2026
2 1 1066 1 2026
2 1 1002 1 1322
2 1 745 1 2025
2 1 937 1 1897
2 1 873 1 1193
2 1 744 1 2024
2 1 1000 1 1640
2 1 872 1 1192
2 1 1318 1 1638
2 1 871 1 1191
2 1 742 1 2022
2 1 1190 1 1510
2 1 870 1 1510
2 1 870 1 1190
2 1 1446 1 1766
2 1 1061 1 2021
2 1 741 1 2021
2 1 741 1 1061
2 1 997 1 1637
2 1 1317 1 1637
2 1 997 1 1317
2 1 1893 1 2213
2 1 1315 1 1635
2 1 868 1 1188
2 1 932 1 2212
2 1 1891 1 2211
2 1 1187 1 1507
2 1 867 1 1507
2 1 867 1 1187
2 1 738 1 1058
2 1 738 1 2018
2 1 1058 1 2018
2 1 994 1 1314
2 1 1890 1 2210
2 1 737 1 2017
2 1 1312 1 1632
2 1 1761 1 2081
2 1 1441 1 1761
2 1 1441 1 2081
2 1 865 1 1185
2 1 1056 1 2016
2 1 736 1 2016
2 1 736 1 1056
2 1 735 1 2015
2 1 735 1 1055
2 1 1055 1 2015
2 1 927 1 2207
2 1 734 1 2014
2 1 1054 1 2014
2 1 734 1 1054
2 1 1758 1 2078
2 1 1438 1 1758
2 1 1438 1 2078
2 1 926 1 1886
2 1 926 1 2206
2 1 1886 1 2206
2 1 1181 1 1501
2 1 988 1 1308
2 1 732 1 2012
2 1 1052 1 2012
2 1 732 1 1052
2 1 925 1 2205
2 1 1885 1 2205
2 1 925 1 1885
2 1 1884 1 2204
2 1 1756 1 2076
2 1 1436 1 1756
2 1 1436 1 2076
2 1 731 1 1051
2 1 1051 1 2011
2 1 731 1 2011
2 1 1755 1 2075
2 1 1435 1 2075
2 1 1435 1 1755
2 1 730 1 2010
2 1 730 1 1050
2 1 1050 1 2010
2 1 923 1 2203
2 1 729 1 1049
2 1 1882 1 2202
2 1 922 1 1882
2 1 922 1 2202
2 1 728 1 2008
2 1 1048 1 2008
2 1 728 1 1048
2 1 921 1 2201
2 1 1881 1 2201
2 1 921 1 1881
2 1 1752 1 2072
2 1 1432 1 2072
2 1 1432 1 1752
2 1 920 1 1880
2 1 1175 1 1495
2 1 982 1 1302
2 1 982 1 1622
2 1 1302 1 1622
2 1 919 1 1879
2 1 1879 1 2199
2 1 919 1 2199
2 1 1878 1 2198
2 1 854 1 1174
2 1 981 1 1621
2 1 853 1 1173
2 1 1877 1 2197
2 1 1300 1 1620
2 1 979 1 1299
2 1 1172 1 1492
2 1 723 1 2003
2 1 978 1 1298
2 1 1298 1 1618
2 1 978 1 1618
2 1 722 1 1042
2 1 722 1 2002
2 1 1042 1 2002
2 1 1875 1 2195
2 1 849 1 1489
2 1 849 1 1169
2 1 1169 1 1489
2 1 720 1 2000
2 1 848 1 1488
2 1 848 1 1168
2 1 1168 1 1488
2 1 975 1 1615
2 1 1295 1 1615
2 1 975 1 1295
2 1 719 1 1039
2 1 719 1 1999
2 1 1039 1 1999
2 1 1423 1 1743
2 1 718 1 1998
2 1 973 1 1613
2 1 973 1 1293
2 1 1293 1 1613
2 1 1870 1 2190
2 1 910 1 1870
2 1 910 1 2190
2 1 972 1 1292
2 1 845 1 1485
2 1 1036 1 1996
2 1 1868 1 2188
2 1 1035 1 1995
2 1 715 1 1995
2 1 715 1 1035
2 1 907 1 2187
2 1 714 1 1994
2 1 906 1 2186
2 1 1289 1 1609
2 1 969 1 1609
2 1 969 1 1289
2 1 842 1 1162
2 1 1033 1 1993
2 1 713 1 1993
2 1 713 1 1033
2 1 712 1 1992
2 1 1032 1 1992
2 1 712 1 1032
2 1 904 1 2184
2 1 1863 1 2183
2 1 903 1 1863
2 1 903 1 2183
2 1 1030 1 1990
2 1 902 1 1862
2 1 709 1 1989
2 1 1413 1 2053
2 1 1413 1 1733
2 1 1733 1 2053
2 1 1157 1 1477
2 1 837 1 1477
2 1 837 1 1157
2 1 901 1 1861
2 1 708 1 1988
2 1 707 1 1987
2 1 707 1 1027
2 1 1027 1 1987
2 1 1156 1 1476
2 1 1860 1 2180
2 1 1859 1 2179
2 1 706 1 1986
2 1 834 1 1154
2 1 1858 1 2178
2 1 898 1 1858
2 1 898 1 2178
2 1 705 1 1985
2 1 1409 1 1729
2 1 1409 1 2049
2 1 1729 1 2049
2 1 1153 1 1473
2 1 833 1 1153
2 1 833 1 1473
2 1 704 1 1024
2 1 704 1 1984
2 1 1024 1 1984
2 1 960 1 1280
2 1 1856 1 2176
