444 2240
2 1 1471 1 1791
2 1 1791 1 2111
2 1 1471 1 2111
2 1 1782 1 2102
2 1 1776 1 2096
2 1 1767 1 2087
2 1 1450 1 1770
2 1 1450 1 2090
2 1 1775 1 2095
2 1 1760 1 2080
2 1 1455 1 2095
2 1 1440 1 2080
2 1 1770 1 2090
2 1 1440 1 1760
2 1 1435 1 1755
2 1 1455 1 1775
2 1 1755 1 2075
2 1 1435 1 2075
2 1 1434 1 2074
2 1 1430 1 2070
2 1 1750 1 2070
2 1 1430 1 1750
2 1 1749 1 2069
2 1 1427 1 1747
2 1 1427 1 2067
2 1 1747 1 2067
2 1 1746 1 2066
2 1 1425 1 1745
2 1 1745 1 2065
2 1 1425 1 2065
2 1 1419 1 2059
2 1 1739 1 2059
2 1 1419 1 1739
2 1 1417 1 2057
2 1 1734 1 2054
2 1 1733 1 2053
2 1 1413 1 1733
2 1 1413 1 2053
2 1 1409 1 2049
2 1 1409 1 1729
2 1 1729 1 2049
2 1 1424 1 1744
2 1 970 1 1290
2 1 1284 1 1604
2 1 960 1 1600
2 1 964 1 1604
2 1 960 1 1280
2 1 964 1 1284
2 1 1280 1 1600
2 1 1335 1 1655
2 1 1013 1 1333
2 1 1008 1 1648
2 1 1007 1 1327
2 1 1010 1 1650
2 1 1330 1 1650
2 1 1327 1 1647
2 1 1007 1 1647
2 1 1010 1 1330
2 1 1325 1 1645
2 1 1005 1 1645
2 1 1005 1 1325
2 1 994 1 1634
2 1 1314 1 1634
2 1 994 1 1314
2 1 1312 1 1632
2 1 992 1 1312
2 1 1441 1 1761
2 1 992 1 1632
2 1 1308 1 1628
2 1 988 1 1308
2 1 988 1 1628
2 1 986 1 1626
2 1 981 1 1621
2 1 1301 1 1621
2 1 981 1 1301
2 1 1297 1 1617
2 1 1299 1 1619
2 1 979 1 1619
2 1 977 1 1617
2 1 977 1 1297
2 1 1155 1 1475
2 1 976 1 1616
2 1 835 1 1155
2 1 1296 1 1616
2 1 976 1 1296
2 1 979 1 1299
2 1 835 1 1475
2 1 1154 1 1474
2 1 832 1 1472
2 1 894 1 1534
2 1 1213 1 1533
2 1 1340 1 1660
2 1 889 1 1209
2 1 1016 1 1336
2 1 1336 1 1656
2 1 1016 1 1656
2 1 1781 1 2101
2 1 1204 1 1524
2 1 1331 1 1651
2 1 884 1 1524
2 1 884 1 1204
2 1 880 1 1200
2 1 1201 1 1521
2 1 879 1 1199
2 1 879 1 1519
2 1 1199 1 1519
2 1 878 1 1518
2 1 1198 1 1518
2 1 878 1 1198
2 1 1326 1 1646
2 1 1194 1 1514
2 1 874 1 1514
2 1 874 1 1194
2 1 873 1 1513
2 1 873 1 1193
2 1 1193 1 1513
2 1 1768 1 2088
2 1 1448 1 1768
2 1 1448 1 2088
2 1 998 1 1318
2 1 871 1 1511
2 1 1318 1 1638
2 1 871 1 1191
2 1 998 1 1638
2 1 1191 1 1511
2 1 1187 1 1507
2 1 863 1 1183
2 1 864 1 1184
2 1 1758 1 2078
2 1 991 1 1631
2 1 1183 1 1503
2 1 858 1 1178
2 1 1178 1 1498
2 1 863 1 1503
2 1 858 1 1498
2 1 857 1 1497
2 1 857 1 1177
2 1 1177 1 1497
2 1 861 1 1501
2 1 1752 1 2072
2 1 1431 1 1751
2 1 1751 1 2071
2 1 1431 1 2071
2 1 854 1 1494
2 1 854 1 1174
2 1 984 1 1304
2 1 1174 1 1494
2 1 853 1 1493
2 1 1023 1 1343
2 1 852 1 1172
2 1 852 1 1492
2 1 1172 1 1492
2 1 1171 1 1491
2 1 850 1 1490
2 1 850 1 1170
2 1 1170 1 1490
2 1 849 1 1489
2 1 1422 1 2062
2 1 1168 1 1488
2 1 848 1 1168
2 1 1742 1 2062
2 1 1422 1 1742
2 1 975 1 1295
2 1 848 1 1488
2 1 974 1 1614
2 1 1420 1 1740
2 1 843 1 1163
2 1 1418 1 1738
2 1 841 1 1161
2 1 838 1 1158
2 1 837 1 1477
2 1 837 1 1157
2 1 1157 1 1477
2 1 1412 1 1732
2 1 1412 1 2052
2 1 1732 1 2052
2 1 896 1 2176
2 1 1408 1 1728
2 1 767 1 2047
2 1 767 1 1087
2 1 1087 1 2047
2 1 766 1 1086
2 1 959 1 2239
2 1 1919 1 2239
2 1 959 1 1919
2 1 1470 1 2110
2 1 958 1 2238
2 1 765 1 1085
2 1 764 1 1084
2 1 957 1 1917
2 1 1788 1 2108
2 1 956 1 1916
2 1 1018 1 1658
2 1 1018 1 1338
2 1 1338 1 1658
2 1 1211 1 1531
2 1 955 1 1915
2 1 1915 1 2235
2 1 955 1 2235
2 1 890 1 1210
2 1 1081 1 2041
2 1 760 1 2040
2 1 760 1 1080
2 1 1080 1 2040
2 1 1464 1 2104
2 1 1207 1 1527
2 1 1014 1 1654
2 1 1014 1 1334
2 1 1334 1 1654
2 1 758 1 2038
2 1 1078 1 2038
2 1 758 1 1078
2 1 951 1 1911
2 1 757 1 2037
2 1 1910 1 2230
2 1 949 1 2229
2 1 1012 1 1332
2 1 885 1 1525
2 1 885 1 1205
2 1 1205 1 1525
2 1 756 1 1076
2 1 1460 1 1780
2 1 1780 1 2100
2 1 1460 1 2100
2 1 1908 1 2228
2 1 1075 1 2035
2 1 755 1 1075
2 1 755 1 2035
2 1 754 1 2034
2 1 1907 1 2227
2 1 947 1 1907
2 1 947 1 2227
2 1 1329 1 1649
2 1 1778 1 2098
2 1 882 1 1202
2 1 753 1 1073
2 1 752 1 2032
2 1 752 1 1072
2 1 1072 1 2032
2 1 751 1 1071
2 1 751 1 2031
2 1 1071 1 2031
2 1 943 1 2223
2 1 750 1 2030
2 1 1070 1 2030
2 1 750 1 1070
2 1 1902 1 2222
2 1 942 1 2222
2 1 942 1 1902
2 1 1774 1 2094
2 1 1454 1 1774
2 1 1454 1 2094
2 1 749 1 2029
2 1 1004 1 1644
2 1 1004 1 1324
2 1 1324 1 1644
2 1 1901 1 2221
2 1 941 1 2221
2 1 941 1 1901
2 1 1452 1 1772
2 1 747 1 2027
2 1 746 1 2026
2 1 746 1 1066
2 1 1066 1 2026
2 1 939 1 2219
2 1 745 1 2025
2 1 1065 1 2025
2 1 745 1 1065
2 1 1449 1 2089
2 1 1449 1 1769
2 1 1769 1 2089
2 1 937 1 2217
2 1 937 1 1897
2 1 1897 1 2217
2 1 744 1 2024
2 1 1192 1 1512
2 1 743 1 1063
2 1 999 1 1319
2 1 936 1 2216
2 1 1895 1 2215
2 1 934 1 1894
2 1 1894 1 2214
2 1 934 1 2214
2 1 1446 1 2086
2 1 1446 1 1766
2 1 1766 1 2086
2 1 870 1 1510
2 1 997 1 1317
2 1 1765 1 2085
2 1 1189 1 1509
2 1 1444 1 1764
2 1 1764 1 2084
2 1 1444 1 2084
2 1 1188 1 1508
2 1 995 1 1635
2 1 739 1 2019
2 1 739 1 1059
2 1 1059 1 2019
2 1 1892 1 2212
2 1 1443 1 1763
2 1 738 1 2018
2 1 1891 1 2211
2 1 737 1 2017
2 1 1057 1 2017
2 1 737 1 1057
2 1 930 1 2210
2 1 930 1 1890
2 1 1890 1 2210
2 1 1889 1 2209
2 1 736 1 1056
2 1 736 1 2016
2 1 1056 1 2016
2 1 928 1 2208
2 1 1055 1 2015
2 1 1887 1 2207
2 1 927 1 1887
2 1 927 1 2207
2 1 734 1 2014
2 1 1309 1 1629
2 1 989 1 1629
2 1 989 1 1309
2 1 733 1 2013
2 1 1053 1 2013
2 1 733 1 1053
2 1 1886 1 2206
2 1 926 1 2206
2 1 926 1 1886
2 1 1885 1 2205
2 1 732 1 2012
2 1 924 1 1884
2 1 987 1 1627
2 1 922 1 1882
2 1 1882 1 2202
2 1 922 1 2202
2 1 729 1 2009
2 1 729 1 1049
2 1 1049 1 2009
2 1 1433 1 1753
2 1 983 1 1303
2 1 1880 1 2200
2 1 920 1 2200
2 1 920 1 1880
2 1 1879 1 2199
2 1 982 1 1622
2 1 982 1 1302
2 1 1302 1 1622
2 1 855 1 1495
2 1 1878 1 2198
2 1 917 1 2197
2 1 917 1 1877
2 1 1877 1 2197
2 1 724 1 1044
2 1 916 1 1876
2 1 1876 1 2196
2 1 916 1 2196
2 1 1748 1 2068
2 1 1428 1 2068
2 1 1428 1 1748
2 1 1043 1 2003
2 1 723 1 2003
2 1 723 1 1043
2 1 722 1 1042
2 1 1042 1 2002
2 1 722 1 2002
2 1 1875 1 2195
2 1 915 1 2195
2 1 915 1 1875
2 1 1874 1 2194
2 1 914 1 2194
2 1 914 1 1874
2 1 721 1 1041
2 1 913 1 2193
2 1 1873 1 2193
2 1 913 1 1873
2 1 912 1 2192
2 1 912 1 1872
2 1 1872 1 2192
2 1 719 1 1039
2 1 911 1 2191
2 1 717 1 1997
2 1 973 1 1293
2 1 973 1 1613
2 1 1293 1 1613
2 1 1869 1 2189
2 1 972 1 1612
2 1 1741 1 2061
2 1 845 1 1485
2 1 845 1 1165
2 1 1165 1 1485
2 1 1164 1 1484
2 1 715 1 1995
2 1 715 1 1035
2 1 1035 1 1995
2 1 971 1 1291
2 1 971 1 1611
2 1 1291 1 1611
2 1 1867 1 2187
2 1 906 1 2186
2 1 842 1 1162
2 1 1162 1 1482
2 1 842 1 1482
2 1 969 1 1289
2 1 969 1 1609
2 1 1289 1 1609
2 1 1033 1 1993
2 1 713 1 1993
2 1 713 1 1033
2 1 1287 1 1607
2 1 840 1 1160
2 1 1160 1 1480
2 1 840 1 1480
2 1 711 1 1991
2 1 1286 1 1606
2 1 966 1 1606
2 1 966 1 1286
2 1 839 1 1479
2 1 1159 1 1479
2 1 839 1 1159
2 1 710 1 1030
2 1 709 1 1989
2 1 709 1 1029
2 1 1029 1 1989
2 1 901 1 2181
2 1 900 1 2180
2 1 707 1 1987
2 1 1027 1 1987
2 1 707 1 1027
2 1 836 1 1476
2 1 1156 1 1476
2 1 836 1 1156
2 1 1411 1 2051
2 1 1411 1 1731
2 1 1731 1 2051
2 1 706 1 1026
2 1 706 1 1986
2 1 1026 1 1986
2 1 705 1 1025
2 1 898 1 1858
2 1 898 1 2178
2 1 1858 1 2178
2 1 897 1 1857
2 1 704 1 1024
2 1 704 1 1984
2 1 1024 1 1984
