646 2240
2 1 1778 1 2098
2 1 1772 1 2092
2 1 1451 1 1771
2 1 1451 1 2091
2 1 1771 1 2091
2 1 1766 1 2086
2 1 1763 1 2083
2 1 1762 1 2082
2 1 1441 1 2081
2 1 1436 1 2076
2 1 1436 1 1756
2 1 1756 1 2076
2 1 1435 1 1755
2 1 1435 1 2075
2 1 1755 1 2075
2 1 1754 1 2074
2 1 1434 1 1754
2 1 1434 1 2074
2 1 1428 1 2068
2 1 1748 1 2068
2 1 1428 1 1748
2 1 1424 1 2064
2 1 1744 1 2064
2 1 1424 1 1744
2 1 1740 1 2060
2 1 1420 1 2060
2 1 1420 1 1740
2 1 1738 1 2058
2 1 1735 1 2055
2 1 1415 1 2055
2 1 1418 1 1738
2 1 1418 1 2058
2 1 1295 1 1615
2 1 975 1 1615
2 1 975 1 1295
2 1 1293 1 1613
2 1 973 1 1293
2 1 973 1 1613
2 1 972 1 1292
2 1 1292 1 1612
2 1 972 1 1612
2 1 1291 1 1611
2 1 1280 1 1600
2 1 1415 1 1735
2 1 1338 1 1658
2 1 1337 1 1657
2 1 1336 1 1656
2 1 1015 1 1655
2 1 1335 1 1655
2 1 1015 1 1335
2 1 1334 1 1654
2 1 1333 1 1653
2 1 1331 1 1651
2 1 1003 1 1323
2 1 1323 1 1643
2 1 1003 1 1643
2 1 1332 1 1652
2 1 1005 1 1325
2 1 1325 1 1645
2 1 1005 1 1645
2 1 994 1 1634
2 1 1438 1 1758
2 1 989 1 1309
2 1 1437 1 1757
2 1 1308 1 1628
2 1 988 1 1628
2 1 988 1 1308
2 1 1304 1 1624
2 1 984 1 1624
2 1 984 1 1304
2 1 1432 1 1752
2 1 1431 1 1751
2 1 982 1 1622
2 1 981 1 1621
2 1 1301 1 1621
2 1 981 1 1301
2 1 980 1 1620
2 1 979 1 1619
2 1 1299 1 1619
2 1 979 1 1299
2 1 1009 1 1329
2 1 1009 1 1649
2 1 1329 1 1649
2 1 1427 1 1747
2 1 980 1 1300
2 1 1300 1 1620
2 1 1298 1 1618
2 1 977 1 1617
2 1 977 1 1297
2 1 1297 1 1617
2 1 1425 1 1745
2 1 1411 1 2051
2 1 963 1 1603
2 1 833 1 1153
2 1 1215 1 1535
2 1 1342 1 1662
2 1 1210 1 1530
2 1 889 1 1209
2 1 963 1 1283
2 1 1207 1 1527
2 1 1283 1 1603
2 1 1206 1 1526
2 1 1205 1 1525
2 1 1330 1 1650
2 1 1200 1 1520
2 1 1198 1 1518
2 1 1196 1 1516
2 1 1326 1 1646
2 1 1194 1 1514
2 1 874 1 1194
2 1 874 1 1514
2 1 875 1 1515
2 1 875 1 1195
2 1 1195 1 1515
2 1 1768 1 2088
2 1 1002 1 1642
2 1 1001 1 1321
2 1 1001 1 1641
2 1 1321 1 1641
2 1 1767 1 2087
2 1 870 1 1510
2 1 1445 1 2085
2 1 1444 1 1764
2 1 866 1 1506
2 1 865 1 1505
2 1 1185 1 1505
2 1 865 1 1185
2 1 1760 1 2080
2 1 1440 1 1760
2 1 1440 1 2080
2 1 1313 1 1633
2 1 993 1 1633
2 1 993 1 1313
2 1 1439 1 1759
2 1 1439 1 2079
2 1 1759 1 2079
2 1 862 1 1502
2 1 861 1 1181
2 1 859 1 1179
2 1 859 1 1499
2 1 1179 1 1499
2 1 858 1 1498
2 1 857 1 1497
2 1 855 1 1175
2 1 1176 1 1496
2 1 854 1 1174
2 1 1173 1 1493
2 1 851 1 1171
2 1 851 1 1491
2 1 1171 1 1491
2 1 850 1 1170
2 1 976 1 1616
2 1 848 1 1168
2 1 976 1 1296
2 1 1296 1 1616
2 1 846 1 1166
2 1 846 1 1486
2 1 1166 1 1486
2 1 845 1 1165
2 1 1165 1 1485
2 1 845 1 1485
2 1 1164 1 1484
2 1 843 1 1163
2 1 843 1 1483
2 1 1163 1 1483
2 1 1736 1 2056
2 1 1416 1 2056
2 1 1416 1 1736
2 1 842 1 1482
2 1 842 1 1162
2 1 1162 1 1482
2 1 1289 1 1609
2 1 839 1 1479
2 1 1159 1 1479
2 1 839 1 1159
2 1 1156 1 1476
2 1 1408 1 2048
2 1 838 1 1478
2 1 1158 1 1478
2 1 838 1 1158
2 1 1728 1 2048
2 1 1408 1 1728
2 1 1152 1 1472
2 1 1343 1 1663
2 1 1023 1 1343
2 1 1023 1 1663
2 1 767 1 1087
2 1 767 1 2047
2 1 1087 1 2047
2 1 1214 1 1534
2 1 765 1 2045
2 1 958 1 1918
2 1 893 1 1213
2 1 764 1 2044
2 1 1339 1 1659
2 1 1468 1 1788
2 1 763 1 2043
2 1 1083 1 2043
2 1 763 1 1083
2 1 1787 1 2107
2 1 1467 1 1787
2 1 1467 1 2107
2 1 762 1 1082
2 1 762 1 2042
2 1 1082 1 2042
2 1 761 1 2041
2 1 1081 1 2041
2 1 761 1 1081
2 1 954 1 2234
2 1 1080 1 2040
2 1 760 1 1080
2 1 760 1 2040
2 1 759 1 2039
2 1 1079 1 2039
2 1 759 1 1079
2 1 952 1 1912
2 1 1912 1 2232
2 1 952 1 2232
2 1 1783 1 2103
2 1 1463 1 1783
2 1 1463 1 2103
2 1 758 1 2038
2 1 758 1 1078
2 1 1078 1 2038
2 1 951 1 1911
2 1 757 1 2037
2 1 757 1 1077
2 1 1077 1 2037
2 1 950 1 2230
2 1 756 1 1076
2 1 1076 1 2036
2 1 756 1 2036
2 1 755 1 2035
2 1 755 1 1075
2 1 1075 1 2035
2 1 948 1 1908
2 1 1779 1 2099
2 1 1459 1 1779
2 1 1459 1 2099
2 1 1074 1 2034
2 1 754 1 2034
2 1 754 1 1074
2 1 947 1 2227
2 1 947 1 1907
2 1 1907 1 2227
2 1 946 1 1906
2 1 946 1 2226
2 1 1906 1 2226
2 1 945 1 1905
2 1 1905 1 2225
2 1 945 1 2225
2 1 1777 1 2097
2 1 881 1 1201
2 1 1201 1 1521
2 1 881 1 1521
2 1 1008 1 1648
2 1 752 1 1072
2 1 752 1 2032
2 1 1072 1 2032
2 1 1776 1 2096
2 1 751 1 2031
2 1 1071 1 2031
2 1 751 1 1071
2 1 1904 1 2224
2 1 1775 1 2095
2 1 750 1 1070
2 1 943 1 2223
2 1 943 1 1903
2 1 1903 1 2223
2 1 1774 1 2094
2 1 942 1 2222
2 1 1902 1 2222
2 1 942 1 1902
2 1 1773 1 2093
2 1 1068 1 2028
2 1 1901 1 2221
2 1 941 1 1901
2 1 941 1 2221
2 1 1067 1 2027
2 1 1900 1 2220
2 1 939 1 2219
2 1 1899 1 2219
2 1 939 1 1899
2 1 746 1 1066
2 1 938 1 2218
2 1 938 1 1898
2 1 1898 1 2218
2 1 1770 1 2090
2 1 745 1 2025
2 1 1769 1 2089
2 1 1320 1 1640
2 1 1000 1 1640
2 1 1000 1 1320
2 1 937 1 1897
2 1 937 1 2217
2 1 1897 1 2217
2 1 1319 1 1639
2 1 999 1 1319
2 1 999 1 1639
2 1 743 1 2023
2 1 1896 1 2216
2 1 1895 1 2215
2 1 871 1 1511
2 1 1062 1 2022
2 1 1894 1 2214
2 1 933 1 2213
2 1 996 1 1636
2 1 869 1 1509
2 1 740 1 2020
2 1 995 1 1635
2 1 868 1 1508
2 1 868 1 1188
2 1 1188 1 1508
2 1 739 1 2019
2 1 1059 1 2019
2 1 739 1 1059
2 1 1891 1 2211
2 1 1058 1 2018
2 1 930 1 2210
2 1 929 1 2209
2 1 928 1 1888
2 1 1184 1 1504
2 1 864 1 1184
2 1 864 1 1504
2 1 1310 1 1630
2 1 863 1 1503
2 1 863 1 1183
2 1 1183 1 1503
2 1 1887 1 2207
2 1 733 1 1053
2 1 925 1 1885
2 1 925 1 2205
2 1 1885 1 2205
2 1 924 1 1884
2 1 1884 1 2204
2 1 924 1 2204
2 1 1051 1 2011
2 1 923 1 1883
2 1 923 1 2203
2 1 1883 1 2203
2 1 1050 1 2010
2 1 730 1 2010
2 1 730 1 1050
2 1 922 1 1882
2 1 922 1 2202
2 1 1882 1 2202
2 1 729 1 1049
2 1 921 1 2201
2 1 1753 1 2073
2 1 1433 1 2073
2 1 1433 1 1753
2 1 728 1 1048
2 1 920 1 2200
2 1 920 1 1880
2 1 1880 1 2200
2 1 1879 1 2199
2 1 919 1 2199
2 1 919 1 1879
2 1 1046 1 2006
2 1 726 1 2006
2 1 726 1 1046
2 1 1750 1 2070
2 1 1430 1 1750
2 1 1430 1 2070
2 1 918 1 1878
2 1 918 1 2198
2 1 1878 1 2198
2 1 1429 1 1749
2 1 724 1 1044
2 1 917 1 2197
2 1 916 1 1876
2 1 916 1 2196
2 1 1876 1 2196
2 1 915 1 1875
2 1 1875 1 2195
2 1 915 1 2195
2 1 1042 1 2002
2 1 914 1 2194
2 1 721 1 1041
2 1 720 1 1040
2 1 913 1 2193
2 1 912 1 2192
2 1 847 1 1487
2 1 847 1 1167
2 1 1167 1 1487
2 1 911 1 1871
2 1 1871 1 2191
2 1 911 1 2191
2 1 718 1 1038
2 1 717 1 1037
2 1 1421 1 2061
2 1 1741 1 2061
2 1 1421 1 1741
2 1 716 1 1036
2 1 715 1 1035
2 1 908 1 2188
2 1 907 1 2187
2 1 714 1 1994
2 1 1034 1 1994
2 1 714 1 1034
2 1 906 1 1866
2 1 905 1 2185
2 1 968 1 1288
2 1 968 1 1608
2 1 1288 1 1608
2 1 1417 1 2057
2 1 841 1 1481
2 1 1287 1 1607
2 1 967 1 1607
2 1 967 1 1287
2 1 1160 1 1480
2 1 711 1 1031
2 1 710 1 1030
2 1 1862 1 2182
2 1 902 1 1862
2 1 902 1 2182
2 1 709 1 1029
2 1 1413 1 2053
2 1 1028 1 1988
2 1 708 1 1988
2 1 708 1 1028
2 1 901 1 2181
2 1 1412 1 2052
2 1 707 1 1987
2 1 1155 1 1475
2 1 834 1 1474
2 1 834 1 1154
2 1 1154 1 1474
2 1 705 1 1025
2 1 1409 1 2049
2 1 704 1 1984
3 1 608 1 900 1 1220
3 1 463 1 1656 1 1976
3 1 500 1 989 1 1949
3 1 392 1 1505 1 1825
3 1 392 1 865 1 1825
3 1 475 1 900 1 2180
3 1 528 1 788 1 1428
3 1 454 1 1647 1 1967
3 1 582 1 1258 1 2218
3 1 541 1 737 1 1057
3 1 407 1 1520 1 1840
3 1 534 1 794 1 2074
3 1 344 1 1057 1 1377
3 1 476 1 1285 1 1925
3 1 564 1 824 1 2104
3 1 617 1 909 1 1229
3 1 587 1 1199 1 1519
3 1 380 1 1029 1 1349
3 1 531 1 727 1 1047
3 1 528 1 788 1 1748
3 1 528 1 788 1 2068
3 1 534 1 794 1 1434
3 1 384 1 857 1 1817
3 1 380 1 709 1 1349
3 1 571 1 831 1 2111
3 1 534 1 794 1 1754
3 1 512 1 772 1 1412
3 1 466 1 1339 1 1979
3 1 428 1 1733 1 2053
3 1 383 1 712 1 1352
3 1 388 1 1181 1 1821
3 1 429 1 1478 1 1798
3 1 497 1 1306 1 1946
3 1 415 1 1784 1 2104
3 1 610 1 902 1 1222
3 1 558 1 818 1 2098
3 1 494 1 1623 1 1943
3 1 577 1 933 1 1253
3 1 429 1 838 1 1798
3 1 387 1 860 1 1820
3 1 500 1 1309 1 1949
3 1 573 1 769 1 2049
3 1 632 1 860 1 1180
3 1 558 1 818 1 1778
3 1 536 1 796 1 2076
3 1 546 1 806 1 1766
3 1 447 1 1496 1 1816
3 1 638 1 1250 1 2210
3 1 429 1 1158 1 1798
3 1 541 1 801 1 1441
3 1 546 1 806 1 2086
3 1 360 1 753 1 1393
3 1 536 1 732 1 1052
3 1 613 1 905 1 1225
3 1 399 1 1512 1 1832
3 1 630 1 858 1 1178
3 1 542 1 802 1 2082
3 1 600 1 1276 1 2236
3 1 382 1 711 1 1351
3 1 358 1 1327 1 1647
3 1 576 1 1252 1 1892
3 1 635 1 1247 1 1887
3 1 624 1 1236 1 2196
3 1 638 1 930 1 1250
3 1 452 1 1325 1 1965
3 1 552 1 812 1 2092
3 1 630 1 1242 1 2202
3 1 450 1 1003 1 1963
3 1 535 1 795 1 2075
3 1 535 1 795 1 1755
3 1 427 1 1732 1 2052
3 1 535 1 795 1 1435
3 1 386 1 859 1 1819
3 1 512 1 772 1 2052
3 1 550 1 810 1 2090
3 1 543 1 803 1 2083
3 1 536 1 796 1 1756
3 1 541 1 801 1 2081
3 1 458 1 1651 1 1971
3 1 326 1 719 1 1359
3 1 392 1 1761 1 2081
3 1 536 1 796 1 1436
3 1 542 1 802 1 1762
3 1 543 1 803 1 1763
3 1 392 1 1441 1 1761
3 1 585 1 1197 1 1517
3 1 499 1 1308 1 1948
3 1 551 1 811 1 1451
3 1 552 1 812 1 1772
3 1 427 1 1412 1 1732
3 1 551 1 811 1 1771
3 1 551 1 811 1 2091
3 1 532 1 792 1 1432
3 1 613 1 1225 1 2185
3 1 514 1 774 1 1734
3 1 623 1 1235 1 2195
3 1 475 1 1284 1 1924
3 1 356 1 749 1 1389
3 1 379 1 708 1 1348
3 1 610 1 1222 1 1862
3 1 503 1 928 1 2208
3 1 632 1 924 1 1244
3 1 513 1 773 1 1413
3 1 559 1 819 1 1459
3 1 540 1 800 1 1440
3 1 555 1 815 1 2095
3 1 386 1 1179 1 1819
3 1 627 1 1239 1 1879
3 1 471 1 896 1 2176
3 1 419 1 1212 1 1852
3 1 623 1 915 1 1235
3 1 515 1 775 1 1735
3 1 595 1 951 1 1271
3 1 530 1 790 1 1430
3 1 388 1 861 1 1821
3 1 430 1 1159 1 1799
3 1 540 1 800 1 1760
3 1 491 1 980 1 1940
3 1 458 1 1331 1 1971
3 1 339 1 1052 1 1372
3 1 444 1 1493 1 1813
3 1 444 1 1173 1 1813
3 1 540 1 800 1 2080
3 1 503 1 1888 1 2208
3 1 507 1 1892 1 2212
3 1 604 1 896 1 1216
3 1 368 1 1081 1 1401
3 1 579 1 871 1 1191
3 1 450 1 1643 1 1963
3 1 563 1 823 1 1783
3 1 530 1 790 1 1750
3 1 340 1 733 1 1373
3 1 418 1 1211 1 1851
3 1 386 1 1499 1 1819
3 1 437 1 1742 1 2062
3 1 538 1 798 1 1758
3 1 381 1 1030 1 1350
3 1 381 1 710 1 1350
3 1 560 1 820 1 1780
3 1 461 1 1654 1 1974
3 1 436 1 1165 1 1805
3 1 373 1 1406 1 2046
3 1 548 1 808 1 2088
3 1 340 1 1053 1 1373
3 1 540 1 736 1 2016
3 1 573 1 769 1 1409
3 1 349 1 1382 1 2022
3 1 455 1 1648 1 1968
3 1 464 1 1337 1 1977
3 1 529 1 725 1 1045
3 1 602 1 1278 1 1918
3 1 422 1 1791 1 2111
3 1 499 1 1628 1 1948
3 1 499 1 988 1 1948
3 1 351 1 1384 1 2024
3 1 629 1 1177 1 1497
3 1 518 1 778 1 1738
3 1 432 1 1417 1 1737
3 1 550 1 810 1 1770
3 1 563 1 823 1 1463
3 1 443 1 1172 1 1812
3 1 424 1 833 1 1793
3 1 624 1 916 1 1236
3 1 485 1 1294 1 1934
3 1 532 1 792 1 1752
3 1 634 1 1182 1 1502
3 1 614 1 906 1 1226
3 1 433 1 842 1 1802
3 1 515 1 775 1 1415
3 1 613 1 1161 1 1481
3 1 622 1 1234 1 2194
3 1 613 1 841 1 1161
3 1 342 1 991 1 1311
3 1 397 1 870 1 1830
3 1 484 1 909 1 2189
3 1 634 1 1246 1 2206
3 1 622 1 914 1 1234
3 1 442 1 1491 1 1811
3 1 577 1 1253 1 2213
3 1 459 1 1652 1 1972
3 1 338 1 1051 1 1371
3 1 459 1 1332 1 1972
3 1 578 1 1254 1 2214
3 1 376 1 1025 1 1345
3 1 362 1 1395 1 2035
3 1 490 1 1299 1 1939
3 1 446 1 1175 1 1815
3 1 428 1 1413 1 1733
3 1 513 1 773 1 2053
3 1 334 1 1047 1 1367
3 1 320 1 713 1 1353
3 1 563 1 823 1 2103
3 1 426 1 1475 1 1795
3 1 559 1 819 1 1779
3 1 578 1 1254 1 1894
3 1 527 1 723 1 1043
3 1 404 1 1517 1 1837
3 1 485 1 1870 1 2190
3 1 492 1 1301 1 1941
3 1 518 1 778 1 1418
3 1 490 1 979 1 1939
3 1 567 1 827 1 2107
3 1 575 1 771 1 1411
3 1 614 1 1226 1 1866
3 1 603 1 1279 1 2239
3 1 468 1 1341 1 1981
3 1 590 1 1266 1 1906
3 1 349 1 998 1 1318
3 1 324 1 1037 1 1357
3 1 570 1 766 1 2046
3 1 350 1 743 1 1383
3 1 599 1 1275 1 2235
3 1 343 1 992 1 1312
3 1 623 1 1235 1 1875
3 1 452 1 1645 1 1965
