429 2240
2 1 1468 1 1788
2 1 1788 1 2108
2 1 1468 1 2108
2 1 1467 1 2107
2 1 1786 1 2106
2 1 1781 1 2101
2 1 1461 1 2101
2 1 1784 1 2104
2 1 1461 1 1781
2 1 1460 1 2100
2 1 1459 1 2099
2 1 1459 1 1779
2 1 1779 1 2099
2 1 1767 1 2087
2 1 1765 1 2085
2 1 1443 1 2083
2 1 1760 1 2080
2 1 1440 1 2080
2 1 1440 1 1760
2 1 1748 1 2068
2 1 1742 1 2062
2 1 1422 1 2062
2 1 1759 1 2079
2 1 1424 1 2064
2 1 1439 1 2079
2 1 1744 1 2064
2 1 1439 1 1759
2 1 1424 1 1744
2 1 1423 1 2063
2 1 1422 1 1742
2 1 1741 1 2061
2 1 1420 1 2060
2 1 1743 1 2063
2 1 1420 1 1740
2 1 1421 1 1741
2 1 1740 1 2060
2 1 1418 1 2058
2 1 975 1 1295
2 1 1413 1 1733
2 1 960 1 1600
2 1 1343 1 1663
2 1 1423 1 1743
2 1 1421 1 2061
2 1 1023 1 1663
2 1 1023 1 1343
2 1 1021 1 1661
2 1 1019 1 1659
2 1 1018 1 1658
2 1 1017 1 1337
2 1 1337 1 1657
2 1 1017 1 1657
2 1 1015 1 1655
2 1 1012 1 1332
2 1 1334 1 1654
2 1 1003 1 1643
2 1 1321 1 1641
2 1 1280 1 1600
2 1 1318 1 1638
2 1 997 1 1317
2 1 1309 1 1629
2 1 996 1 1316
2 1 989 1 1309
2 1 989 1 1629
2 1 987 1 1627
2 1 1307 1 1627
2 1 987 1 1307
2 1 981 1 1621
2 1 979 1 1299
2 1 979 1 1619
2 1 1299 1 1619
2 1 977 1 1297
2 1 1297 1 1617
2 1 977 1 1617
2 1 1411 1 1731
2 1 833 1 1153
2 1 960 1 1280
2 1 1469 1 2109
2 1 892 1 1212
2 1 892 1 1532
2 1 1212 1 1532
2 1 1211 1 1531
2 1 891 1 1531
2 1 891 1 1211
2 1 890 1 1530
2 1 1208 1 1528
2 1 1016 1 1336
2 1 889 1 1209
2 1 1209 1 1529
2 1 889 1 1529
2 1 887 1 1207
2 1 887 1 1527
2 1 1207 1 1527
2 1 1206 1 1526
2 1 885 1 1205
2 1 1203 1 1523
2 1 1778 1 2098
2 1 884 1 1524
2 1 884 1 1204
2 1 1204 1 1524
2 1 883 1 1203
2 1 883 1 1523
2 1 1331 1 1651
2 1 881 1 1201
2 1 881 1 1521
2 1 1201 1 1521
2 1 1455 1 2095
2 1 1008 1 1328
2 1 1771 1 2091
2 1 1451 1 2091
2 1 1451 1 1771
2 1 874 1 1514
2 1 872 1 1192
2 1 1192 1 1512
2 1 872 1 1512
2 1 869 1 1189
2 1 868 1 1188
2 1 868 1 1508
2 1 1188 1 1508
2 1 1314 1 1634
2 1 870 1 1510
2 1 1190 1 1510
2 1 870 1 1190
2 1 866 1 1506
2 1 1184 1 1504
2 1 863 1 1503
2 1 1182 1 1502
2 1 862 1 1502
2 1 862 1 1182
2 1 1181 1 1501
2 1 988 1 1628
2 1 1177 1 1497
2 1 985 1 1625
2 1 985 1 1305
2 1 1305 1 1625
2 1 1432 1 1752
2 1 984 1 1624
2 1 1304 1 1624
2 1 984 1 1304
2 1 854 1 1174
2 1 1749 1 2069
2 1 852 1 1172
2 1 1172 1 1492
2 1 852 1 1492
2 1 1747 1 2067
2 1 1170 1 1490
2 1 850 1 1170
2 1 850 1 1490
2 1 848 1 1488
2 1 1745 1 2065
2 1 1425 1 2065
2 1 1425 1 1745
2 1 1167 1 1487
2 1 847 1 1487
2 1 847 1 1167
2 1 846 1 1486
2 1 845 1 1485
2 1 844 1 1164
2 1 1164 1 1484
2 1 844 1 1484
2 1 1163 1 1483
2 1 843 1 1163
2 1 843 1 1483
2 1 1162 1 1482
2 1 841 1 1481
2 1 841 1 1161
2 1 1161 1 1481
2 1 1416 1 2056
2 1 1416 1 1736
2 1 1736 1 2056
2 1 1289 1 1609
2 1 969 1 1609
2 1 969 1 1289
2 1 968 1 1288
2 1 1414 1 2054
2 1 837 1 1477
2 1 1157 1 1477
2 1 837 1 1157
2 1 1471 1 2111
2 1 767 1 1087
2 1 767 1 2047
2 1 1087 1 2047
2 1 1086 1 2046
2 1 766 1 2046
2 1 766 1 1086
2 1 1919 1 2239
2 1 959 1 2239
2 1 959 1 1919
2 1 765 1 2045
2 1 958 1 1918
2 1 1340 1 1660
2 1 764 1 1084
2 1 1083 1 2043
2 1 763 1 1083
2 1 763 1 2043
2 1 955 1 2235
2 1 955 1 1915
2 1 1915 1 2235
2 1 762 1 1082
2 1 1785 1 2105
2 1 953 1 2233
2 1 1080 1 2040
2 1 760 1 1080
2 1 760 1 2040
2 1 1079 1 2039
2 1 952 1 2232
2 1 1783 1 2103
2 1 1463 1 2103
2 1 1463 1 1783
2 1 1911 1 2231
2 1 951 1 1911
2 1 951 1 2231
2 1 757 1 1077
2 1 950 1 2230
2 1 1910 1 2230
2 1 950 1 1910
2 1 949 1 1909
2 1 756 1 1076
2 1 948 1 2228
2 1 947 1 1907
2 1 882 1 1522
2 1 882 1 1202
2 1 1202 1 1522
2 1 1906 1 2226
2 1 946 1 1906
2 1 946 1 2226
2 1 1329 1 1649
2 1 753 1 1073
2 1 1457 1 2097
2 1 1905 1 2225
2 1 752 1 2032
2 1 1200 1 1520
2 1 751 1 2031
2 1 1327 1 1647
2 1 1007 1 1327
2 1 1007 1 1647
2 1 750 1 2030
2 1 1006 1 1326
2 1 1903 1 2223
2 1 1325 1 1645
2 1 1454 1 1774
2 1 1774 1 2094
2 1 1454 1 2094
2 1 878 1 1518
2 1 749 1 2029
2 1 1197 1 1517
2 1 748 1 1068
2 1 1068 1 2028
2 1 748 1 2028
2 1 1004 1 1324
2 1 1324 1 1644
2 1 1004 1 1644
2 1 747 1 2027
2 1 1322 1 1642
2 1 1002 1 1322
2 1 1002 1 1642
2 1 746 1 1066
2 1 746 1 2026
2 1 1066 1 2026
2 1 939 1 1899
2 1 745 1 2025
2 1 1000 1 1320
2 1 1320 1 1640
2 1 1000 1 1640
2 1 873 1 1193
2 1 744 1 2024
2 1 744 1 1064
2 1 1064 1 2024
2 1 1448 1 1768
2 1 1063 1 2023
2 1 742 1 2022
2 1 1062 1 2022
2 1 742 1 1062
2 1 935 1 2215
2 1 934 1 2214
2 1 741 1 2021
2 1 1061 1 2021
2 1 741 1 1061
2 1 933 1 2213
2 1 1060 1 2020
2 1 740 1 1060
2 1 740 1 2020
2 1 1444 1 2084
2 1 1892 1 2212
2 1 932 1 2212
2 1 932 1 1892
2 1 738 1 2018
2 1 738 1 1058
2 1 1058 1 2018
2 1 931 1 1891
2 1 1442 1 2082
2 1 1762 1 2082
2 1 1442 1 1762
2 1 930 1 1890
2 1 1761 1 2081
2 1 736 1 2016
2 1 736 1 1056
2 1 1056 1 2016
2 1 929 1 1889
2 1 1889 1 2209
2 1 929 1 2209
2 1 735 1 1055
2 1 1888 1 2208
2 1 927 1 2207
2 1 927 1 1887
2 1 1887 1 2207
2 1 734 1 2014
2 1 1054 1 2014
2 1 734 1 1054
2 1 926 1 1886
2 1 1886 1 2206
2 1 926 1 2206
2 1 1438 1 2078
2 1 1438 1 1758
2 1 1758 1 2078
2 1 733 1 1053
2 1 733 1 2013
2 1 1053 1 2013
2 1 1052 1 2012
2 1 925 1 2205
2 1 1885 1 2205
2 1 925 1 1885
2 1 924 1 2204
2 1 924 1 1884
2 1 1884 1 2204
2 1 986 1 1306
2 1 1050 1 2010
2 1 923 1 1883
2 1 729 1 1049
2 1 1882 1 2202
2 1 921 1 1881
2 1 983 1 1623
2 1 920 1 1880
2 1 855 1 1175
2 1 1302 1 1622
2 1 982 1 1302
2 1 982 1 1622
2 1 1046 1 2006
2 1 726 1 1046
2 1 726 1 2006
2 1 1878 1 2198
2 1 725 1 2005
2 1 853 1 1493
2 1 1300 1 1620
2 1 980 1 1620
2 1 980 1 1300
2 1 1044 1 2004
2 1 724 1 2004
2 1 724 1 1044
2 1 1876 1 2196
2 1 915 1 2195
2 1 851 1 1491
2 1 722 1 2002
2 1 1042 1 2002
2 1 722 1 1042
2 1 978 1 1618
2 1 1874 1 2194
2 1 1873 1 2193
2 1 913 1 2193
2 1 913 1 1873
2 1 720 1 2000
2 1 720 1 1040
2 1 1040 1 2000
2 1 1872 1 2192
2 1 719 1 1039
2 1 911 1 2191
2 1 911 1 1871
2 1 1871 1 2191
2 1 1038 1 1998
2 1 910 1 2190
2 1 1870 1 2190
2 1 910 1 1870
2 1 717 1 1997
2 1 717 1 1037
2 1 1037 1 1997
2 1 909 1 2189
2 1 1036 1 1996
2 1 908 1 2188
2 1 1035 1 1995
2 1 715 1 1995
2 1 715 1 1035
2 1 1419 1 1739
2 1 1419 1 2059
2 1 1739 1 2059
2 1 907 1 2187
2 1 1034 1 1994
2 1 906 1 1866
2 1 1866 1 2186
2 1 906 1 2186
2 1 1737 1 2057
2 1 1417 1 1737
2 1 1417 1 2057
2 1 905 1 1865
2 1 1287 1 1607
2 1 967 1 1287
2 1 967 1 1607
2 1 904 1 2184
2 1 904 1 1864
2 1 1864 1 2184
2 1 839 1 1479
2 1 1415 1 1735
2 1 1863 1 2183
2 1 709 1 1029
2 1 1862 1 2182
2 1 900 1 2180
2 1 900 1 1860
2 1 1860 1 2180
2 1 963 1 1283
2 1 1283 1 1603
2 1 963 1 1603
2 1 707 1 1987
2 1 836 1 1156
2 1 835 1 1155
2 1 962 1 1602
2 1 962 1 1282
2 1 1282 1 1602
2 1 706 1 1986
2 1 1858 1 2178
2 1 961 1 1601
2 1 961 1 1281
2 1 1281 1 1601
2 1 834 1 1154
2 1 1025 1 1985
2 1 1409 1 1729
2 1 1409 1 2049
2 1 1729 1 2049
2 1 1857 1 2177
2 1 896 1 2176
2 1 1856 1 2176
2 1 896 1 1856
