646 2240
2 1 1776 1 2096
2 1 1777 1 2097
2 1 1456 1 1776
2 1 1457 1 2097
2 1 1456 1 2096
2 1 1774 1 2094
2 1 1457 1 1777
2 1 1773 1 2093
2 1 1451 1 2091
2 1 1449 1 1769
2 1 1771 1 2091
2 1 1769 1 2089
2 1 1449 1 2089
2 1 1768 1 2088
2 1 1448 1 1768
2 1 1448 1 2088
2 1 1451 1 1771
2 1 1760 1 2080
2 1 1759 1 2079
2 1 1439 1 2079
2 1 1439 1 1759
2 1 1436 1 2076
2 1 1756 1 2076
2 1 1436 1 1756
2 1 1435 1 2075
2 1 1755 1 2075
2 1 1435 1 1755
2 1 1432 1 2072
2 1 1432 1 1752
2 1 1752 1 2072
2 1 1417 1 2057
2 1 1414 1 1734
2 1 1414 1 2054
2 1 1734 1 2054
2 1 1413 1 1733
2 1 1413 1 2053
2 1 1733 1 2053
2 1 1732 1 2052
2 1 970 1 1610
2 1 970 1 1290
2 1 1290 1 1610
2 1 1288 1 1608
2 1 1285 1 1605
2 1 963 1 1283
2 1 961 1 1281
2 1 1013 1 1653
2 1 1008 1 1648
2 1 1014 1 1654
2 1 1327 1 1647
2 1 1006 1 1646
2 1 1325 1 1645
2 1 1005 1 1325
2 1 1005 1 1645
2 1 1001 1 1321
2 1 1311 1 1631
2 1 989 1 1629
2 1 1309 1 1629
2 1 989 1 1309
2 1 1437 1 1757
2 1 1308 1 1628
2 1 987 1 1307
2 1 1430 1 1750
2 1 1298 1 1618
2 1 977 1 1297
2 1 986 1 1306
2 1 986 1 1626
2 1 1297 1 1617
2 1 1306 1 1626
2 1 977 1 1617
2 1 1282 1 1602
2 1 978 1 1618
2 1 1155 1 1475
2 1 835 1 1155
2 1 835 1 1475
2 1 1152 1 1472
2 1 1215 1 1535
2 1 1470 1 1790
2 1 1470 1 2110
2 1 1790 1 2110
2 1 893 1 1533
2 1 893 1 1213
2 1 1213 1 1533
2 1 1020 1 1340
2 1 1020 1 1660
2 1 1340 1 1660
2 1 886 1 1206
2 1 887 1 1207
2 1 1012 1 1332
2 1 1332 1 1652
2 1 1012 1 1652
2 1 1778 1 2098
2 1 978 1 1298
2 1 1011 1 1651
2 1 1331 1 1651
2 1 1011 1 1331
2 1 881 1 1521
2 1 1200 1 1520
2 1 880 1 1200
2 1 880 1 1520
2 1 1199 1 1519
2 1 879 1 1199
2 1 879 1 1519
2 1 878 1 1518
2 1 877 1 1517
2 1 876 1 1516
2 1 876 1 1196
2 1 1196 1 1516
2 1 1194 1 1514
2 1 874 1 1514
2 1 874 1 1194
2 1 1192 1 1512
2 1 1000 1 1640
2 1 872 1 1192
2 1 872 1 1512
2 1 1446 1 2086
2 1 1446 1 1766
2 1 1766 1 2086
2 1 1319 1 1639
2 1 999 1 1319
2 1 999 1 1639
2 1 869 1 1189
2 1 869 1 1509
2 1 1189 1 1509
2 1 1444 1 1764
2 1 996 1 1316
2 1 1316 1 1636
2 1 996 1 1636
2 1 1442 1 1762
2 1 1441 1 1761
2 1 864 1 1184
2 1 1183 1 1503
2 1 863 1 1183
2 1 863 1 1503
2 1 1182 1 1502
2 1 862 1 1502
2 1 862 1 1182
2 1 861 1 1181
2 1 1181 1 1501
2 1 861 1 1501
2 1 860 1 1180
2 1 859 1 1499
2 1 1178 1 1498
2 1 858 1 1178
2 1 858 1 1498
2 1 855 1 1495
2 1 1174 1 1494
2 1 1429 1 2069
2 1 1172 1 1492
2 1 852 1 1172
2 1 852 1 1492
2 1 1169 1 1489
2 1 975 1 1295
2 1 979 1 1619
2 1 979 1 1299
2 1 1299 1 1619
2 1 1422 1 1742
2 1 1740 1 2060
2 1 843 1 1483
2 1 1163 1 1483
2 1 843 1 1163
2 1 1162 1 1482
2 1 841 1 1481
2 1 969 1 1609
2 1 969 1 1289
2 1 1289 1 1609
2 1 838 1 1158
2 1 837 1 1157
2 1 1157 1 1477
2 1 837 1 1477
2 1 1156 1 1476
2 1 836 1 1156
2 1 836 1 1476
2 1 1408 1 2048
2 1 1408 1 1728
2 1 1728 1 2048
2 1 1471 1 2111
2 1 767 1 1087
2 1 766 1 2046
2 1 959 1 2239
2 1 1214 1 1534
2 1 1021 1 1661
2 1 1021 1 1341
2 1 1341 1 1661
2 1 958 1 1918
2 1 765 1 1085
2 1 1917 1 2237
2 1 1469 1 2109
2 1 1789 1 2109
2 1 1469 1 1789
2 1 764 1 2044
2 1 1212 1 1532
2 1 1916 1 2236
2 1 956 1 1916
2 1 956 1 2236
2 1 1339 1 1659
2 1 891 1 1211
2 1 1915 1 2235
2 1 1338 1 1658
2 1 762 1 2042
2 1 1786 1 2106
2 1 1337 1 1657
2 1 761 1 2041
2 1 1914 1 2234
2 1 1336 1 1656
2 1 760 1 2040
2 1 1913 1 2233
2 1 1015 1 1335
2 1 1015 1 1655
2 1 1335 1 1655
2 1 1079 1 2039
2 1 759 1 1079
2 1 759 1 2039
2 1 1911 1 2231
2 1 1078 1 2038
2 1 758 1 2038
2 1 758 1 1078
2 1 757 1 1077
2 1 1077 1 2037
2 1 757 1 2037
2 1 1461 1 2101
2 1 1076 1 2036
2 1 756 1 1076
2 1 756 1 2036
2 1 1909 1 2229
2 1 949 1 2229
2 1 949 1 1909
2 1 755 1 2035
2 1 948 1 1908
2 1 1010 1 1330
2 1 1202 1 1522
2 1 1072 1 2032
2 1 752 1 1072
2 1 752 1 2032
2 1 1904 1 2224
2 1 944 1 2224
2 1 944 1 1904
2 1 751 1 1071
2 1 943 1 1903
2 1 943 1 2223
2 1 1903 1 2223
2 1 1070 1 2030
2 1 750 1 1070
2 1 750 1 2030
2 1 942 1 1902
2 1 1069 1 2029
2 1 941 1 2221
2 1 941 1 1901
2 1 1901 1 2221
2 1 1772 1 2092
2 1 940 1 2220
2 1 1900 1 2220
2 1 940 1 1900
2 1 747 1 1067
2 1 939 1 2219
2 1 939 1 1899
2 1 1899 1 2219
2 1 938 1 2218
2 1 938 1 1898
2 1 1898 1 2218
2 1 1450 1 1770
2 1 745 1 1065
2 1 1064 1 2024
2 1 744 1 1064
2 1 744 1 2024
2 1 937 1 1897
2 1 937 1 2217
2 1 1897 1 2217
2 1 936 1 2216
2 1 936 1 1896
2 1 1896 1 2216
2 1 935 1 1895
2 1 935 1 2215
2 1 1895 1 2215
2 1 1318 1 1638
2 1 1447 1 1767
2 1 1767 1 2087
2 1 1447 1 2087
2 1 998 1 1638
2 1 998 1 1318
2 1 871 1 1511
2 1 871 1 1191
2 1 1191 1 1511
2 1 1190 1 1510
2 1 1061 1 2021
2 1 741 1 1061
2 1 741 1 2021
2 1 997 1 1317
2 1 1188 1 1508
2 1 995 1 1315
2 1 1315 1 1635
2 1 995 1 1635
2 1 932 1 1892
2 1 738 1 2018
2 1 1314 1 1634
2 1 994 1 1314
2 1 994 1 1634
2 1 1313 1 1633
2 1 993 1 1313
2 1 993 1 1633
2 1 866 1 1186
2 1 737 1 2017
2 1 1889 1 2209
2 1 992 1 1632
2 1 865 1 1185
2 1 1056 1 2016
2 1 736 1 2016
2 1 736 1 1056
2 1 735 1 1055
2 1 1055 1 2015
2 1 735 1 2015
2 1 927 1 2207
2 1 734 1 1054
2 1 734 1 2014
2 1 1054 1 2014
2 1 926 1 2206
2 1 1053 1 2013
2 1 733 1 2013
2 1 733 1 1053
2 1 1052 1 2012
2 1 1884 1 2204
2 1 924 1 1884
2 1 924 1 2204
2 1 731 1 1051
2 1 923 1 2203
2 1 730 1 1050
2 1 1754 1 2074
2 1 1434 1 1754
2 1 1434 1 2074
2 1 1882 1 2202
2 1 922 1 1882
2 1 922 1 2202
2 1 729 1 1049
2 1 1753 1 2073
2 1 1433 1 2073
2 1 1433 1 1753
2 1 728 1 1048
2 1 921 1 2201
2 1 921 1 1881
2 1 1881 1 2201
2 1 727 1 1047
2 1 920 1 1880
2 1 1880 1 2200
2 1 920 1 2200
2 1 1751 1 2071
2 1 1431 1 1751
2 1 1431 1 2071
2 1 919 1 2199
2 1 1046 1 2006
2 1 726 1 1046
2 1 726 1 2006
2 1 918 1 1878
2 1 918 1 2198
2 1 1878 1 2198
2 1 853 1 1173
2 1 917 1 2197
2 1 917 1 1877
2 1 1877 1 2197
2 1 1044 1 2004
2 1 1428 1 2068
2 1 723 1 1043
2 1 915 1 1875
2 1 1746 1 2066
2 1 1874 1 2194
2 1 914 1 2194
2 1 914 1 1874
2 1 1425 1 1745
2 1 1040 1 2000
2 1 1873 1 2193
2 1 913 1 2193
2 1 913 1 1873
2 1 719 1 1999
2 1 912 1 2192
2 1 1872 1 2192
2 1 912 1 1872
2 1 847 1 1167
2 1 974 1 1294
2 1 974 1 1614
2 1 1294 1 1614
2 1 973 1 1613
2 1 1293 1 1613
2 1 973 1 1293
2 1 1292 1 1612
2 1 972 1 1292
2 1 972 1 1612
2 1 845 1 1165
2 1 971 1 1291
2 1 971 1 1611
2 1 1291 1 1611
2 1 844 1 1164
2 1 715 1 1035
2 1 1739 1 2059
2 1 714 1 1034
2 1 1034 1 1994
2 1 714 1 1994
2 1 713 1 1993
2 1 1033 1 1993
2 1 713 1 1033
2 1 906 1 1866
2 1 906 1 2186
2 1 1866 1 2186
2 1 712 1 1992
2 1 1287 1 1607
2 1 840 1 1480
2 1 840 1 1160
2 1 1160 1 1480
2 1 904 1 1864
2 1 711 1 1031
2 1 1031 1 1991
2 1 711 1 1991
2 1 710 1 1030
2 1 710 1 1990
2 1 1030 1 1990
2 1 709 1 1029
2 1 709 1 1989
2 1 1029 1 1989
2 1 901 1 2181
2 1 708 1 1028
2 1 900 1 2180
2 1 900 1 1860
2 1 1860 1 2180
2 1 707 1 1027
2 1 1027 1 1987
2 1 707 1 1987
2 1 1731 1 2051
2 1 1411 1 1731
2 1 1411 1 2051
2 1 1859 1 2179
2 1 899 1 1859
2 1 899 1 2179
2 1 1410 1 1730
2 1 1730 1 2050
2 1 1410 1 2050
2 1 705 1 1985
2 1 898 1 2178
2 1 1409 1 2049
2 1 1729 1 2049
2 1 1409 1 1729
2 1 1153 1 1473
2 1 1024 1 1984
2 1 897 1 2177
3 1 540 1 800 1 2080
3 1 540 1 800 1 1760
3 1 580 1 1256 1 1896
3 1 580 1 936 1 1256
3 1 580 1 1256 1 2216
3 1 486 1 911 1 2191
3 1 324 1 717 1 1357
3 1 385 1 1498 1 1818
3 1 619 1 911 1 1231
3 1 505 1 1890 1 2210
3 1 551 1 811 1 2091
3 1 545 1 805 1 2085
3 1 404 1 877 1 1837
3 1 555 1 815 1 2095
3 1 517 1 777 1 1417
3 1 400 1 1193 1 1833
3 1 617 1 1229 1 2189
3 1 389 1 1758 1 2078
3 1 325 1 718 1 1358
3 1 612 1 904 1 1224
3 1 514 1 774 1 1414
3 1 551 1 811 1 1451
3 1 551 1 811 1 1771
3 1 605 1 897 1 1217
3 1 638 1 1250 1 1890
3 1 473 1 1602 1 1922
3 1 538 1 798 1 2078
3 1 479 1 1608 1 1928
3 1 434 1 843 1 1803
3 1 460 1 1013 1 1973
3 1 501 1 1310 1 1950
3 1 514 1 774 1 2054
3 1 432 1 1737 1 2057
3 1 517 1 777 1 2057
3 1 528 1 724 1 2004
3 1 536 1 796 1 1756
3 1 514 1 774 1 1734
3 1 462 1 1335 1 1975
3 1 406 1 1775 1 2095
3 1 365 1 1014 1 1334
3 1 557 1 817 1 1777
3 1 549 1 809 1 2089
3 1 364 1 1333 1 1653
3 1 364 1 1013 1 1333
3 1 556 1 816 1 1776
3 1 548 1 808 1 2088
3 1 437 1 1166 1 1806
3 1 523 1 783 1 1423
3 1 460 1 1653 1 1973
3 1 383 1 1352 1 1992
3 1 557 1 817 1 1457
3 1 549 1 809 1 1449
3 1 414 1 1463 1 1783
3 1 549 1 809 1 1769
3 1 557 1 817 1 2097
3 1 560 1 820 1 2100
3 1 548 1 808 1 1768
3 1 546 1 806 1 1766
3 1 461 1 1654 1 1974
3 1 553 1 813 1 1773
3 1 579 1 935 1 1255
3 1 556 1 816 1 1456
3 1 548 1 808 1 1448
3 1 589 1 1201 1 1521
3 1 615 1 1227 1 2187
3 1 432 1 1417 1 1737
3 1 546 1 806 1 1446
3 1 546 1 806 1 2086
3 1 332 1 981 1 1301
3 1 556 1 816 1 2096
3 1 553 1 813 1 2093
3 1 554 1 814 1 2094
3 1 554 1 814 1 1774
3 1 336 1 1049 1 1369
3 1 563 1 823 1 1463
3 1 461 1 1014 1 1974
3 1 365 1 1334 1 1654
3 1 412 1 1205 1 1845
3 1 637 1 1249 1 1889
3 1 572 1 768 1 2048
3 1 515 1 775 1 1415
3 1 573 1 769 1 2049
3 1 466 1 1659 1 1979
3 1 589 1 881 1 1201
3 1 377 1 1026 1 1346
3 1 542 1 802 1 1442
3 1 572 1 768 1 1728
3 1 345 1 738 1 1378
3 1 525 1 785 1 1745
3 1 541 1 801 1 1441
3 1 427 1 836 1 1796
3 1 374 1 767 1 1407
3 1 343 1 1376 1 2016
3 1 484 1 1613 1 1933
3 1 393 1 1186 1 1826
3 1 393 1 866 1 1826
3 1 433 1 1738 1 2058
3 1 320 1 713 1 1353
3 1 488 1 1617 1 1937
3 1 614 1 906 1 1226
3 1 553 1 749 1 2029
3 1 397 1 1510 1 1830
3 1 579 1 1255 1 2215
3 1 479 1 1288 1 1928
3 1 418 1 891 1 1851
3 1 385 1 1178 1 1818
3 1 572 1 768 1 1408
3 1 407 1 1520 1 1840
3 1 418 1 1211 1 1851
3 1 397 1 1190 1 1830
3 1 579 1 1255 1 1895
3 1 502 1 1311 1 1951
3 1 472 1 1281 1 1921
3 1 516 1 776 1 1736
3 1 496 1 1305 1 1945
3 1 508 1 997 1 1957
3 1 504 1 1633 1 1953
3 1 635 1 1247 1 2207
3 1 411 1 1524 1 1844
3 1 434 1 1163 1 1803
3 1 583 1 1195 1 1515
3 1 506 1 1315 1 1955
3 1 488 1 977 1 1937
3 1 481 1 1610 1 1930
3 1 614 1 1226 1 1866
3 1 570 1 830 1 1470
3 1 390 1 863 1 1823
3 1 513 1 773 1 2053
3 1 438 1 1423 1 1743
3 1 348 1 741 1 1381
3 1 518 1 778 1 2058
3 1 629 1 1177 1 1497
3 1 572 1 704 1 1024
3 1 356 1 1069 1 1389
3 1 570 1 830 1 2110
3 1 570 1 830 1 1790
3 1 634 1 926 1 1246
3 1 536 1 796 1 1436
3 1 512 1 772 1 1732
3 1 539 1 799 1 2079
3 1 574 1 706 1 1026
3 1 432 1 1481 1 1801
3 1 613 1 841 1 1161
3 1 479 1 1864 1 2184
3 1 512 1 772 1 2052
3 1 539 1 799 1 1759
3 1 539 1 799 1 1439
3 1 382 1 1351 1 1991
3 1 575 1 771 1 1731
3 1 627 1 1175 1 1495
3 1 633 1 925 1 1245
3 1 321 1 1034 1 1354
3 1 359 1 1008 1 1328
3 1 408 1 881 1 1841
3 1 507 1 1316 1 1956
3 1 382 1 1031 1 1351
3 1 455 1 1648 1 1968
3 1 639 1 867 1 1187
3 1 575 1 771 1 1411
3 1 635 1 927 1 1247
3 1 345 1 1378 1 2018
3 1 612 1 1224 1 1864
3 1 575 1 771 1 2051
3 1 368 1 1401 1 2041
3 1 348 1 1061 1 1381
3 1 587 1 943 1 1263
3 1 504 1 993 1 1953
3 1 504 1 1313 1 1953
3 1 631 1 859 1 1179
3 1 627 1 855 1 1175
3 1 327 1 1040 1 1360
3 1 352 1 1065 1 1385
3 1 577 1 1253 1 2213
3 1 524 1 720 1 2000
3 1 454 1 1647 1 1967
3 1 336 1 729 1 1369
3 1 528 1 724 1 1044
3 1 637 1 1249 1 2209
3 1 390 1 1183 1 1823
3 1 448 1 1321 1 1961
3 1 479 1 904 1 2184
3 1 444 1 1429 1 1749
3 1 613 1 1161 1 1481
3 1 445 1 1494 1 1814
3 1 480 1 1609 1 1929
3 1 358 1 751 1 1391
3 1 585 1 1197 1 1517
3 1 576 1 932 1 1252
3 1 448 1 1001 1 1961
3 1 408 1 1521 1 1841
3 1 428 1 1477 1 1797
3 1 634 1 1246 1 2206
3 1 547 1 807 1 2087
3 1 587 1 1263 1 2223
3 1 607 1 1219 1 2179
3 1 445 1 1174 1 1814
3 1 477 1 902 1 2182
3 1 395 1 1188 1 1828
3 1 607 1 1219 1 1859
3 1 519 1 779 1 2059
3 1 343 1 1056 1 1376
3 1 607 1 899 1 1219
3 1 453 1 1646 1 1966
3 1 564 1 824 1 1784
3 1 585 1 1261 1 1901
3 1 359 1 1328 1 1648
