425 2240
2 1 1461 1 1781
2 1 1781 1 2101
2 1 1783 1 2103
2 1 1461 1 2101
2 1 1460 1 2100
2 1 1780 1 2100
2 1 1460 1 1780
2 1 1457 1 1777
2 1 1777 1 2097
2 1 1457 1 2097
2 1 1456 1 2096
2 1 1451 1 2091
2 1 1767 1 2087
2 1 1447 1 2087
2 1 1447 1 1767
2 1 1444 1 1764
2 1 1764 1 2084
2 1 1444 1 2084
2 1 1442 1 2082
2 1 1440 1 1760
2 1 1440 1 2080
2 1 1760 1 2080
2 1 1759 1 2079
2 1 1758 1 2078
2 1 1438 1 2078
2 1 1438 1 1758
2 1 1436 1 2076
2 1 1746 1 2066
2 1 1739 1 2059
2 1 1419 1 2059
2 1 1419 1 1739
2 1 1412 1 2052
2 1 1728 1 2048
2 1 974 1 1294
2 1 974 1 1614
2 1 1290 1 1610
2 1 968 1 1288
2 1 1294 1 1614
2 1 968 1 1608
2 1 1288 1 1608
2 1 1286 1 1606
2 1 965 1 1285
2 1 1284 1 1604
2 1 961 1 1601
2 1 961 1 1281
2 1 1281 1 1601
2 1 1469 1 1789
2 1 1342 1 1662
2 1 1020 1 1660
2 1 1337 1 1657
2 1 1017 1 1657
2 1 1017 1 1337
2 1 1016 1 1656
2 1 1015 1 1335
2 1 1008 1 1648
2 1 1013 1 1653
2 1 1333 1 1653
2 1 1007 1 1647
2 1 1013 1 1333
2 1 1011 1 1331
2 1 1331 1 1651
2 1 1011 1 1651
2 1 1454 1 1774
2 1 1324 1 1644
2 1 1004 1 1324
2 1 1004 1 1644
2 1 1452 1 1772
2 1 1006 1 1326
2 1 1006 1 1646
2 1 1326 1 1646
2 1 1002 1 1642
2 1 1449 1 1769
2 1 1000 1 1640
2 1 1445 1 1765
2 1 996 1 1636
2 1 995 1 1635
2 1 1315 1 1635
2 1 995 1 1315
2 1 1443 1 1763
2 1 1314 1 1634
2 1 994 1 1634
2 1 994 1 1314
2 1 993 1 1313
2 1 993 1 1633
2 1 1313 1 1633
2 1 1312 1 1632
2 1 1311 1 1631
2 1 1309 1 1629
2 1 983 1 1623
2 1 1303 1 1623
2 1 983 1 1303
2 1 1430 1 1750
2 1 1298 1 1618
2 1 976 1 1296
2 1 835 1 1475
2 1 835 1 1155
2 1 1155 1 1475
2 1 1282 1 1602
2 1 1154 1 1474
2 1 834 1 1154
2 1 834 1 1474
2 1 962 1 1602
2 1 962 1 1282
2 1 895 1 1535
2 1 1214 1 1534
2 1 1468 1 2108
2 1 1788 1 2108
2 1 1468 1 1788
2 1 1021 1 1661
2 1 1023 1 1663
2 1 1343 1 1663
2 1 1023 1 1343
2 1 891 1 1531
2 1 890 1 1530
2 1 890 1 1210
2 1 1210 1 1530
2 1 889 1 1529
2 1 1208 1 1528
2 1 887 1 1527
2 1 886 1 1526
2 1 1206 1 1526
2 1 886 1 1206
2 1 884 1 1524
2 1 1779 1 2099
2 1 1459 1 2099
2 1 1459 1 1779
2 1 882 1 1522
2 1 881 1 1201
2 1 880 1 1520
2 1 1199 1 1519
2 1 879 1 1199
2 1 879 1 1519
2 1 1196 1 1516
2 1 874 1 1514
2 1 874 1 1194
2 1 1194 1 1514
2 1 1768 1 2088
2 1 1001 1 1641
2 1 1001 1 1321
2 1 1321 1 1641
2 1 871 1 1511
2 1 1190 1 1510
2 1 870 1 1190
2 1 870 1 1510
2 1 1189 1 1509
2 1 868 1 1188
2 1 867 1 1187
2 1 1187 1 1507
2 1 867 1 1507
2 1 866 1 1186
2 1 865 1 1185
2 1 865 1 1505
2 1 1185 1 1505
2 1 1184 1 1504
2 1 863 1 1503
2 1 862 1 1502
2 1 1437 1 1757
2 1 859 1 1179
2 1 1179 1 1499
2 1 859 1 1499
2 1 987 1 1627
2 1 1176 1 1496
2 1 1174 1 1494
2 1 1748 1 2068
2 1 1301 1 1621
2 1 1170 1 1490
2 1 1171 1 1491
2 1 851 1 1491
2 1 850 1 1170
2 1 850 1 1490
2 1 851 1 1171
2 1 849 1 1489
2 1 849 1 1169
2 1 1169 1 1489
2 1 1165 1 1485
2 1 1164 1 1484
2 1 1163 1 1483
2 1 842 1 1162
2 1 1162 1 1482
2 1 842 1 1482
2 1 1161 1 1481
2 1 1289 1 1609
2 1 969 1 1289
2 1 969 1 1609
2 1 1157 1 1477
2 1 1156 1 1476
2 1 1087 1 2047
2 1 1791 1 2111
2 1 959 1 1919
2 1 1919 1 2239
2 1 959 1 2239
2 1 766 1 1086
2 1 1790 1 2110
2 1 1918 1 2238
2 1 958 1 1918
2 1 958 1 2238
2 1 764 1 2044
2 1 765 1 2045
2 1 1085 1 2045
2 1 765 1 1085
2 1 957 1 1917
2 1 1917 1 2237
2 1 957 1 2237
2 1 1339 1 1659
2 1 892 1 1212
2 1 956 1 2236
2 1 1916 1 2236
2 1 956 1 1916
2 1 763 1 1083
2 1 1083 1 2043
2 1 763 1 2043
2 1 1082 1 2042
2 1 762 1 1082
2 1 762 1 2042
2 1 954 1 1914
2 1 1465 1 2105
2 1 1080 1 2040
2 1 759 1 2039
2 1 759 1 1079
2 1 1079 1 2039
2 1 952 1 1912
2 1 951 1 1911
2 1 1078 1 2038
2 1 1910 1 2230
2 1 950 1 2230
2 1 950 1 1910
2 1 1782 1 2102
2 1 1462 1 2102
2 1 1462 1 1782
2 1 757 1 2037
2 1 757 1 1077
2 1 1077 1 2037
2 1 1076 1 2036
2 1 1909 1 2229
2 1 949 1 2229
2 1 949 1 1909
2 1 1908 1 2228
2 1 948 1 1908
2 1 948 1 2228
2 1 883 1 1523
2 1 947 1 2227
2 1 947 1 1907
2 1 1907 1 2227
2 1 753 1 1073
2 1 945 1 1905
2 1 1905 1 2225
2 1 945 1 2225
2 1 944 1 2224
2 1 1904 1 2224
2 1 944 1 1904
2 1 751 1 1071
2 1 943 1 1903
2 1 1070 1 2030
2 1 942 1 2222
2 1 942 1 1902
2 1 1902 1 2222
2 1 1453 1 1773
2 1 1453 1 2093
2 1 1773 1 2093
2 1 941 1 2221
2 1 1068 1 2028
2 1 1067 1 2027
2 1 1900 1 2220
2 1 940 1 1900
2 1 940 1 2220
2 1 1899 1 2219
2 1 939 1 1899
2 1 939 1 2219
2 1 746 1 1066
2 1 746 1 2026
2 1 1066 1 2026
2 1 938 1 1898
2 1 1065 1 2025
2 1 937 1 1897
2 1 936 1 1896
2 1 936 1 2216
2 1 1896 1 2216
2 1 999 1 1639
2 1 999 1 1319
2 1 1319 1 1639
2 1 1766 1 2086
2 1 934 1 2214
2 1 741 1 1061
2 1 933 1 2213
2 1 932 1 2212
2 1 739 1 2019
2 1 739 1 1059
2 1 1059 1 2019
2 1 931 1 2211
2 1 930 1 1890
2 1 1890 1 2210
2 1 930 1 2210
2 1 1057 1 2017
2 1 1761 1 2081
2 1 1441 1 1761
2 1 1441 1 2081
2 1 735 1 1055
2 1 928 1 2208
2 1 1888 1 2208
2 1 928 1 1888
2 1 1887 1 2207
2 1 927 1 1887
2 1 927 1 2207
2 1 734 1 1054
2 1 926 1 2206
2 1 1886 1 2206
2 1 926 1 1886
2 1 861 1 1501
2 1 1885 1 2205
2 1 925 1 1885
2 1 925 1 2205
2 1 1052 1 2012
2 1 732 1 2012
2 1 732 1 1052
2 1 1051 1 2011
2 1 731 1 1051
2 1 731 1 2011
2 1 1435 1 2075
2 1 1754 1 2074
2 1 1178 1 1498
2 1 1433 1 2073
2 1 1177 1 1497
2 1 1048 1 2008
2 1 984 1 1304
2 1 1304 1 1624
2 1 984 1 1624
2 1 1432 1 1752
2 1 1432 1 2072
2 1 1752 1 2072
2 1 1431 1 2071
2 1 1175 1 1495
2 1 982 1 1622
2 1 1302 1 1622
2 1 982 1 1302
2 1 919 1 2199
2 1 919 1 1879
2 1 1879 1 2199
2 1 1300 1 1620
2 1 1429 1 2069
2 1 853 1 1173
2 1 1877 1 2197
2 1 917 1 2197
2 1 917 1 1877
2 1 724 1 2004
2 1 1299 1 1619
2 1 1043 1 2003
2 1 723 1 2003
2 1 723 1 1043
2 1 722 1 2002
2 1 722 1 1042
2 1 1042 1 2002
2 1 721 1 1041
2 1 913 1 2193
2 1 720 1 2000
2 1 848 1 1168
2 1 912 1 1872
2 1 1295 1 1615
2 1 719 1 1039
2 1 719 1 1999
2 1 1039 1 1999
2 1 1423 1 2063
2 1 1293 1 1613
2 1 1037 1 1997
2 1 1741 1 2061
2 1 1421 1 1741
2 1 1421 1 2061
2 1 716 1 1036
2 1 716 1 1996
2 1 1036 1 1996
2 1 1420 1 2060
2 1 1035 1 1995
2 1 715 1 1995
2 1 715 1 1035
2 1 908 1 1868
2 1 908 1 2188
2 1 1868 1 2188
2 1 1034 1 1994
2 1 714 1 1034
2 1 714 1 1994
2 1 906 1 2186
2 1 1418 1 2058
2 1 713 1 1033
2 1 1033 1 1993
2 1 713 1 1993
2 1 905 1 1865
2 1 1287 1 1607
2 1 840 1 1160
2 1 1160 1 1480
2 1 840 1 1480
2 1 904 1 1864
2 1 1030 1 1990
2 1 710 1 1030
2 1 710 1 1990
2 1 1863 1 2183
2 1 1734 1 2054
2 1 709 1 1029
2 1 902 1 1862
2 1 708 1 1988
2 1 1028 1 1988
2 1 708 1 1028
2 1 901 1 2181
2 1 1027 1 1987
2 1 707 1 1027
2 1 707 1 1987
2 1 900 1 1860
2 1 899 1 1859
2 1 706 1 1026
2 1 706 1 1986
2 1 1026 1 1986
2 1 1410 1 2050
2 1 1410 1 1730
2 1 1730 1 2050
2 1 705 1 1985
2 1 960 1 1280
2 1 1280 1 1600
2 1 960 1 1600
2 1 1729 1 2049
2 1 1153 1 1473
2 1 1024 1 1984
2 1 704 1 1024
2 1 704 1 1984
2 1 1856 1 2176
2 1 897 1 2177
2 1 1857 1 2177
2 1 897 1 1857
