420 2240
2 1 1787 1 2107
2 1 1785 1 2105
2 1 1783 1 2103
2 1 1781 1 2101
2 1 1780 1 2100
2 1 1460 1 1780
2 1 1460 1 2100
2 1 1456 1 2096
2 1 1776 1 2096
2 1 1456 1 1776
2 1 1454 1 1774
2 1 1774 1 2094
2 1 1454 1 2094
2 1 1772 1 2092
2 1 1452 1 1772
2 1 1452 1 2092
2 1 1450 1 2090
2 1 1445 1 2085
2 1 1445 1 1765
2 1 1450 1 1770
2 1 1765 1 2085
2 1 1770 1 2090
2 1 1764 1 2084
2 1 1444 1 2084
2 1 1763 1 2083
2 1 1444 1 1764
2 1 1443 1 1763
2 1 1443 1 2083
2 1 1762 1 2082
2 1 1437 1 2077
2 1 1437 1 1757
2 1 1439 1 2079
2 1 1757 1 2077
2 1 1433 1 1753
2 1 1433 1 2073
2 1 1753 1 2073
2 1 1423 1 1743
2 1 973 1 1293
2 1 1289 1 1609
2 1 1295 1 1615
2 1 1293 1 1613
2 1 973 1 1613
2 1 1291 1 1611
2 1 1416 1 1736
2 1 1288 1 1608
2 1 1287 1 1607
2 1 1285 1 1605
2 1 1284 1 1604
2 1 1283 1 1603
2 1 1281 1 1601
2 1 1343 1 1663
2 1 1018 1 1338
2 1 1018 1 1658
2 1 1338 1 1658
2 1 1016 1 1656
2 1 1334 1 1654
2 1 1014 1 1654
2 1 1014 1 1334
2 1 1009 1 1329
2 1 1007 1 1327
2 1 1453 1 1773
2 1 1324 1 1644
2 1 1003 1 1643
2 1 1001 1 1641
2 1 1001 1 1321
2 1 1321 1 1641
2 1 999 1 1639
2 1 1319 1 1639
2 1 999 1 1319
2 1 1318 1 1638
2 1 1317 1 1637
2 1 1446 1 1766
2 1 997 1 1637
2 1 997 1 1317
2 1 996 1 1636
2 1 1316 1 1636
2 1 996 1 1316
2 1 1315 1 1635
2 1 1313 1 1633
2 1 1311 1 1631
2 1 990 1 1310
2 1 989 1 1309
2 1 989 1 1629
2 1 1309 1 1629
2 1 1304 1 1624
2 1 982 1 1622
2 1 987 1 1307
2 1 1302 1 1622
2 1 987 1 1627
2 1 1307 1 1627
2 1 982 1 1302
2 1 980 1 1620
2 1 980 1 1300
2 1 1300 1 1620
2 1 1154 1 1474
2 1 1152 1 1472
2 1 1341 1 1661
2 1 1282 1 1602
2 1 1021 1 1661
2 1 1021 1 1341
2 1 1209 1 1529
2 1 888 1 1528
2 1 887 1 1527
2 1 1012 1 1652
2 1 1779 1 2099
2 1 1202 1 1522
2 1 882 1 1202
2 1 882 1 1522
2 1 884 1 1524
2 1 884 1 1204
2 1 1204 1 1524
2 1 1457 1 2097
2 1 1457 1 1777
2 1 1777 1 2097
2 1 880 1 1520
2 1 878 1 1518
2 1 1197 1 1517
2 1 877 1 1517
2 1 877 1 1197
2 1 876 1 1196
2 1 875 1 1195
2 1 875 1 1515
2 1 1195 1 1515
2 1 874 1 1194
2 1 1322 1 1642
2 1 1002 1 1642
2 1 1002 1 1322
2 1 1191 1 1511
2 1 869 1 1189
2 1 868 1 1188
2 1 868 1 1508
2 1 1188 1 1508
2 1 867 1 1507
2 1 1314 1 1634
2 1 994 1 1314
2 1 994 1 1634
2 1 865 1 1505
2 1 1185 1 1505
2 1 865 1 1185
2 1 1186 1 1506
2 1 866 1 1186
2 1 866 1 1506
2 1 1184 1 1504
2 1 863 1 1183
2 1 862 1 1182
2 1 862 1 1502
2 1 1182 1 1502
2 1 1181 1 1501
2 1 860 1 1500
2 1 1179 1 1499
2 1 1177 1 1497
2 1 1432 1 2072
2 1 855 1 1495
2 1 855 1 1175
2 1 1175 1 1495
2 1 853 1 1173
2 1 1298 1 1618
2 1 848 1 1168
2 1 1167 1 1487
2 1 846 1 1166
2 1 1165 1 1485
2 1 1164 1 1484
2 1 1419 1 1739
2 1 842 1 1162
2 1 1161 1 1481
2 1 1160 1 1480
2 1 839 1 1159
2 1 1158 1 1478
2 1 1728 1 2048
2 1 1215 1 1535
2 1 1022 1 1342
2 1 1022 1 1662
2 1 1342 1 1662
2 1 766 1 2046
2 1 766 1 1086
2 1 1086 1 2046
2 1 1156 1 1476
2 1 959 1 2239
2 1 1919 1 2239
2 1 959 1 1919
2 1 765 1 2045
2 1 1340 1 1660
2 1 1020 1 1340
2 1 1020 1 1660
2 1 1789 1 2109
2 1 957 1 1917
2 1 1917 1 2237
2 1 957 1 2237
2 1 1788 1 2108
2 1 1083 1 2043
2 1 763 1 2043
2 1 763 1 1083
2 1 1916 1 2236
2 1 762 1 2042
2 1 1915 1 2235
2 1 954 1 2234
2 1 1914 1 2234
2 1 954 1 1914
2 1 1017 1 1657
2 1 1786 1 2106
2 1 890 1 1530
2 1 761 1 1081
2 1 760 1 2040
2 1 1080 1 2040
2 1 760 1 1080
2 1 1913 1 2233
2 1 952 1 2232
2 1 1912 1 2232
2 1 952 1 1912
2 1 1079 1 2039
2 1 951 1 1911
2 1 1910 1 2230
2 1 950 1 2230
2 1 950 1 1910
2 1 886 1 1526
2 1 1077 1 2037
2 1 948 1 2228
2 1 947 1 2227
2 1 1203 1 1523
2 1 883 1 1203
2 1 883 1 1523
2 1 754 1 1074
2 1 1010 1 1650
2 1 1458 1 2098
2 1 1906 1 2226
2 1 1008 1 1328
2 1 1328 1 1648
2 1 1008 1 1648
2 1 1072 1 2032
2 1 945 1 1905
2 1 1904 1 2224
2 1 879 1 1199
2 1 1199 1 1519
2 1 879 1 1519
2 1 943 1 2223
2 1 943 1 1903
2 1 1903 1 2223
2 1 1070 1 2030
2 1 749 1 1069
2 1 941 1 2221
2 1 748 1 1068
2 1 1068 1 2028
2 1 748 1 2028
2 1 940 1 1900
2 1 940 1 2220
2 1 1900 1 2220
2 1 747 1 1067
2 1 939 1 2219
2 1 1899 1 2219
2 1 939 1 1899
2 1 1066 1 2026
2 1 938 1 2218
2 1 1897 1 2217
2 1 937 1 2217
2 1 937 1 1897
2 1 1000 1 1320
2 1 1449 1 1769
2 1 873 1 1193
2 1 873 1 1513
2 1 1193 1 1513
2 1 744 1 1064
2 1 1448 1 1768
2 1 1448 1 2088
2 1 1768 1 2088
2 1 1063 1 2023
2 1 1447 1 1767
2 1 742 1 1062
2 1 935 1 2215
2 1 741 1 1061
2 1 934 1 2214
2 1 1893 1 2213
2 1 933 1 1893
2 1 933 1 2213
2 1 1060 1 2020
2 1 740 1 1060
2 1 740 1 2020
2 1 932 1 2212
2 1 932 1 1892
2 1 1892 1 2212
2 1 1059 1 2019
2 1 739 1 1059
2 1 739 1 2019
2 1 931 1 2211
2 1 738 1 1058
2 1 1890 1 2210
2 1 930 1 1890
2 1 930 1 2210
2 1 737 1 1057
2 1 1761 1 2081
2 1 929 1 2209
2 1 736 1 2016
2 1 1056 1 2016
2 1 736 1 1056
2 1 735 1 1055
2 1 928 1 1888
2 1 1888 1 2208
2 1 928 1 2208
2 1 927 1 2207
2 1 734 1 1054
2 1 926 1 1886
2 1 1438 1 1758
2 1 1758 1 2078
2 1 1438 1 2078
2 1 733 1 1053
2 1 925 1 1885
2 1 925 1 2205
2 1 1885 1 2205
2 1 924 1 2204
2 1 1436 1 2076
2 1 1756 1 2076
2 1 1436 1 1756
2 1 731 1 1051
2 1 1435 1 2075
2 1 1755 1 2075
2 1 1435 1 1755
2 1 730 1 1050
2 1 923 1 2203
2 1 1883 1 2203
2 1 923 1 1883
2 1 729 1 1049
2 1 922 1 2202
2 1 920 1 1880
2 1 1880 1 2200
2 1 920 1 2200
2 1 856 1 1496
2 1 856 1 1176
2 1 1176 1 1496
2 1 727 1 1047
2 1 1301 1 1621
2 1 1749 1 2069
2 1 1172 1 1492
2 1 1043 1 2003
2 1 916 1 1876
2 1 916 1 2196
2 1 1876 1 2196
2 1 1297 1 1617
2 1 977 1 1297
2 1 977 1 1617
2 1 1170 1 1490
2 1 721 1 2001
2 1 849 1 1169
2 1 720 1 1040
2 1 1040 1 2000
2 1 720 1 2000
2 1 1744 1 2064
2 1 1039 1 1999
2 1 718 1 1038
2 1 911 1 2191
2 1 1742 1 2062
2 1 910 1 2190
2 1 717 1 1037
2 1 1037 1 1997
2 1 717 1 1997
2 1 1421 1 2061
2 1 909 1 2189
2 1 1036 1 1996
2 1 715 1 1995
2 1 843 1 1483
2 1 843 1 1163
2 1 1163 1 1483
2 1 1290 1 1610
2 1 714 1 1034
2 1 1418 1 2058
2 1 713 1 1033
2 1 713 1 1993
2 1 1033 1 1993
2 1 1737 1 2057
2 1 712 1 1992
2 1 1032 1 1992
2 1 712 1 1032
2 1 711 1 1991
2 1 1031 1 1991
2 1 711 1 1031
2 1 904 1 2184
2 1 1735 1 2055
2 1 903 1 1863
2 1 903 1 2183
2 1 1863 1 2183
2 1 1030 1 1990
2 1 710 1 1030
2 1 710 1 1990
2 1 709 1 1029
2 1 1029 1 1989
2 1 709 1 1989
2 1 902 1 2182
2 1 1413 1 2053
2 1 1413 1 1733
2 1 1733 1 2053
2 1 708 1 1028
2 1 1028 1 1988
2 1 708 1 1988
2 1 901 1 1861
2 1 1861 1 2181
2 1 901 1 2181
2 1 1412 1 1732
2 1 707 1 1987
2 1 1027 1 1987
2 1 707 1 1027
2 1 1860 1 2180
2 1 900 1 1860
2 1 900 1 2180
2 1 1731 1 2051
2 1 706 1 1026
2 1 1026 1 1986
2 1 706 1 1986
2 1 899 1 1859
2 1 1859 1 2179
2 1 899 1 2179
2 1 1730 1 2050
2 1 898 1 2178
2 1 1409 1 2049
2 1 1729 1 2049
2 1 1409 1 1729
2 1 1153 1 1473
2 1 960 1 1600
2 1 704 1 1024
2 1 1856 1 2176
2 1 897 1 2177
2 1 897 1 1857
2 1 1857 1 2177
