614 2240
2 1 1470 1 2110
2 1 1463 1 2103
2 1 1459 1 2099
2 1 1774 1 2094
2 1 1454 1 2094
2 1 1454 1 1774
2 1 1782 1 2102
2 1 1441 1 2081
2 1 1773 1 2093
2 1 1757 1 2077
2 1 1436 1 2076
2 1 1432 1 2072
2 1 1752 1 2072
2 1 1432 1 1752
2 1 1438 1 2078
2 1 1758 1 2078
2 1 1438 1 1758
2 1 1429 1 2069
2 1 1429 1 1749
2 1 1749 1 2069
2 1 1421 1 2061
2 1 1741 1 2061
2 1 1421 1 1741
2 1 1417 1 2057
2 1 1417 1 1737
2 1 1740 1 2060
2 1 1737 1 2057
2 1 1420 1 1740
2 1 1416 1 2056
2 1 1415 1 2055
2 1 1415 1 1735
2 1 1735 1 2055
2 1 1420 1 2060
2 1 1411 1 1731
2 1 1411 1 2051
2 1 1731 1 2051
2 1 1408 1 2048
2 1 974 1 1294
2 1 1422 1 1742
2 1 973 1 1613
2 1 968 1 1608
2 1 1343 1 1663
2 1 1023 1 1663
2 1 1023 1 1343
2 1 1335 1 1655
2 1 1333 1 1653
2 1 1011 1 1331
2 1 1326 1 1646
2 1 1327 1 1647
2 1 1006 1 1646
2 1 1324 1 1644
2 1 1006 1 1326
2 1 1004 1 1324
2 1 1004 1 1644
2 1 1322 1 1642
2 1 1002 1 1322
2 1 1002 1 1642
2 1 989 1 1629
2 1 1308 1 1628
2 1 988 1 1308
2 1 988 1 1628
2 1 986 1 1306
2 1 985 1 1305
2 1 1434 1 1754
2 1 1433 1 1753
2 1 1431 1 1751
2 1 835 1 1475
2 1 1410 1 2050
2 1 1305 1 1625
2 1 1410 1 1730
2 1 1730 1 2050
2 1 833 1 1153
2 1 985 1 1625
2 1 833 1 1473
2 1 1153 1 1473
2 1 1215 1 1535
2 1 895 1 1215
2 1 1022 1 1342
2 1 1022 1 1662
2 1 1342 1 1662
2 1 895 1 1535
2 1 1212 1 1532
2 1 1466 1 2106
2 1 1019 1 1659
2 1 1339 1 1659
2 1 1019 1 1339
2 1 1465 1 1785
2 1 888 1 1208
2 1 887 1 1207
2 1 1206 1 1526
2 1 886 1 1526
2 1 886 1 1206
2 1 1334 1 1654
2 1 882 1 1202
2 1 1202 1 1522
2 1 882 1 1522
2 1 884 1 1204
2 1 1330 1 1650
2 1 1010 1 1650
2 1 1010 1 1330
2 1 1200 1 1520
2 1 1199 1 1519
2 1 877 1 1197
2 1 1197 1 1517
2 1 877 1 1517
2 1 1005 1 1325
2 1 1195 1 1515
2 1 1193 1 1513
2 1 872 1 1192
2 1 1447 1 2087
2 1 1000 1 1320
2 1 1763 1 2083
2 1 996 1 1316
2 1 996 1 1636
2 1 1316 1 1636
2 1 866 1 1506
2 1 1440 1 1760
2 1 1185 1 1505
2 1 1312 1 1632
2 1 861 1 1501
2 1 1181 1 1501
2 1 861 1 1181
2 1 860 1 1500
2 1 860 1 1180
2 1 1180 1 1500
2 1 859 1 1499
2 1 856 1 1176
2 1 855 1 1495
2 1 1748 1 2068
2 1 1427 1 2067
2 1 1747 1 2067
2 1 980 1 1620
2 1 1173 1 1493
2 1 1427 1 1747
2 1 850 1 1490
2 1 850 1 1170
2 1 1170 1 1490
2 1 1297 1 1617
2 1 977 1 1297
2 1 977 1 1617
2 1 1424 1 1744
2 1 846 1 1166
2 1 844 1 1484
2 1 972 1 1612
2 1 845 1 1165
2 1 971 1 1611
2 1 1291 1 1611
2 1 971 1 1291
2 1 840 1 1480
2 1 840 1 1160
2 1 1160 1 1480
2 1 839 1 1159
2 1 1159 1 1479
2 1 839 1 1479
2 1 967 1 1287
2 1 1413 1 2053
2 1 1733 1 2053
2 1 1413 1 1733
2 1 966 1 1606
2 1 1732 1 2052
2 1 767 1 1087
2 1 767 1 2047
2 1 1087 1 2047
2 1 959 1 1919
2 1 1471 1 1791
2 1 765 1 2045
2 1 958 1 2238
2 1 1789 1 2109
2 1 1469 1 1789
2 1 1469 1 2109
2 1 893 1 1533
2 1 1213 1 1533
2 1 893 1 1213
2 1 1020 1 1340
2 1 763 1 2043
2 1 1467 1 1787
2 1 1018 1 1338
2 1 1018 1 1658
2 1 1338 1 1658
2 1 1337 1 1657
2 1 1914 1 2234
2 1 1016 1 1656
2 1 1016 1 1336
2 1 1336 1 1656
2 1 889 1 1529
2 1 889 1 1209
2 1 1209 1 1529
2 1 760 1 1080
2 1 1080 1 2040
2 1 760 1 2040
2 1 759 1 1079
2 1 759 1 2039
2 1 1079 1 2039
2 1 951 1 2231
2 1 1078 1 2038
2 1 758 1 1078
2 1 758 1 2038
2 1 757 1 2037
2 1 1332 1 1652
2 1 885 1 1525
2 1 1205 1 1525
2 1 885 1 1205
2 1 949 1 1909
2 1 1909 1 2229
2 1 949 1 2229
2 1 756 1 1076
2 1 1076 1 2036
2 1 756 1 2036
2 1 755 1 1075
2 1 1074 1 2034
2 1 754 1 1074
2 1 754 1 2034
2 1 947 1 1907
2 1 947 1 2227
2 1 1907 1 2227
2 1 1778 1 2098
2 1 1458 1 2098
2 1 1458 1 1778
2 1 753 1 2033
2 1 1457 1 2097
2 1 1457 1 1777
2 1 1777 1 2097
2 1 1201 1 1521
2 1 752 1 2032
2 1 1072 1 2032
2 1 752 1 1072
2 1 945 1 2225
2 1 945 1 1905
2 1 1905 1 2225
2 1 1776 1 2096
2 1 1456 1 1776
2 1 1456 1 2096
2 1 751 1 2031
2 1 1071 1 2031
2 1 751 1 1071
2 1 1455 1 2095
2 1 750 1 1070
2 1 1903 1 2223
2 1 943 1 1903
2 1 943 1 2223
2 1 1069 1 2029
2 1 749 1 2029
2 1 749 1 1069
2 1 1901 1 2221
2 1 941 1 1901
2 1 941 1 2221
2 1 748 1 2028
2 1 1452 1 2092
2 1 876 1 1516
2 1 940 1 2220
2 1 1900 1 2220
2 1 940 1 1900
2 1 747 1 2027
2 1 747 1 1067
2 1 1067 1 2027
2 1 1770 1 2090
2 1 745 1 1065
2 1 938 1 1898
2 1 744 1 1064
2 1 1064 1 2024
2 1 744 1 2024
2 1 1897 1 2217
2 1 1896 1 2216
2 1 936 1 1896
2 1 936 1 2216
2 1 998 1 1638
2 1 1318 1 1638
2 1 998 1 1318
2 1 871 1 1191
2 1 742 1 2022
2 1 1446 1 1766
2 1 1446 1 2086
2 1 1766 1 2086
2 1 870 1 1510
2 1 870 1 1190
2 1 1190 1 1510
2 1 1317 1 1637
2 1 997 1 1637
2 1 997 1 1317
2 1 1061 1 2021
2 1 740 1 2020
2 1 1893 1 2213
2 1 932 1 1892
2 1 995 1 1315
2 1 1764 1 2084
2 1 1187 1 1507
2 1 738 1 1058
2 1 1058 1 2018
2 1 738 1 2018
2 1 1891 1 2211
2 1 1762 1 2082
2 1 1442 1 2082
2 1 1442 1 1762
2 1 1057 1 2017
2 1 737 1 1057
2 1 737 1 2017
2 1 736 1 2016
2 1 929 1 2209
2 1 929 1 1889
2 1 1889 1 2209
2 1 928 1 1888
2 1 864 1 1504
2 1 735 1 2015
2 1 1887 1 2207
2 1 990 1 1630
2 1 1310 1 1630
2 1 990 1 1310
2 1 863 1 1183
2 1 1054 1 2014
2 1 1053 1 2013
2 1 925 1 2205
2 1 1052 1 2012
2 1 732 1 1052
2 1 732 1 2012
2 1 1884 1 2204
2 1 924 1 1884
2 1 924 1 2204
2 1 1051 1 2011
2 1 923 1 1883
2 1 730 1 2010
2 1 1050 1 2010
2 1 730 1 1050
2 1 1049 1 2009
2 1 1882 1 2202
2 1 922 1 2202
2 1 922 1 1882
2 1 1881 1 2201
2 1 921 1 2201
2 1 921 1 1881
2 1 1048 1 2008
2 1 728 1 2008
2 1 728 1 1048
2 1 1880 1 2200
2 1 920 1 2200
2 1 920 1 1880
2 1 919 1 2199
2 1 726 1 2006
2 1 1878 1 2198
2 1 918 1 1878
2 1 918 1 2198
2 1 1750 1 2070
2 1 1430 1 2070
2 1 1430 1 1750
2 1 854 1 1174
2 1 1301 1 1621
2 1 981 1 1621
2 1 981 1 1301
2 1 725 1 1045
2 1 1877 1 2197
2 1 916 1 2196
2 1 1876 1 2196
2 1 916 1 1876
2 1 979 1 1619
2 1 979 1 1299
2 1 1299 1 1619
2 1 852 1 1172
2 1 852 1 1492
2 1 1172 1 1492
2 1 1875 1 2195
2 1 978 1 1298
2 1 851 1 1491
2 1 1042 1 2002
2 1 1874 1 2194
2 1 1426 1 1746
2 1 721 1 1041
2 1 1041 1 2001
2 1 721 1 2001
2 1 1745 1 2065
2 1 1425 1 1745
2 1 1425 1 2065
2 1 913 1 2193
2 1 913 1 1873
2 1 1873 1 2193
2 1 975 1 1615
2 1 1295 1 1615
2 1 975 1 1295
2 1 1039 1 1999
2 1 719 1 1039
2 1 719 1 1999
2 1 912 1 2192
2 1 1872 1 2192
2 1 912 1 1872
2 1 1871 1 2191
2 1 1038 1 1998
2 1 718 1 1038
2 1 718 1 1998
2 1 1870 1 2190
2 1 910 1 1870
2 1 910 1 2190
2 1 717 1 1997
2 1 1037 1 1997
2 1 717 1 1037
2 1 909 1 1869
2 1 1869 1 2189
2 1 909 1 2189
2 1 908 1 2188
2 1 1868 1 2188
2 1 908 1 1868
2 1 715 1 1995
2 1 907 1 2187
2 1 1290 1 1610
2 1 970 1 1290
2 1 970 1 1610
2 1 1739 1 2059
2 1 843 1 1483
2 1 1162 1 1482
2 1 1866 1 2186
2 1 904 1 2184
2 1 711 1 1031
2 1 710 1 1990
2 1 1862 1 2182
2 1 902 1 2182
2 1 902 1 1862
2 1 838 1 1158
2 1 1158 1 1478
2 1 838 1 1478
2 1 1285 1 1605
2 1 965 1 1605
2 1 965 1 1285
2 1 1860 1 2180
2 1 707 1 1027
2 1 963 1 1283
2 1 836 1 1156
2 1 1156 1 1476
2 1 836 1 1476
2 1 1859 1 2179
2 1 834 1 1474
2 1 1154 1 1474
2 1 834 1 1154
2 1 898 1 1858
2 1 898 1 2178
2 1 1858 1 2178
2 1 1025 1 1985
2 1 705 1 1025
2 1 705 1 1985
2 1 1857 1 2177
2 1 704 1 1984
2 1 704 1 1024
2 1 1024 1 1984
3 1 559 1 819 1 2099
3 1 559 1 819 1 1459
3 1 421 1 1470 1 1790
3 1 421 1 1790 1 2110
3 1 570 1 830 1 2110
3 1 378 1 707 1 1347
3 1 597 1 1273 1 1913
3 1 570 1 766 1 1086
3 1 486 1 975 1 1935
3 1 610 1 1222 1 2182
3 1 486 1 1295 1 1935
3 1 486 1 1615 1 1935
3 1 423 1 1728 1 2048
3 1 423 1 1408 1 1728
3 1 572 1 768 1 1408
3 1 572 1 768 1 2048
3 1 553 1 813 1 2093
3 1 472 1 1281 1 1921
3 1 553 1 813 1 1773
3 1 541 1 801 1 1441
3 1 425 1 834 1 1794
3 1 541 1 801 1 2081
3 1 392 1 1441 1 1761
3 1 392 1 1761 1 2081
3 1 410 1 1779 1 2099
3 1 410 1 1459 1 1779
3 1 425 1 1474 1 1794
3 1 387 1 1756 1 2076
3 1 387 1 1436 1 1756
3 1 562 1 822 1 1782
3 1 323 1 1292 1 1612
3 1 414 1 1783 1 2103
3 1 425 1 1154 1 1794
3 1 509 1 1894 1 2214
3 1 607 1 835 1 1155
3 1 458 1 1011 1 1971
3 1 458 1 1331 1 1971
3 1 554 1 814 1 1774
3 1 554 1 814 1 1454
3 1 554 1 814 1 2094
3 1 619 1 1231 1 2191
3 1 538 1 798 1 2078
3 1 531 1 791 1 1431
3 1 605 1 1217 1 1857
3 1 338 1 1307 1 1627
3 1 619 1 1231 1 1871
3 1 414 1 1463 1 1783
3 1 532 1 792 1 1432
3 1 531 1 791 1 1751
3 1 610 1 902 1 1222
3 1 464 1 1913 1 2233
3 1 578 1 1254 1 1894
3 1 610 1 1222 1 1862
3 1 532 1 792 1 2072
3 1 532 1 792 1 1752
3 1 538 1 798 1 1758
3 1 538 1 798 1 1438
3 1 373 1 1086 1 1406
3 1 620 1 912 1 1232
3 1 570 1 830 1 1470
3 1 562 1 822 1 2102
3 1 563 1 823 1 1463
3 1 496 1 1625 1 1945
3 1 377 1 1282 1 1602
3 1 563 1 823 1 2103
3 1 542 1 802 1 1442
3 1 635 1 1247 1 1887
3 1 496 1 1305 1 1945
3 1 537 1 797 1 2077
3 1 542 1 802 1 2082
3 1 635 1 1247 1 2207
3 1 529 1 789 1 1429
3 1 605 1 1217 1 2177
3 1 537 1 797 1 1757
3 1 529 1 789 1 1749
3 1 536 1 796 1 1436
3 1 496 1 985 1 1945
3 1 633 1 925 1 1245
3 1 529 1 789 1 2069
3 1 624 1 1236 1 1876
3 1 536 1 796 1 2076
3 1 522 1 782 1 1422
3 1 444 1 1493 1 1813
3 1 542 1 802 1 1762
3 1 629 1 857 1 1177
3 1 417 1 1466 1 1786
3 1 534 1 794 1 1754
3 1 442 1 851 1 1811
3 1 534 1 794 1 1434
3 1 501 1 1630 1 1950
3 1 638 1 1250 1 2210
3 1 501 1 990 1 1950
3 1 620 1 1168 1 1488
3 1 556 1 816 1 1456
3 1 501 1 1310 1 1950
3 1 574 1 770 1 1410
3 1 489 1 1298 1 1938
3 1 603 1 959 1 1279
3 1 575 1 771 1 1731
3 1 575 1 771 1 2051
3 1 473 1 1602 1 1922
3 1 609 1 837 1 1157
3 1 615 1 1227 1 2187
3 1 398 1 1191 1 1831
3 1 524 1 784 1 1744
3 1 600 1 1276 1 2236
3 1 503 1 1632 1 1952
3 1 575 1 771 1 1411
3 1 513 1 709 1 1989
3 1 612 1 1224 1 2184
3 1 530 1 790 1 2070
3 1 326 1 1039 1 1359
3 1 520 1 716 1 1036
3 1 615 1 907 1 1227
3 1 636 1 864 1 1184
3 1 636 1 1184 1 1504
3 1 607 1 1155 1 1475
3 1 620 1 1232 1 1872
3 1 370 1 763 1 1403
3 1 525 1 785 1 2065
3 1 348 1 1381 1 2021
3 1 618 1 1230 1 1870
3 1 426 1 835 1 1795
3 1 348 1 1061 1 1381
3 1 602 1 1278 1 2238
3 1 336 1 1369 1 2009
3 1 439 1 1488 1 1808
3 1 483 1 972 1 1932
3 1 371 1 1084 1 1404
3 1 603 1 1279 1 1919
3 1 546 1 806 1 2086
3 1 340 1 1373 1 2013
3 1 627 1 1175 1 1495
3 1 587 1 1263 1 2223
3 1 380 1 1349 1 1989
3 1 441 1 1490 1 1810
3 1 378 1 1027 1 1347
3 1 426 1 1475 1 1795
3 1 623 1 1171 1 1491
3 1 441 1 1170 1 1810
3 1 441 1 850 1 1810
3 1 549 1 809 1 1769
3 1 611 1 903 1 1223
3 1 593 1 949 1 1269
3 1 367 1 1400 1 2040
3 1 470 1 959 1 2239
3 1 523 1 783 1 1743
3 1 564 1 824 1 1784
3 1 567 1 827 1 1467
3 1 545 1 741 1 1061
3 1 616 1 844 1 1164
3 1 522 1 782 1 1742
3 1 607 1 1219 1 1859
3 1 514 1 774 1 1414
3 1 417 1 1210 1 1850
3 1 622 1 1234 1 2194
3 1 351 1 744 1 1384
3 1 531 1 727 1 1047
3 1 607 1 1219 1 2179
3 1 429 1 1414 1 1734
3 1 622 1 1234 1 1874
3 1 624 1 916 1 1236
3 1 397 1 1510 1 1830
3 1 478 1 903 1 2183
3 1 503 1 1312 1 1952
3 1 343 1 736 1 1376
3 1 436 1 845 1 1805
3 1 624 1 1236 1 2196
3 1 494 1 1303 1 1943
3 1 382 1 711 1 1351
3 1 384 1 857 1 1817
3 1 374 1 1087 1 1407
3 1 623 1 851 1 1171
3 1 385 1 1178 1 1818
3 1 528 1 788 1 1748
