611 2240
2 1 1466 1 1786
2 1 1786 1 2106
2 1 1466 1 2106
2 1 1463 1 1783
2 1 1463 1 2103
2 1 1783 1 2103
2 1 1774 1 2094
2 1 1454 1 2094
2 1 1773 1 2093
2 1 1454 1 1774
2 1 1766 1 2086
2 1 1446 1 2086
2 1 1446 1 1766
2 1 1445 1 1765
2 1 1445 1 2085
2 1 1765 1 2085
2 1 1753 1 2073
2 1 1433 1 2073
2 1 1433 1 1753
2 1 1432 1 2072
2 1 1748 1 2068
2 1 1428 1 1748
2 1 1428 1 2068
2 1 1743 1 2063
2 1 1423 1 2063
2 1 1426 1 1746
2 1 1423 1 1743
2 1 1746 1 2066
2 1 1742 1 2062
2 1 1422 1 1742
2 1 1426 1 2066
2 1 1422 1 2062
2 1 1731 1 2051
2 1 1416 1 1736
2 1 1412 1 1732
2 1 1471 1 1791
2 1 1340 1 1660
2 1 1020 1 1340
2 1 1020 1 1660
2 1 1018 1 1338
2 1 1018 1 1658
2 1 1022 1 1342
2 1 1016 1 1336
2 1 1338 1 1658
2 1 1013 1 1653
2 1 1013 1 1333
2 1 1333 1 1653
2 1 1007 1 1647
2 1 1327 1 1647
2 1 1456 1 1776
2 1 1007 1 1327
2 1 1005 1 1645
2 1 998 1 1318
2 1 1442 1 1762
2 1 985 1 1625
2 1 985 1 1305
2 1 1305 1 1625
2 1 1439 1 1759
2 1 979 1 1299
2 1 990 1 1310
2 1 979 1 1619
2 1 1299 1 1619
2 1 1297 1 1617
2 1 977 1 1297
2 1 977 1 1617
2 1 835 1 1155
2 1 834 1 1474
2 1 1409 1 2049
2 1 1282 1 1602
2 1 893 1 1213
2 1 1211 1 1531
2 1 1210 1 1530
2 1 1729 1 2049
2 1 1409 1 1729
2 1 1781 1 2101
2 1 1334 1 1654
2 1 1014 1 1654
2 1 1014 1 1334
2 1 884 1 1204
2 1 884 1 1524
2 1 1204 1 1524
2 1 886 1 1206
2 1 1011 1 1331
2 1 889 1 1529
2 1 1206 1 1526
2 1 1455 1 2095
2 1 886 1 1526
2 1 878 1 1518
2 1 889 1 1209
2 1 1198 1 1518
2 1 1209 1 1529
2 1 1283 1 1603
2 1 963 1 1283
2 1 963 1 1603
2 1 878 1 1198
2 1 877 1 1517
2 1 876 1 1196
2 1 876 1 1516
2 1 1196 1 1516
2 1 1324 1 1644
2 1 1450 1 2090
2 1 1323 1 1643
2 1 1003 1 1643
2 1 1003 1 1323
2 1 1769 1 2089
2 1 1449 1 1769
2 1 1449 1 2089
2 1 871 1 1191
2 1 1448 1 1768
2 1 1190 1 1510
2 1 869 1 1189
2 1 869 1 1509
2 1 1189 1 1509
2 1 1764 1 2084
2 1 1317 1 1637
2 1 997 1 1317
2 1 997 1 1637
2 1 1763 1 2083
2 1 1443 1 1763
2 1 1443 1 2083
2 1 996 1 1316
2 1 1441 1 1761
2 1 864 1 1184
2 1 1311 1 1631
2 1 1435 1 1755
2 1 856 1 1176
2 1 1304 1 1624
2 1 1176 1 1496
2 1 983 1 1623
2 1 856 1 1496
2 1 1186 1 1506
2 1 853 1 1173
2 1 852 1 1172
2 1 980 1 1620
2 1 980 1 1300
2 1 1300 1 1620
2 1 866 1 1186
2 1 1169 1 1489
2 1 1167 1 1487
2 1 846 1 1486
2 1 1294 1 1614
2 1 973 1 1613
2 1 849 1 1489
2 1 849 1 1169
2 1 1419 1 1739
2 1 1419 1 2059
2 1 1739 1 2059
2 1 1160 1 1480
2 1 866 1 1506
2 1 1414 1 2054
2 1 1413 1 2053
2 1 1733 1 2053
2 1 1413 1 1733
2 1 836 1 1156
2 1 767 1 1087
2 1 1023 1 1663
2 1 1470 1 1790
2 1 832 1 1472
2 1 1156 1 1476
2 1 836 1 1476
2 1 766 1 2046
2 1 958 1 2238
2 1 1085 1 2045
2 1 765 1 1085
2 1 765 1 2045
2 1 1917 1 2237
2 1 1469 1 1789
2 1 1084 1 2044
2 1 764 1 2044
2 1 764 1 1084
2 1 1468 1 2108
2 1 1468 1 1788
2 1 1788 1 2108
2 1 1083 1 2043
2 1 956 1 2236
2 1 956 1 1916
2 1 1916 1 2236
2 1 1082 1 2042
2 1 762 1 1082
2 1 762 1 2042
2 1 955 1 2235
2 1 955 1 1915
2 1 1915 1 2235
2 1 1081 1 2041
2 1 954 1 1914
2 1 953 1 2233
2 1 1913 1 2233
2 1 953 1 1913
2 1 760 1 2040
2 1 1335 1 1655
2 1 1464 1 1784
2 1 888 1 1208
2 1 1912 1 2232
2 1 952 1 1912
2 1 952 1 2232
2 1 1079 1 2039
2 1 758 1 1078
2 1 950 1 2230
2 1 1910 1 2230
2 1 950 1 1910
2 1 949 1 1909
2 1 885 1 1205
2 1 756 1 1076
2 1 1012 1 1332
2 1 1459 1 1779
2 1 1780 1 2100
2 1 1908 1 2228
2 1 755 1 2035
2 1 1010 1 1330
2 1 1010 1 1650
2 1 1330 1 1650
2 1 1203 1 1523
2 1 947 1 2227
2 1 1906 1 2226
2 1 1329 1 1649
2 1 1009 1 1329
2 1 1009 1 1649
2 1 1778 1 2098
2 1 1458 1 1778
2 1 1458 1 2098
2 1 882 1 1202
2 1 1073 1 2033
2 1 753 1 2033
2 1 753 1 1073
2 1 752 1 2032
2 1 752 1 1072
2 1 1072 1 2032
2 1 1905 1 2225
2 1 944 1 1904
2 1 1904 1 2224
2 1 944 1 2224
2 1 943 1 2223
2 1 943 1 1903
2 1 1903 1 2223
2 1 1006 1 1646
2 1 879 1 1199
2 1 1070 1 2030
2 1 750 1 1070
2 1 750 1 2030
2 1 749 1 2029
2 1 1069 1 2029
2 1 749 1 1069
2 1 1901 1 2221
2 1 941 1 2221
2 1 941 1 1901
2 1 1068 1 2028
2 1 748 1 2028
2 1 748 1 1068
2 1 1900 1 2220
2 1 940 1 1900
2 1 940 1 2220
2 1 939 1 1899
2 1 1001 1 1321
2 1 873 1 1193
2 1 1193 1 1513
2 1 873 1 1513
2 1 872 1 1512
2 1 1192 1 1512
2 1 872 1 1192
2 1 743 1 2023
2 1 1063 1 2023
2 1 743 1 1063
2 1 1447 1 1767
2 1 1767 1 2087
2 1 1447 1 2087
2 1 1895 1 2215
2 1 1062 1 2022
2 1 741 1 1061
2 1 1061 1 2021
2 1 741 1 2021
2 1 934 1 2214
2 1 933 1 1893
2 1 1893 1 2213
2 1 933 1 2213
2 1 868 1 1508
2 1 1892 1 2212
2 1 932 1 2212
2 1 932 1 1892
2 1 867 1 1187
2 1 867 1 1507
2 1 1187 1 1507
2 1 738 1 1058
2 1 1890 1 2210
2 1 929 1 1889
2 1 929 1 2209
2 1 1889 1 2209
2 1 992 1 1632
2 1 992 1 1312
2 1 1312 1 1632
2 1 865 1 1185
2 1 736 1 2016
2 1 736 1 1056
2 1 1056 1 2016
2 1 1888 1 2208
2 1 735 1 1055
2 1 1055 1 2015
2 1 735 1 2015
2 1 927 1 2207
2 1 734 1 2014
2 1 926 1 1886
2 1 926 1 2206
2 1 1886 1 2206
2 1 862 1 1182
2 1 1053 1 2013
2 1 989 1 1309
2 1 1757 1 2077
2 1 1437 1 1757
2 1 1437 1 2077
2 1 732 1 2012
2 1 987 1 1307
2 1 1180 1 1500
2 1 731 1 2011
2 1 924 1 2204
2 1 986 1 1626
2 1 986 1 1306
2 1 1306 1 1626
2 1 730 1 1050
2 1 1882 1 2202
2 1 1049 1 2009
2 1 729 1 1049
2 1 729 1 2009
2 1 921 1 1881
2 1 920 1 2200
2 1 920 1 1880
2 1 1880 1 2200
2 1 727 1 2007
2 1 1302 1 1622
2 1 1751 1 2071
2 1 1175 1 1495
2 1 855 1 1175
2 1 855 1 1495
2 1 919 1 1879
2 1 726 1 2006
2 1 1174 1 1494
2 1 725 1 1045
2 1 724 1 1044
2 1 916 1 2196
2 1 916 1 1876
2 1 1876 1 2196
2 1 915 1 1875
2 1 1875 1 2195
2 1 915 1 2195
2 1 978 1 1298
2 1 851 1 1491
2 1 1042 1 2002
2 1 722 1 2002
2 1 722 1 1042
2 1 721 1 2001
2 1 1041 1 2001
2 1 721 1 1041
2 1 1874 1 2194
2 1 1745 1 2065
2 1 1425 1 2065
2 1 1425 1 1745
2 1 913 1 2193
2 1 913 1 1873
2 1 1873 1 2193
2 1 720 1 1040
2 1 1744 1 2064
2 1 1039 1 1999
2 1 719 1 1039
2 1 719 1 1999
2 1 1872 1 2192
2 1 912 1 1872
2 1 912 1 2192
2 1 1038 1 1998
2 1 1871 1 2191
2 1 718 1 1038
2 1 911 1 2191
2 1 718 1 1998
2 1 911 1 1871
2 1 910 1 2190
2 1 717 1 1997
2 1 909 1 2189
2 1 1869 1 2189
2 1 909 1 1869
2 1 845 1 1485
2 1 1165 1 1485
2 1 845 1 1165
2 1 972 1 1292
2 1 844 1 1164
2 1 971 1 1611
2 1 715 1 1995
2 1 843 1 1483
2 1 1163 1 1483
2 1 843 1 1163
2 1 970 1 1290
2 1 1290 1 1610
2 1 970 1 1610
2 1 1866 1 2186
2 1 1289 1 1609
2 1 969 1 1289
2 1 969 1 1609
2 1 1162 1 1482
2 1 842 1 1482
2 1 842 1 1162
2 1 712 1 1992
2 1 712 1 1032
2 1 1032 1 1992
2 1 968 1 1288
2 1 903 1 2183
2 1 839 1 1159
2 1 710 1 1990
2 1 966 1 1286
2 1 838 1 1158
2 1 709 1 1989
2 1 964 1 1604
2 1 1284 1 1604
2 1 964 1 1284
2 1 1028 1 1988
2 1 708 1 1988
2 1 708 1 1028
2 1 1157 1 1477
2 1 837 1 1477
2 1 837 1 1157
2 1 707 1 1027
2 1 899 1 2179
2 1 1859 1 2179
2 1 899 1 1859
2 1 706 1 1986
2 1 1026 1 1986
2 1 706 1 1026
2 1 1730 1 2050
2 1 898 1 2178
2 1 898 1 1858
2 1 1858 1 2178
2 1 705 1 1985
2 1 1153 1 1473
2 1 704 1 1984
2 1 1857 1 2177
2 1 897 1 1857
2 1 897 1 2177
3 1 594 1 1270 1 2230
3 1 566 1 826 1 2106
3 1 504 1 1633 1 1953
3 1 566 1 826 1 1466
3 1 381 1 710 1 1350
3 1 344 1 1313 1 1633
3 1 567 1 827 1 2107
3 1 418 1 1787 1 2107
3 1 617 1 1229 1 2189
3 1 566 1 826 1 1786
3 1 545 1 805 1 1445
3 1 584 1 1260 1 2220
3 1 615 1 1227 1 1867
3 1 594 1 950 1 1270
3 1 472 1 1281 1 1921
3 1 545 1 805 1 1765
3 1 482 1 1867 1 2187
3 1 545 1 805 1 2085
3 1 513 1 773 1 1413
3 1 614 1 1226 1 1866
3 1 594 1 1270 1 1910
3 1 609 1 1221 1 1861
3 1 614 1 1226 1 2186
3 1 381 1 1350 1 1990
3 1 617 1 909 1 1229
3 1 531 1 791 1 1751
3 1 630 1 858 1 1178
3 1 337 1 1050 1 1370
3 1 322 1 715 1 1355
3 1 478 1 1287 1 1927
3 1 390 1 863 1 1823
3 1 513 1 773 1 2053
3 1 337 1 730 1 1370
3 1 370 1 1019 1 1339
3 1 513 1 773 1 1733
3 1 584 1 1260 1 1900
3 1 327 1 976 1 1296
3 1 487 1 976 1 1936
3 1 637 1 929 1 1249
3 1 541 1 801 1 1761
3 1 604 1 1216 1 2176
3 1 591 1 947 1 1267
3 1 341 1 1374 1 2014
3 1 495 1 1624 1 1944
3 1 546 1 806 1 1766
3 1 354 1 747 1 1387
3 1 322 1 1355 1 1995
3 1 476 1 1861 1 2181
3 1 637 1 1249 1 2209
3 1 577 1 1253 1 1893
3 1 637 1 1249 1 1889
3 1 510 1 999 1 1959
3 1 613 1 1225 1 2185
3 1 350 1 999 1 1319
3 1 558 1 818 1 1458
3 1 524 1 784 1 1744
3 1 327 1 720 1 1360
3 1 450 1 1643 1 1963
3 1 559 1 819 1 1459
3 1 454 1 1647 1 1967
3 1 378 1 707 1 1347
3 1 617 1 1229 1 1869
3 1 529 1 789 1 1749
3 1 440 1 849 1 1809
3 1 621 1 1233 1 2193
3 1 477 1 966 1 1926
3 1 608 1 1220 1 2180
3 1 380 1 1349 1 1989
3 1 434 1 1483 1 1803
3 1 434 1 1163 1 1803
3 1 476 1 1285 1 1925
3 1 477 1 1286 1 1926
3 1 374 1 1023 1 1343
3 1 495 1 1304 1 1944
3 1 546 1 806 1 1446
3 1 546 1 806 1 2086
3 1 554 1 814 1 2094
3 1 590 1 1266 1 1906
3 1 577 1 933 1 1253
3 1 526 1 786 1 1426
3 1 410 1 1523 1 1843
3 1 522 1 782 1 1742
3 1 435 1 844 1 1804
3 1 553 1 813 1 2093
3 1 528 1 788 1 2068
3 1 563 1 823 1 1783
3 1 563 1 823 1 1463
3 1 521 1 781 1 1421
3 1 584 1 940 1 1260
3 1 517 1 713 1 1993
3 1 563 1 823 1 2103
3 1 479 1 1288 1 1928
3 1 526 1 786 1 2066
3 1 532 1 792 1 2072
3 1 599 1 1275 1 2235
3 1 553 1 813 1 1773
3 1 362 1 755 1 1395
3 1 526 1 786 1 1746
3 1 523 1 783 1 2063
3 1 591 1 1267 1 2227
3 1 377 1 1346 1 1986
3 1 447 1 1432 1 1752
3 1 507 1 1316 1 1956
3 1 506 1 1315 1 1955
3 1 554 1 814 1 1774
3 1 463 1 1016 1 1976
3 1 465 1 1914 1 2234
3 1 501 1 1310 1 1950
3 1 501 1 990 1 1950
3 1 465 1 1018 1 1978
3 1 533 1 793 1 1753
3 1 577 1 1253 1 2213
3 1 573 1 769 1 1409
3 1 588 1 1264 1 2224
3 1 533 1 793 1 1433
3 1 533 1 793 1 2073
3 1 441 1 1170 1 1810
3 1 321 1 714 1 1354
3 1 447 1 1752 1 2072
3 1 532 1 792 1 1432
3 1 320 1 1353 1 1993
3 1 523 1 783 1 1743
3 1 377 1 706 1 1346
3 1 496 1 1625 1 1945
3 1 590 1 1266 1 2226
3 1 539 1 799 1 1439
3 1 496 1 985 1 1945
3 1 539 1 799 1 1759
3 1 554 1 814 1 1454
3 1 496 1 1305 1 1945
3 1 528 1 788 1 1748
3 1 429 1 1734 1 2054
3 1 482 1 971 1 1931
3 1 528 1 788 1 1428
3 1 638 1 1250 1 1890
3 1 397 1 1510 1 1830
3 1 440 1 1489 1 1809
3 1 509 1 1318 1 1958
3 1 483 1 972 1 1932
3 1 440 1 1169 1 1809
3 1 399 1 872 1 1832
3 1 435 1 1740 1 2060
3 1 396 1 1509 1 1829
3 1 435 1 1164 1 1804
3 1 325 1 1358 1 1998
3 1 429 1 1158 1 1798
3 1 574 1 770 1 1730
3 1 602 1 1278 1 2238
3 1 484 1 1613 1 1933
3 1 363 1 1076 1 1396
3 1 519 1 779 1 2059
3 1 431 1 1160 1 1800
3 1 542 1 802 1 1762
3 1 434 1 843 1 1803
3 1 556 1 816 1 1776
3 1 484 1 973 1 1933
3 1 574 1 770 1 2050
3 1 573 1 769 1 1729
3 1 522 1 782 1 2062
3 1 474 1 963 1 1923
3 1 606 1 898 1 1218
3 1 473 1 1282 1 1922
3 1 523 1 783 1 1423
3 1 573 1 769 1 2049
3 1 546 1 742 1 1062
3 1 490 1 1299 1 1939
3 1 429 1 1414 1 1734
3 1 474 1 1603 1 1923
3 1 405 1 1518 1 1838
3 1 374 1 1087 1 1407
3 1 601 1 1277 1 2237
3 1 328 1 721 1 1361
3 1 514 1 774 1 1414
3 1 380 1 709 1 1349
3 1 556 1 816 1 1456
3 1 397 1 1190 1 1830
3 1 353 1 1386 1 2026
3 1 620 1 1168 1 1488
3 1 349 1 1382 1 2022
