513 2240
2 1 1468 1 1788
2 1 1783 1 2103
2 1 1788 1 2108
2 1 1463 1 2103
2 1 1463 1 1783
2 1 1468 1 2108
2 1 1780 1 2100
2 1 1462 1 1782
2 1 1782 1 2102
2 1 1462 1 2102
2 1 1779 1 2099
2 1 1776 1 2096
2 1 1456 1 2096
2 1 1456 1 1776
2 1 1453 1 1773
2 1 1453 1 2093
2 1 1773 1 2093
2 1 1451 1 2091
2 1 1447 1 2087
2 1 1447 1 1767
2 1 1767 1 2087
2 1 1451 1 1771
2 1 1771 1 2091
2 1 1440 1 2080
2 1 1756 1 2076
2 1 1429 1 2069
2 1 1740 1 2060
2 1 1432 1 2072
2 1 1419 1 2059
2 1 1416 1 1736
2 1 1416 1 2056
2 1 1752 1 2072
2 1 1736 1 2056
2 1 1413 1 1733
2 1 1413 1 2053
2 1 1733 1 2053
2 1 1432 1 1752
2 1 1410 1 2050
2 1 1730 1 2050
2 1 1410 1 1730
2 1 1728 1 2048
2 1 1408 1 1728
2 1 1408 1 2048
2 1 970 1 1610
2 1 968 1 1608
2 1 1288 1 1608
2 1 968 1 1288
2 1 964 1 1604
2 1 1411 1 1731
2 1 1415 1 1735
2 1 962 1 1282
2 1 962 1 1602
2 1 1282 1 1602
2 1 1409 1 1729
2 1 1343 1 1663
2 1 1471 1 1791
2 1 1470 1 1790
2 1 1341 1 1661
2 1 1015 1 1335
2 1 1013 1 1333
2 1 1333 1 1653
2 1 1013 1 1653
2 1 1010 1 1650
2 1 1318 1 1638
2 1 1004 1 1644
2 1 993 1 1313
2 1 1442 1 1762
2 1 1312 1 1632
2 1 1309 1 1629
2 1 989 1 1309
2 1 989 1 1629
2 1 986 1 1306
2 1 1304 1 1624
2 1 983 1 1303
2 1 834 1 1154
2 1 833 1 1473
2 1 833 1 1153
2 1 1153 1 1473
2 1 832 1 1152
2 1 895 1 1215
2 1 1215 1 1535
2 1 895 1 1535
2 1 894 1 1214
2 1 1789 1 2109
2 1 1022 1 1342
2 1 1022 1 1662
2 1 1342 1 1662
2 1 892 1 1212
2 1 1212 1 1532
2 1 892 1 1532
2 1 1211 1 1531
2 1 891 1 1531
2 1 891 1 1211
2 1 1339 1 1659
2 1 1019 1 1659
2 1 1019 1 1339
2 1 1465 1 1785
2 1 888 1 1208
2 1 886 1 1526
2 1 1014 1 1654
2 1 1204 1 1524
2 1 883 1 1523
2 1 1203 1 1523
2 1 883 1 1203
2 1 1011 1 1651
2 1 881 1 1201
2 1 1200 1 1520
2 1 1008 1 1328
2 1 1774 1 2094
2 1 1311 1 1631
2 1 880 1 1200
2 1 880 1 1520
2 1 1007 1 1647
2 1 1007 1 1327
2 1 1327 1 1647
2 1 877 1 1517
2 1 1452 1 2092
2 1 875 1 1515
2 1 1195 1 1515
2 1 875 1 1195
2 1 1450 1 2090
2 1 872 1 1192
2 1 1764 1 2084
2 1 1444 1 1764
2 1 1444 1 2084
2 1 1316 1 1636
2 1 996 1 1316
2 1 996 1 1636
2 1 865 1 1185
2 1 1184 1 1504
2 1 862 1 1182
2 1 863 1 1183
2 1 1437 1 2077
2 1 1183 1 1503
2 1 1757 1 2077
2 1 863 1 1503
2 1 1437 1 1757
2 1 1310 1 1630
2 1 1179 1 1499
2 1 1180 1 1500
2 1 859 1 1499
2 1 859 1 1179
2 1 1307 1 1627
2 1 860 1 1500
2 1 860 1 1180
2 1 855 1 1175
2 1 1175 1 1495
2 1 855 1 1495
2 1 1301 1 1621
2 1 980 1 1620
2 1 980 1 1300
2 1 1300 1 1620
2 1 1170 1 1490
2 1 1425 1 2065
2 1 977 1 1297
2 1 1297 1 1617
2 1 977 1 1617
2 1 1167 1 1487
2 1 1422 1 1742
2 1 1741 1 2061
2 1 974 1 1294
2 1 974 1 1614
2 1 1294 1 1614
2 1 844 1 1484
2 1 843 1 1163
2 1 843 1 1483
2 1 1163 1 1483
2 1 1418 1 1738
2 1 840 1 1480
2 1 840 1 1160
2 1 1160 1 1480
2 1 839 1 1479
2 1 1414 1 2054
2 1 837 1 1477
2 1 837 1 1157
2 1 1157 1 1477
2 1 896 1 1856
2 1 896 1 2176
2 1 1856 1 2176
2 1 767 1 2047
2 1 1087 1 2047
2 1 767 1 1087
2 1 959 1 2239
2 1 959 1 1919
2 1 1919 1 2239
2 1 766 1 1086
2 1 1918 1 2238
2 1 958 1 2238
2 1 958 1 1918
2 1 957 1 2237
2 1 957 1 1917
2 1 1917 1 2237
2 1 1020 1 1340
2 1 1020 1 1660
2 1 1340 1 1660
2 1 764 1 1084
2 1 764 1 2044
2 1 1084 1 2044
2 1 1916 1 2236
2 1 763 1 1083
2 1 1467 1 1787
2 1 955 1 2235
2 1 762 1 2042
2 1 1017 1 1337
2 1 1337 1 1657
2 1 1017 1 1657
2 1 1786 1 2106
2 1 1466 1 1786
2 1 1466 1 2106
2 1 954 1 2234
2 1 954 1 1914
2 1 1914 1 2234
2 1 1016 1 1656
2 1 1016 1 1336
2 1 1336 1 1656
2 1 760 1 2040
2 1 1080 1 2040
2 1 760 1 1080
2 1 1913 1 2233
2 1 1912 1 2232
2 1 1464 1 1784
2 1 759 1 2039
2 1 1079 1 2039
2 1 759 1 1079
2 1 1911 1 2231
2 1 951 1 1911
2 1 951 1 2231
2 1 950 1 2230
2 1 950 1 1910
2 1 1910 1 2230
2 1 757 1 2037
2 1 1461 1 2101
2 1 885 1 1525
2 1 1909 1 2229
2 1 949 1 2229
2 1 949 1 1909
2 1 756 1 1076
2 1 756 1 2036
2 1 1076 1 2036
2 1 755 1 1075
2 1 947 1 2227
2 1 947 1 1907
2 1 1907 1 2227
2 1 946 1 2226
2 1 1009 1 1329
2 1 882 1 1522
2 1 1202 1 1522
2 1 882 1 1202
2 1 753 1 1073
2 1 1072 1 2032
2 1 944 1 1904
2 1 943 1 2223
2 1 1006 1 1326
2 1 879 1 1519
2 1 1069 1 2029
2 1 749 1 2029
2 1 749 1 1069
2 1 876 1 1516
2 1 1196 1 1516
2 1 876 1 1196
2 1 940 1 1900
2 1 940 1 2220
2 1 1900 1 2220
2 1 747 1 1067
2 1 746 1 2026
2 1 938 1 2218
2 1 1321 1 1641
2 1 1001 1 1321
2 1 1001 1 1641
2 1 874 1 1514
2 1 745 1 2025
2 1 1320 1 1640
2 1 873 1 1193
2 1 1193 1 1513
2 1 873 1 1513
2 1 743 1 2023
2 1 1063 1 2023
2 1 743 1 1063
2 1 934 1 2214
2 1 1190 1 1510
2 1 870 1 1190
2 1 870 1 1510
2 1 741 1 1061
2 1 1061 1 2021
2 1 741 1 2021
2 1 997 1 1317
2 1 997 1 1637
2 1 1317 1 1637
2 1 740 1 2020
2 1 932 1 1892
2 1 994 1 1634
2 1 994 1 1314
2 1 1314 1 1634
2 1 1187 1 1507
2 1 867 1 1507
2 1 867 1 1187
2 1 1058 1 2018
2 1 738 1 2018
2 1 738 1 1058
2 1 737 1 2017
2 1 737 1 1057
2 1 1057 1 2017
2 1 1761 1 2081
2 1 929 1 1889
2 1 1889 1 2209
2 1 929 1 2209
2 1 1056 1 2016
2 1 736 1 1056
2 1 736 1 2016
2 1 1055 1 2015
2 1 735 1 1055
2 1 735 1 2015
2 1 928 1 2208
2 1 1054 1 2014
2 1 734 1 1054
2 1 734 1 2014
2 1 1758 1 2078
2 1 1886 1 2206
2 1 926 1 2206
2 1 926 1 1886
2 1 733 1 2013
2 1 1308 1 1628
2 1 1181 1 1501
2 1 732 1 1052
2 1 925 1 2205
2 1 1885 1 2205
2 1 925 1 1885
2 1 1051 1 2011
2 1 731 1 1051
2 1 731 1 2011
2 1 923 1 1883
2 1 1883 1 2203
2 1 923 1 2203
2 1 1435 1 1755
2 1 730 1 2010
2 1 1305 1 1625
2 1 1754 1 2074
2 1 1049 1 2009
2 1 729 1 2009
2 1 729 1 1049
2 1 922 1 1882
2 1 1882 1 2202
2 1 922 1 2202
2 1 728 1 2008
2 1 1048 1 2008
2 1 728 1 1048
2 1 1881 1 2201
2 1 727 1 1047
2 1 727 1 2007
2 1 1047 1 2007
2 1 920 1 1880
2 1 1751 1 2071
2 1 1879 1 2199
2 1 919 1 2199
2 1 919 1 1879
2 1 1046 1 2006
2 1 726 1 1046
2 1 726 1 2006
2 1 1750 1 2070
2 1 1430 1 1750
2 1 1430 1 2070
2 1 1045 1 2005
2 1 725 1 2005
2 1 918 1 1878
2 1 918 1 2198
2 1 725 1 1045
2 1 1878 1 2198
2 1 724 1 2004
2 1 917 1 2197
2 1 1877 1 2197
2 1 917 1 1877
2 1 916 1 1876
2 1 979 1 1619
2 1 1748 1 2068
2 1 852 1 1172
2 1 1172 1 1492
2 1 852 1 1492
2 1 1875 1 2195
2 1 721 1 2001
2 1 913 1 1873
2 1 976 1 1616
2 1 849 1 1169
2 1 1744 1 2064
2 1 848 1 1488
2 1 1039 1 1999
2 1 975 1 1295
2 1 1871 1 2191
2 1 910 1 2190
2 1 1870 1 2190
2 1 910 1 1870
2 1 973 1 1613
2 1 1869 1 2189
2 1 972 1 1292
2 1 1036 1 1996
2 1 1868 1 2188
2 1 715 1 1995
2 1 1035 1 1995
2 1 715 1 1035
2 1 907 1 2187
2 1 907 1 1867
2 1 1867 1 2187
2 1 714 1 1994
2 1 842 1 1482
2 1 906 1 1866
2 1 1033 1 1993
2 1 1865 1 2185
2 1 712 1 1032
2 1 712 1 1992
2 1 1032 1 1992
2 1 904 1 1864
2 1 903 1 2183
2 1 902 1 2182
2 1 838 1 1158
2 1 1029 1 1989
2 1 965 1 1285
2 1 1285 1 1605
2 1 965 1 1605
2 1 708 1 1988
2 1 900 1 2180
2 1 963 1 1283
2 1 1027 1 1987
2 1 836 1 1476
2 1 1412 1 1732
2 1 1026 1 1986
2 1 1859 1 2179
2 1 898 1 1858
2 1 898 1 2178
2 1 1858 1 2178
2 1 1025 1 1985
2 1 705 1 1985
2 1 705 1 1025
2 1 897 1 2177
3 1 509 1 1638 1 1958
3 1 532 1 792 1 2072
3 1 550 1 810 1 2090
3 1 550 1 810 1 1450
3 1 532 1 792 1 1432
3 1 494 1 983 1 1943
3 1 585 1 1197 1 1517
3 1 519 1 779 1 2059
3 1 519 1 779 1 1419
3 1 562 1 822 1 1462
3 1 574 1 770 1 1410
3 1 562 1 822 1 2102
3 1 562 1 822 1 1782
3 1 574 1 770 1 1730
3 1 483 1 972 1 1932
3 1 545 1 805 1 1445
3 1 418 1 1531 1 1851
3 1 574 1 770 1 2050
3 1 563 1 823 1 1463
3 1 522 1 718 1 1998
3 1 563 1 823 1 1783
3 1 483 1 1292 1 1932
3 1 563 1 823 1 2103
3 1 325 1 1358 1 1998
3 1 639 1 1251 1 2211
3 1 568 1 828 1 2108
3 1 463 1 1016 1 1976
3 1 547 1 807 1 1447
3 1 463 1 1336 1 1976
3 1 495 1 1304 1 1944
3 1 463 1 1656 1 1976
3 1 401 1 1770 1 2090
3 1 345 1 738 1 1378
3 1 506 1 1315 1 1955
3 1 391 1 1440 1 1760
3 1 418 1 891 1 1851
3 1 423 1 1152 1 1792
3 1 495 1 1624 1 1944
3 1 532 1 792 1 1752
3 1 541 1 801 1 1761
3 1 548 1 744 1 1064
3 1 588 1 944 1 1264
3 1 582 1 938 1 1258
3 1 588 1 1264 1 1904
3 1 578 1 934 1 1254
3 1 585 1 877 1 1197
3 1 547 1 807 1 2087
3 1 391 1 1760 1 2080
3 1 418 1 1211 1 1851
3 1 367 1 760 1 1400
3 1 348 1 1381 1 2021
3 1 473 1 1602 1 1922
3 1 568 1 828 1 1788
3 1 540 1 800 1 2080
3 1 473 1 1282 1 1922
3 1 348 1 741 1 1381
3 1 473 1 962 1 1922
3 1 556 1 816 1 1456
3 1 556 1 816 1 2096
3 1 578 1 1254 1 2214
3 1 540 1 800 1 1440
3 1 551 1 811 1 2091
3 1 355 1 748 1 1388
3 1 594 1 1270 1 1910
3 1 553 1 813 1 2093
3 1 609 1 1221 1 1861
3 1 572 1 768 1 2048
3 1 629 1 1241 1 2201
3 1 597 1 1209 1 1529
3 1 556 1 816 1 1776
3 1 408 1 1777 1 2097
3 1 568 1 828 1 1468
3 1 401 1 1450 1 1770
3 1 504 1 1313 1 1953
3 1 547 1 807 1 1767
3 1 460 1 1653 1 1973
3 1 602 1 1278 1 1918
3 1 416 1 1529 1 1849
3 1 348 1 1061 1 1381
3 1 476 1 1861 1 2181
3 1 557 1 817 1 2097
