597 2240
2 1 1470 1 1790
2 1 1470 1 2110
2 1 1790 1 2110
2 1 1789 1 2109
2 1 1786 1 2106
2 1 1466 1 1786
2 1 1466 1 2106
2 1 1462 1 1782
2 1 1782 1 2102
2 1 1462 1 2102
2 1 1453 1 1773
2 1 1773 1 2093
2 1 1453 1 2093
2 1 1452 1 2092
2 1 1452 1 1772
2 1 1772 1 2092
2 1 1770 1 2090
2 1 1449 1 2089
2 1 1449 1 1769
2 1 1769 1 2089
2 1 1448 1 2088
2 1 1767 1 2087
2 1 1445 1 1765
2 1 1445 1 2085
2 1 1765 1 2085
2 1 1443 1 2083
2 1 1443 1 1763
2 1 1763 1 2083
2 1 1759 1 2079
2 1 972 1 1292
2 1 1429 1 2069
2 1 1429 1 1749
2 1 1749 1 2069
2 1 1750 1 2070
2 1 1742 1 2062
2 1 1729 1 2049
2 1 1292 1 1612
2 1 970 1 1610
2 1 972 1 1612
2 1 1422 1 1742
2 1 1422 1 2062
2 1 1290 1 1610
2 1 970 1 1290
2 1 1413 1 1733
2 1 1284 1 1604
2 1 1280 1 1600
2 1 1020 1 1660
2 1 1340 1 1660
2 1 962 1 1602
2 1 1020 1 1340
2 1 1018 1 1658
2 1 1338 1 1658
2 1 1018 1 1338
2 1 1017 1 1657
2 1 1017 1 1337
2 1 1337 1 1657
2 1 1015 1 1335
2 1 1461 1 1781
2 1 1463 1 1783
2 1 1008 1 1648
2 1 1455 1 1775
2 1 1006 1 1326
2 1 1005 1 1325
2 1 1005 1 1645
2 1 1325 1 1645
2 1 1000 1 1640
2 1 1318 1 1638
2 1 998 1 1318
2 1 1314 1 1634
2 1 998 1 1638
2 1 992 1 1632
2 1 1312 1 1632
2 1 992 1 1312
2 1 1310 1 1630
2 1 1309 1 1629
2 1 1303 1 1623
2 1 982 1 1302
2 1 1302 1 1622
2 1 982 1 1622
2 1 1301 1 1621
2 1 979 1 1299
2 1 1299 1 1619
2 1 979 1 1619
2 1 977 1 1297
2 1 1155 1 1475
2 1 832 1 1472
2 1 1213 1 1533
2 1 893 1 1213
2 1 893 1 1533
2 1 1788 1 2108
2 1 1468 1 2108
2 1 1468 1 1788
2 1 891 1 1531
2 1 889 1 1209
2 1 1209 1 1529
2 1 889 1 1529
2 1 886 1 1206
2 1 885 1 1525
2 1 885 1 1205
2 1 1205 1 1525
2 1 1780 1 2100
2 1 1013 1 1653
2 1 1459 1 2099
2 1 1012 1 1652
2 1 1778 1 2098
2 1 881 1 1201
2 1 881 1 1521
2 1 1201 1 1521
2 1 1456 1 1776
2 1 879 1 1199
2 1 876 1 1516
2 1 1451 1 2091
2 1 1771 1 2091
2 1 1451 1 1771
2 1 1004 1 1324
2 1 874 1 1194
2 1 874 1 1514
2 1 1194 1 1514
2 1 873 1 1193
2 1 873 1 1513
2 1 1193 1 1513
2 1 1192 1 1512
2 1 872 1 1512
2 1 872 1 1192
2 1 871 1 1511
2 1 1319 1 1639
2 1 1185 1 1505
2 1 1440 1 1760
2 1 1760 1 2080
2 1 1440 1 2080
2 1 863 1 1183
2 1 1183 1 1503
2 1 863 1 1503
2 1 862 1 1182
2 1 1182 1 1502
2 1 862 1 1502
2 1 1181 1 1501
2 1 1308 1 1628
2 1 988 1 1308
2 1 988 1 1628
2 1 1307 1 1627
2 1 987 1 1307
2 1 987 1 1627
2 1 854 1 1174
2 1 853 1 1493
2 1 853 1 1173
2 1 1173 1 1493
2 1 852 1 1492
2 1 1172 1 1492
2 1 852 1 1172
2 1 850 1 1490
2 1 850 1 1170
2 1 1170 1 1490
2 1 1298 1 1618
2 1 848 1 1168
2 1 1171 1 1491
2 1 1166 1 1486
2 1 845 1 1485
2 1 1165 1 1485
2 1 845 1 1165
2 1 1740 1 2060
2 1 1420 1 1740
2 1 1420 1 2060
2 1 843 1 1483
2 1 843 1 1163
2 1 1163 1 1483
2 1 1161 1 1481
2 1 968 1 1288
2 1 1162 1 1482
2 1 896 1 1856
2 1 896 1 2176
2 1 1856 1 2176
2 1 1408 1 1728
2 1 1087 1 2047
2 1 767 1 1087
2 1 767 1 2047
2 1 1791 1 2111
2 1 959 1 1919
2 1 959 1 2239
2 1 1919 1 2239
2 1 1085 1 2045
2 1 958 1 1918
2 1 958 1 2238
2 1 765 1 2045
2 1 765 1 1085
2 1 1918 1 2238
2 1 957 1 2237
2 1 956 1 2236
2 1 956 1 1916
2 1 1916 1 2236
2 1 1019 1 1659
2 1 892 1 1532
2 1 1212 1 1532
2 1 892 1 1212
2 1 1083 1 2043
2 1 1915 1 2235
2 1 1081 1 2041
2 1 954 1 2234
2 1 953 1 2233
2 1 1913 1 2233
2 1 953 1 1913
2 1 760 1 2040
2 1 1080 1 2040
2 1 760 1 1080
2 1 1079 1 2039
2 1 1912 1 2232
2 1 952 1 1912
2 1 952 1 2232
2 1 758 1 1078
2 1 951 1 1911
2 1 950 1 2230
2 1 950 1 1910
2 1 1910 1 2230
2 1 757 1 1077
2 1 949 1 2229
2 1 949 1 1909
2 1 1909 1 2229
2 1 884 1 1204
2 1 1908 1 2228
2 1 948 1 2228
2 1 948 1 1908
2 1 1331 1 1651
2 1 755 1 2035
2 1 1907 1 2227
2 1 1330 1 1650
2 1 1010 1 1650
2 1 1010 1 1330
2 1 883 1 1523
2 1 882 1 1522
2 1 1202 1 1522
2 1 882 1 1202
2 1 1009 1 1649
2 1 1329 1 1649
2 1 1009 1 1329
2 1 1905 1 2225
2 1 1777 1 2097
2 1 1007 1 1647
2 1 1327 1 1647
2 1 1007 1 1327
2 1 1200 1 1520
2 1 751 1 1071
2 1 751 1 2031
2 1 1071 1 2031
2 1 944 1 2224
2 1 1903 1 2223
2 1 750 1 1070
2 1 1070 1 2030
2 1 750 1 2030
2 1 942 1 2222
2 1 1454 1 1774
2 1 749 1 1069
2 1 749 1 2029
2 1 1069 1 2029
2 1 941 1 1901
2 1 941 1 2221
2 1 1901 1 2221
2 1 1900 1 2220
2 1 940 1 2220
2 1 940 1 1900
2 1 747 1 2027
2 1 1899 1 2219
2 1 939 1 2219
2 1 939 1 1899
2 1 1002 1 1642
2 1 1322 1 1642
2 1 1002 1 1322
2 1 875 1 1515
2 1 746 1 1066
2 1 1065 1 2025
2 1 745 1 2025
2 1 745 1 1065
2 1 937 1 2217
2 1 744 1 1064
2 1 936 1 2216
2 1 1896 1 2216
2 1 936 1 1896
2 1 935 1 1895
2 1 742 1 2022
2 1 934 1 2214
2 1 1446 1 1766
2 1 870 1 1510
2 1 997 1 1317
2 1 868 1 1508
2 1 1188 1 1508
2 1 868 1 1188
2 1 1444 1 1764
2 1 932 1 2212
2 1 739 1 1059
2 1 1891 1 2211
2 1 930 1 1890
2 1 1890 1 2210
2 1 930 1 2210
2 1 1442 1 2082
2 1 1762 1 2082
2 1 1442 1 1762
2 1 866 1 1186
2 1 1186 1 1506
2 1 866 1 1506
2 1 1057 1 2017
2 1 737 1 2017
2 1 737 1 1057
2 1 993 1 1313
2 1 1889 1 2209
2 1 864 1 1184
2 1 1055 1 2015
2 1 1887 1 2207
2 1 734 1 1054
2 1 1438 1 2078
2 1 926 1 2206
2 1 733 1 2013
2 1 733 1 1053
2 1 1053 1 2013
2 1 925 1 1885
2 1 732 1 1052
2 1 731 1 2011
2 1 859 1 1179
2 1 986 1 1306
2 1 986 1 1626
2 1 1306 1 1626
2 1 1434 1 2074
2 1 858 1 1178
2 1 1882 1 2202
2 1 729 1 2009
2 1 1304 1 1624
2 1 984 1 1624
2 1 984 1 1304
2 1 1177 1 1497
2 1 1433 1 1753
2 1 728 1 1048
2 1 1432 1 2072
2 1 1752 1 2072
2 1 1432 1 1752
2 1 727 1 1047
2 1 1880 1 2200
2 1 726 1 1046
2 1 726 1 2006
2 1 1046 1 2006
2 1 919 1 2199
2 1 1045 1 2005
2 1 1877 1 2197
2 1 917 1 1877
2 1 917 1 2197
2 1 1044 1 2004
2 1 724 1 2004
2 1 724 1 1044
2 1 916 1 2196
2 1 1428 1 2068
2 1 723 1 1043
2 1 1042 1 2002
2 1 722 1 1042
2 1 722 1 2002
2 1 915 1 1875
2 1 1746 1 2066
2 1 1169 1 1489
2 1 1873 1 2193
2 1 913 1 2193
2 1 913 1 1873
2 1 1744 1 2064
2 1 1424 1 2064
2 1 1424 1 1744
2 1 719 1 1999
2 1 974 1 1294
2 1 974 1 1614
2 1 1294 1 1614
2 1 1423 1 2063
2 1 1167 1 1487
2 1 718 1 1998
2 1 1038 1 1998
2 1 718 1 1038
2 1 1871 1 2191
2 1 911 1 1871
2 1 911 1 2191
2 1 717 1 1997
2 1 1037 1 1997
2 1 717 1 1037
2 1 909 1 1869
2 1 1869 1 2189
2 1 909 1 2189
2 1 1741 1 2061
2 1 716 1 1996
2 1 1291 1 1611
2 1 1035 1 1995
2 1 715 1 1995
2 1 715 1 1035
2 1 908 1 2188
2 1 1739 1 2059
2 1 714 1 1994
2 1 714 1 1034
2 1 1034 1 1994
2 1 1418 1 2058
2 1 713 1 1033
2 1 1866 1 2186
2 1 906 1 1866
2 1 906 1 2186
2 1 712 1 1992
2 1 905 1 1865
2 1 840 1 1160
2 1 904 1 2184
2 1 904 1 1864
2 1 1864 1 2184
2 1 1287 1 1607
2 1 711 1 1991
2 1 966 1 1286
2 1 1286 1 1606
2 1 966 1 1606
2 1 1734 1 2054
2 1 838 1 1158
2 1 1285 1 1605
2 1 1029 1 1989
2 1 708 1 1988
2 1 900 1 2180
2 1 707 1 1027
2 1 1027 1 1987
2 1 707 1 1987
2 1 963 1 1283
2 1 1732 1 2052
2 1 836 1 1156
2 1 706 1 1986
2 1 1859 1 2179
2 1 898 1 1858
2 1 961 1 1281
2 1 1410 1 2050
2 1 834 1 1474
2 1 1025 1 1985
2 1 705 1 1985
2 1 705 1 1025
2 1 1024 1 1984
2 1 704 1 1024
2 1 704 1 1984
3 1 589 1 1265 1 2225
3 1 589 1 1265 1 1905
3 1 486 1 1295 1 1935
3 1 437 1 1486 1 1806
3 1 454 1 1007 1 1967
3 1 606 1 898 1 1218
3 1 471 1 1600 1 1920
3 1 344 1 737 1 1377
3 1 606 1 1218 1 1858
3 1 570 1 830 1 1790
3 1 381 1 710 1 1350
3 1 437 1 1166 1 1806
3 1 374 1 1023 1 1343
3 1 470 1 1023 1 1983
3 1 570 1 830 1 1470
3 1 570 1 830 1 2110
3 1 341 1 734 1 1374
3 1 626 1 918 1 1238
3 1 527 1 787 1 2067
3 1 534 1 794 1 1434
3 1 557 1 753 1 1073
3 1 539 1 799 1 2079
3 1 460 1 1013 1 1973
3 1 498 1 923 1 2203
3 1 619 1 1231 1 1871
3 1 454 1 1327 1 1967
3 1 373 1 1342 1 1662
3 1 438 1 1743 1 2063
3 1 532 1 792 1 2072
3 1 469 1 1662 1 1982
3 1 452 1 1325 1 1965
3 1 452 1 1005 1 1965
3 1 382 1 1351 1 1991
3 1 454 1 1647 1 1967
3 1 410 1 1523 1 1843
3 1 344 1 1377 1 2017
3 1 407 1 1520 1 1840
3 1 559 1 819 1 2099
3 1 364 1 757 1 1397
3 1 344 1 1057 1 1377
3 1 631 1 923 1 1243
3 1 407 1 1200 1 1840
3 1 463 1 1016 1 1976
3 1 534 1 794 1 2074
3 1 539 1 799 1 1759
3 1 562 1 822 1 1782
3 1 592 1 1268 1 1908
3 1 563 1 759 1 1079
3 1 615 1 1227 1 2187
3 1 426 1 1731 1 2051
3 1 564 1 824 1 2104
3 1 393 1 1186 1 1826
3 1 445 1 1174 1 1814
3 1 529 1 789 1 1429
3 1 586 1 878 1 1198
3 1 338 1 731 1 1371
3 1 503 1 928 1 2208
3 1 532 1 792 1 1432
3 1 573 1 769 1 1729
3 1 604 1 832 1 1152
3 1 490 1 979 1 1939
3 1 602 1 1278 1 2238
3 1 364 1 1077 1 1397
3 1 524 1 784 1 1744
3 1 363 1 1396 1 2036
3 1 616 1 1164 1 1484
3 1 558 1 818 1 1778
3 1 364 1 1333 1 1653
3 1 562 1 822 1 1462
3 1 588 1 1264 1 2224
3 1 384 1 1497 1 1817
3 1 368 1 1401 1 2041
3 1 569 1 829 1 2109
3 1 562 1 822 1 2102
3 1 591 1 1267 1 2227
3 1 491 1 1620 1 1940
3 1 505 1 1314 1 1954
3 1 410 1 1459 1 1779
3 1 610 1 1222 1 1862
3 1 569 1 829 1 1789
3 1 384 1 1177 1 1817
3 1 566 1 826 1 1786
3 1 606 1 834 1 1154
3 1 325 1 1358 1 1998
3 1 566 1 826 1 1466
3 1 566 1 826 1 2106
3 1 550 1 810 1 2090
3 1 550 1 810 1 1770
3 1 635 1 1247 1 1887
3 1 549 1 809 1 1769
3 1 554 1 814 1 1774
3 1 549 1 809 1 1449
3 1 635 1 1247 1 2207
3 1 549 1 809 1 2089
3 1 382 1 711 1 1351
3 1 363 1 1332 1 1652
3 1 399 1 1448 1 1768
3 1 399 1 1768 1 2088
3 1 545 1 805 1 1445
3 1 558 1 818 1 2098
3 1 547 1 807 1 1767
3 1 547 1 807 1 2087
3 1 545 1 805 1 1765
3 1 548 1 808 1 2088
3 1 473 1 898 1 2178
3 1 545 1 805 1 2085
3 1 548 1 808 1 1448
3 1 552 1 812 1 1452
3 1 421 1 1534 1 1854
3 1 573 1 769 1 2049
3 1 552 1 812 1 2092
3 1 552 1 812 1 1772
3 1 553 1 813 1 2093
3 1 587 1 1263 1 1903
3 1 473 1 1858 1 2178
3 1 553 1 813 1 1773
3 1 553 1 813 1 1453
3 1 591 1 1267 1 1907
3 1 559 1 819 1 1459
3 1 609 1 1221 1 2181
3 1 410 1 883 1 1843
3 1 579 1 1255 1 1895
3 1 579 1 935 1 1255
3 1 578 1 934 1 1254
3 1 442 1 1747 1 2067
3 1 526 1 786 1 1746
3 1 560 1 756 1 2036
3 1 410 1 1779 1 2099
3 1 386 1 1179 1 1819
3 1 536 1 796 1 1436
3 1 587 1 1263 1 2223
3 1 588 1 944 1 1264
3 1 377 1 1346 1 1986
3 1 386 1 859 1 1819
3 1 533 1 793 1 1433
3 1 619 1 1231 1 2191
3 1 358 1 751 1 1391
3 1 581 1 937 1 1257
3 1 597 1 1273 1 2233
3 1 637 1 1249 1 2209
3 1 617 1 909 1 1229
3 1 380 1 1029 1 1349
3 1 612 1 904 1 1224
3 1 490 1 1619 1 1939
3 1 389 1 1502 1 1822
3 1 389 1 1758 1 2078
3 1 330 1 723 1 1363
3 1 488 1 1297 1 1937
3 1 498 1 1307 1 1947
3 1 637 1 1249 1 1889
3 1 592 1 948 1 1268
3 1 601 1 957 1 1277
3 1 508 1 1317 1 1957
3 1 591 1 883 1 1203
3 1 543 1 803 1 2083
3 1 497 1 1626 1 1946
3 1 323 1 1356 1 1996
3 1 500 1 1629 1 1949
3 1 591 1 1203 1 1523
3 1 358 1 1391 1 2031
3 1 522 1 782 1 1742
3 1 457 1 1010 1 1970
3 1 363 1 1012 1 1332
3 1 445 1 854 1 1814
3 1 385 1 1178 1 1818
3 1 458 1 1651 1 1971
3 1 459 1 1652 1 1972
3 1 632 1 924 1 1244
