575 2240
2 1 1469 1 1789
2 1 1469 1 2109
2 1 1789 1 2109
2 1 1463 1 2103
2 1 1783 1 2103
2 1 1463 1 1783
2 1 1777 1 2097
2 1 1449 1 2089
2 1 1781 1 2101
2 1 1769 1 2089
2 1 1449 1 1769
2 1 1444 1 1764
2 1 1444 1 2084
2 1 1764 1 2084
2 1 1766 1 2086
2 1 1446 1 1766
2 1 1446 1 2086
2 1 1439 1 2079
2 1 1439 1 1759
2 1 1759 1 2079
2 1 1425 1 1745
2 1 1437 1 2077
2 1 1425 1 2065
2 1 1745 1 2065
2 1 1418 1 1738
2 1 1740 1 2060
2 1 1757 1 2077
2 1 1738 1 2058
2 1 1418 1 2058
2 1 1420 1 2060
2 1 1437 1 1757
2 1 1420 1 1740
2 1 971 1 1291
2 1 969 1 1609
2 1 969 1 1289
2 1 1289 1 1609
2 1 1020 1 1660
2 1 1018 1 1658
2 1 1014 1 1654
2 1 1462 1 1782
2 1 1016 1 1336
2 1 1448 1 1768
2 1 1317 1 1637
2 1 999 1 1639
2 1 995 1 1315
2 1 1443 1 1763
2 1 996 1 1316
2 1 1442 1 1762
2 1 1432 1 1752
2 1 983 1 1303
2 1 981 1 1621
2 1 981 1 1301
2 1 1301 1 1621
2 1 979 1 1619
2 1 1299 1 1619
2 1 979 1 1299
2 1 1729 1 2049
2 1 1281 1 1601
2 1 1408 1 1728
2 1 1470 1 2110
2 1 1790 1 2110
2 1 1470 1 1790
2 1 893 1 1533
2 1 1212 1 1532
2 1 892 1 1532
2 1 892 1 1212
2 1 1466 1 2106
2 1 1466 1 1786
2 1 1786 1 2106
2 1 1019 1 1339
2 1 889 1 1529
2 1 1207 1 1527
2 1 886 1 1526
2 1 1780 1 2100
2 1 885 1 1205
2 1 1013 1 1653
2 1 1012 1 1332
2 1 1778 1 2098
2 1 881 1 1201
2 1 881 1 1521
2 1 1201 1 1521
2 1 1456 1 1776
2 1 1455 1 1775
2 1 1454 1 2094
2 1 1453 1 2093
2 1 876 1 1516
2 1 1196 1 1516
2 1 1003 1 1323
2 1 876 1 1196
2 1 872 1 1192
2 1 873 1 1513
2 1 1192 1 1512
2 1 1447 1 2087
2 1 1450 1 1770
2 1 1450 1 2090
2 1 1770 1 2090
2 1 872 1 1512
2 1 1320 1 1640
2 1 1000 1 1640
2 1 1000 1 1320
2 1 1190 1 1510
2 1 870 1 1510
2 1 870 1 1190
2 1 869 1 1189
2 1 1189 1 1509
2 1 867 1 1507
2 1 869 1 1509
2 1 866 1 1186
2 1 1761 1 2081
2 1 1441 1 2081
2 1 1441 1 1761
2 1 1451 1 2091
2 1 994 1 1314
2 1 1314 1 1634
2 1 994 1 1634
2 1 1183 1 1503
2 1 1771 1 2091
2 1 864 1 1504
2 1 864 1 1184
2 1 1184 1 1504
2 1 1311 1 1631
2 1 860 1 1180
2 1 1180 1 1500
2 1 860 1 1500
2 1 861 1 1181
2 1 988 1 1308
2 1 988 1 1628
2 1 1308 1 1628
2 1 987 1 1307
2 1 1177 1 1497
2 1 1751 1 2071
2 1 1431 1 1751
2 1 1431 1 2071
2 1 984 1 1624
2 1 1304 1 1624
2 1 984 1 1304
2 1 1174 1 1494
2 1 854 1 1494
2 1 854 1 1174
2 1 853 1 1173
2 1 852 1 1172
2 1 849 1 1489
2 1 1744 1 2064
2 1 1424 1 1744
2 1 1424 1 2064
2 1 977 1 1297
2 1 847 1 1167
2 1 1167 1 1487
2 1 847 1 1487
2 1 1742 1 2062
2 1 1422 1 2062
2 1 1422 1 1742
2 1 1741 1 2061
2 1 844 1 1164
2 1 1164 1 1484
2 1 844 1 1484
2 1 843 1 1483
2 1 1162 1 1482
2 1 970 1 1290
2 1 1415 1 1735
2 1 1414 1 2054
2 1 1856 1 2176
2 1 767 1 1087
2 1 837 1 1477
2 1 837 1 1157
2 1 1157 1 1477
2 1 832 1 1472
2 1 1087 1 2047
2 1 767 1 2047
2 1 1023 1 1663
2 1 1919 1 2239
2 1 766 1 2046
2 1 765 1 1085
2 1 958 1 1918
2 1 1917 1 2237
2 1 764 1 2044
2 1 764 1 1084
2 1 1084 1 2044
2 1 1916 1 2236
2 1 956 1 2236
2 1 956 1 1916
2 1 1083 1 2043
2 1 1787 1 2107
2 1 762 1 2042
2 1 1915 1 2235
2 1 955 1 2235
2 1 955 1 1915
2 1 1017 1 1337
2 1 1337 1 1657
2 1 1017 1 1657
2 1 1451 1 1771
2 1 1081 1 2041
2 1 954 1 1914
2 1 1914 1 2234
2 1 954 1 2234
2 1 1465 1 2105
2 1 1465 1 1785
2 1 1785 1 2105
2 1 1913 1 2233
2 1 1784 1 2104
2 1 1079 1 2039
2 1 759 1 1079
2 1 759 1 2039
2 1 952 1 2232
2 1 952 1 1912
2 1 1912 1 2232
2 1 1078 1 2038
2 1 951 1 2231
2 1 951 1 1911
2 1 1911 1 2231
2 1 1910 1 2230
2 1 950 1 2230
2 1 950 1 1910
2 1 757 1 1077
2 1 757 1 2037
2 1 1077 1 2037
2 1 949 1 2229
2 1 949 1 1909
2 1 1909 1 2229
2 1 948 1 1908
2 1 1908 1 2228
2 1 948 1 2228
2 1 884 1 1204
2 1 1204 1 1524
2 1 884 1 1524
2 1 1011 1 1651
2 1 1907 1 2227
2 1 1330 1 1650
2 1 1010 1 1330
2 1 1010 1 1650
2 1 883 1 1523
2 1 882 1 1202
2 1 1009 1 1649
2 1 1009 1 1329
2 1 1329 1 1649
2 1 752 1 2032
2 1 1904 1 2224
2 1 944 1 2224
2 1 944 1 1904
2 1 880 1 1200
2 1 1200 1 1520
2 1 880 1 1520
2 1 1327 1 1647
2 1 1007 1 1647
2 1 1007 1 1327
2 1 1903 1 2223
2 1 879 1 1199
2 1 750 1 2030
2 1 1326 1 1646
2 1 1006 1 1326
2 1 1006 1 1646
2 1 1902 1 2222
2 1 1005 1 1325
2 1 878 1 1198
2 1 749 1 2029
2 1 877 1 1517
2 1 1324 1 1644
2 1 1004 1 1644
2 1 1004 1 1324
2 1 747 1 2027
2 1 875 1 1195
2 1 939 1 1899
2 1 746 1 2026
2 1 1898 1 2218
2 1 1001 1 1321
2 1 1321 1 1641
2 1 1001 1 1641
2 1 874 1 1514
2 1 745 1 1065
2 1 1065 1 2025
2 1 745 1 2025
2 1 1897 1 2217
2 1 1064 1 2024
2 1 744 1 1064
2 1 744 1 2024
2 1 936 1 2216
2 1 935 1 2215
2 1 871 1 1191
2 1 1062 1 2022
2 1 741 1 1061
2 1 741 1 2021
2 1 1061 1 2021
2 1 933 1 2213
2 1 1445 1 1765
2 1 1060 1 2020
2 1 740 1 1060
2 1 740 1 2020
2 1 932 1 1892
2 1 1892 1 2212
2 1 932 1 2212
2 1 1891 1 2211
2 1 931 1 1891
2 1 931 1 2211
2 1 1058 1 2018
2 1 930 1 1890
2 1 930 1 2210
2 1 1890 1 2210
2 1 865 1 1185
2 1 929 1 1889
2 1 1889 1 2209
2 1 929 1 2209
2 1 736 1 1056
2 1 1440 1 1760
2 1 1760 1 2080
2 1 1440 1 2080
2 1 1055 1 2015
2 1 735 1 1055
2 1 735 1 2015
2 1 734 1 2014
2 1 927 1 1887
2 1 1887 1 2207
2 1 927 1 2207
2 1 926 1 1886
2 1 1886 1 2206
2 1 926 1 2206
2 1 989 1 1309
2 1 1182 1 1502
2 1 862 1 1182
2 1 862 1 1502
2 1 1053 1 2013
2 1 733 1 1053
2 1 733 1 2013
2 1 1052 1 2012
2 1 1884 1 2204
2 1 924 1 1884
2 1 924 1 2204
2 1 1306 1 1626
2 1 986 1 1626
2 1 986 1 1306
2 1 1305 1 1625
2 1 1434 1 1754
2 1 1754 1 2074
2 1 1434 1 2074
2 1 729 1 1049
2 1 1049 1 2009
2 1 729 1 2009
2 1 1048 1 2008
2 1 728 1 2008
2 1 728 1 1048
2 1 1881 1 2201
2 1 920 1 1880
2 1 919 1 2199
2 1 1302 1 1622
2 1 982 1 1622
2 1 982 1 1302
2 1 1046 1 2006
2 1 726 1 1046
2 1 726 1 2006
2 1 1878 1 2198
2 1 725 1 1045
2 1 1045 1 2005
2 1 725 1 2005
2 1 724 1 1044
2 1 1298 1 1618
2 1 978 1 1298
2 1 978 1 1618
2 1 1171 1 1491
2 1 1042 1 2002
2 1 722 1 1042
2 1 722 1 2002
2 1 915 1 1875
2 1 1874 1 2194
2 1 721 1 1041
2 1 913 1 1873
2 1 1872 1 2192
2 1 912 1 1872
2 1 912 1 2192
2 1 848 1 1488
2 1 1039 1 1999
2 1 719 1 1999
2 1 719 1 1039
2 1 718 1 1998
2 1 717 1 1997
2 1 1869 1 2189
2 1 972 1 1292
2 1 845 1 1165
2 1 1165 1 1485
2 1 845 1 1485
2 1 716 1 1036
2 1 716 1 1996
2 1 1036 1 1996
2 1 1868 1 2188
2 1 1035 1 1995
2 1 1419 1 2059
2 1 1419 1 1739
2 1 1739 1 2059
2 1 907 1 2187
2 1 1034 1 1994
2 1 1866 1 2186
2 1 906 1 2186
2 1 906 1 1866
2 1 841 1 1161
2 1 841 1 1481
2 1 1161 1 1481
2 1 905 1 2185
2 1 1865 1 2185
2 1 905 1 1865
2 1 712 1 1992
2 1 712 1 1032
2 1 1032 1 1992
2 1 711 1 1991
2 1 1286 1 1606
2 1 966 1 1606
2 1 966 1 1286
2 1 710 1 1990
2 1 903 1 2183
2 1 1862 1 2182
2 1 838 1 1158
2 1 965 1 1285
2 1 1285 1 1605
2 1 965 1 1605
2 1 1029 1 1989
2 1 709 1 1989
2 1 709 1 1029
2 1 963 1 1603
2 1 1283 1 1603
2 1 963 1 1283
2 1 707 1 1987
2 1 836 1 1156
2 1 1859 1 2179
2 1 835 1 1155
2 1 1411 1 1731
2 1 962 1 1282
2 1 1282 1 1602
2 1 962 1 1602
2 1 1026 1 1986
2 1 706 1 1026
2 1 706 1 1986
2 1 705 1 1985
2 1 1858 1 2178
2 1 1280 1 1600
2 1 704 1 1984
2 1 897 1 1857
2 1 1857 1 2177
2 1 897 1 2177
3 1 542 1 738 1 1058
3 1 518 1 778 1 2058
3 1 357 1 750 1 1390
3 1 539 1 799 1 1759
3 1 518 1 778 1 1418
3 1 639 1 1187 1 1507
3 1 518 1 778 1 1738
3 1 552 1 748 1 1068
3 1 591 1 1267 1 2227
3 1 591 1 1267 1 1907
3 1 335 1 1368 1 2008
3 1 542 1 738 1 2018
3 1 585 1 1261 1 1901
3 1 546 1 806 1 2086
3 1 546 1 806 1 1446
3 1 615 1 843 1 1163
3 1 546 1 806 1 1766
3 1 588 1 944 1 1264
3 1 608 1 900 1 1220
3 1 604 1 832 1 1152
3 1 357 1 1390 1 2030
3 1 607 1 1219 1 1859
3 1 526 1 786 1 2066
3 1 590 1 1266 1 1906
3 1 553 1 813 1 1453
3 1 588 1 1264 1 2224
3 1 563 1 823 1 1463
3 1 475 1 900 1 2180
3 1 549 1 809 1 1769
3 1 549 1 809 1 1449
3 1 588 1 1264 1 1904
3 1 370 1 1403 1 2043
3 1 587 1 1263 1 2223
3 1 607 1 1219 1 2179
3 1 549 1 809 1 2089
3 1 563 1 823 1 1783
3 1 561 1 821 1 2101
3 1 561 1 821 1 1781
3 1 563 1 823 1 2103
3 1 553 1 813 1 2093
3 1 469 1 1342 1 1982
3 1 537 1 797 1 2077
3 1 403 1 1452 1 1772
3 1 432 1 1417 1 1737
3 1 537 1 797 1 1437
3 1 404 1 1453 1 1773
3 1 557 1 817 1 1777
3 1 557 1 817 1 2097
3 1 345 1 1378 1 2018
3 1 428 1 1413 1 1733
3 1 345 1 1058 1 1378
3 1 441 1 1746 1 2066
3 1 537 1 797 1 1757
3 1 539 1 799 1 1439
3 1 544 1 804 1 1764
3 1 374 1 1087 1 1407
3 1 600 1 956 1 1276
3 1 544 1 804 1 1444
3 1 539 1 799 1 2079
3 1 458 1 1651 1 1971
3 1 569 1 829 1 1789
3 1 627 1 855 1 1175
3 1 355 1 1068 1 1388
3 1 487 1 1296 1 1936
3 1 452 1 1325 1 1965
3 1 587 1 1263 1 1903
3 1 404 1 1773 1 2093
3 1 544 1 804 1 2084
3 1 374 1 767 1 1407
3 1 376 1 705 1 1345
3 1 339 1 1052 1 1372
3 1 402 1 1195 1 1835
3 1 374 1 1407 1 2047
3 1 434 1 1483 1 1803
3 1 600 1 1276 1 1916
3 1 569 1 829 1 1469
3 1 569 1 829 1 2109
3 1 570 1 830 1 1790
3 1 570 1 830 1 1470
3 1 570 1 830 1 2110
3 1 452 1 1901 1 2221
3 1 567 1 763 1 1083
3 1 573 1 769 1 2049
3 1 520 1 780 1 2060
3 1 573 1 769 1 1729
3 1 321 1 1354 1 1994
3 1 513 1 773 1 1413
3 1 611 1 1223 1 2183
3 1 595 1 951 1 1271
3 1 377 1 1026 1 1346
3 1 554 1 814 1 2094
3 1 520 1 780 1 1740
3 1 634 1 1246 1 1886
3 1 591 1 883 1 1203
3 1 471 1 1280 1 1920
3 1 427 1 1156 1 1796
3 1 520 1 780 1 1420
3 1 362 1 1011 1 1331
3 1 617 1 1229 1 1869
3 1 577 1 1253 1 2213
3 1 574 1 770 1 1730
3 1 471 1 1600 1 1920
3 1 632 1 924 1 1244
3 1 358 1 1391 1 2031
3 1 428 1 1477 1 1797
3 1 518 1 714 1 1034
3 1 639 1 1251 1 2211
3 1 463 1 1016 1 1976
3 1 634 1 1246 1 2206
3 1 406 1 1199 1 1839
3 1 592 1 1268 1 1908
3 1 591 1 1203 1 1523
3 1 463 1 1336 1 1976
3 1 626 1 1238 1 2198
3 1 409 1 882 1 1842
3 1 409 1 1202 1 1842
3 1 555 1 751 1 2031
3 1 426 1 1155 1 1795
3 1 380 1 709 1 1349
3 1 551 1 811 1 2091
3 1 453 1 1006 1 1966
3 1 427 1 836 1 1796
3 1 420 1 893 1 1853
3 1 550 1 810 1 2090
3 1 636 1 1248 1 2208
3 1 321 1 1034 1 1354
3 1 528 1 788 1 2068
3 1 477 1 1286 1 1926
3 1 622 1 850 1 1170
3 1 634 1 926 1 1246
3 1 426 1 835 1 1795
3 1 401 1 874 1 1834
3 1 377 1 706 1 1346
3 1 567 1 763 1 2043
3 1 632 1 1244 1 1884
3 1 632 1 1244 1 2204
3 1 601 1 1213 1 1533
3 1 356 1 749 1 1389
3 1 625 1 917 1 1237
3 1 557 1 753 1 1073
