602 2240
2 1 1788 1 2108
2 1 1468 1 1788
2 1 1468 1 2108
2 1 1786 1 2106
2 1 1779 1 2099
2 1 1459 1 2099
2 1 1459 1 1779
2 1 1455 1 1775
2 1 1455 1 2095
2 1 1775 1 2095
2 1 1454 1 1774
2 1 1454 1 2094
2 1 1774 1 2094
2 1 1773 1 2093
2 1 1452 1 2092
2 1 1769 1 2089
2 1 1449 1 2089
2 1 1449 1 1769
2 1 1445 1 2085
2 1 1765 1 2085
2 1 1445 1 1765
2 1 1442 1 1762
2 1 1762 1 2082
2 1 1442 1 2082
2 1 1755 1 2075
2 1 1435 1 1755
2 1 1435 1 2075
2 1 1433 1 2073
2 1 1753 1 2073
2 1 1433 1 1753
2 1 1432 1 2072
2 1 1426 1 2066
2 1 1424 1 2064
2 1 1742 1 2062
2 1 1415 1 2055
2 1 1731 1 2051
2 1 1408 1 2048
2 1 1728 1 2048
2 1 1408 1 1728
2 1 1295 1 1615
2 1 1287 1 1607
2 1 1286 1 1606
2 1 965 1 1605
2 1 965 1 1285
2 1 1285 1 1605
2 1 964 1 1604
2 1 1023 1 1663
2 1 1343 1 1663
2 1 1023 1 1343
2 1 1340 1 1660
2 1 1018 1 1338
2 1 1292 1 1612
2 1 1016 1 1656
2 1 1019 1 1659
2 1 1010 1 1330
2 1 972 1 1612
2 1 1458 1 1778
2 1 1457 1 1777
2 1 1005 1 1325
2 1 1006 1 1646
2 1 1005 1 1645
2 1 1325 1 1645
2 1 1006 1 1326
2 1 1326 1 1646
2 1 1451 1 1771
2 1 1002 1 1642
2 1 1322 1 1642
2 1 1002 1 1322
2 1 1001 1 1641
2 1 1001 1 1321
2 1 1321 1 1641
2 1 1000 1 1640
2 1 1448 1 1768
2 1 1316 1 1636
2 1 996 1 1316
2 1 996 1 1636
2 1 1305 1 1625
2 1 984 1 1624
2 1 979 1 1299
2 1 835 1 1475
2 1 1155 1 1475
2 1 1791 1 2111
2 1 835 1 1155
2 1 894 1 1534
2 1 1213 1 1533
2 1 891 1 1531
2 1 1283 1 1603
2 1 889 1 1529
2 1 1464 1 1784
2 1 1464 1 2104
2 1 1784 1 2104
2 1 887 1 1207
2 1 887 1 1527
2 1 1207 1 1527
2 1 1014 1 1654
2 1 1202 1 1522
2 1 882 1 1522
2 1 882 1 1202
2 1 881 1 1201
2 1 879 1 1199
2 1 1199 1 1519
2 1 879 1 1519
2 1 1776 1 2096
2 1 1009 1 1649
2 1 878 1 1518
2 1 1197 1 1517
2 1 877 1 1197
2 1 877 1 1517
2 1 1196 1 1516
2 1 876 1 1196
2 1 876 1 1516
2 1 872 1 1512
2 1 871 1 1191
2 1 875 1 1515
2 1 1190 1 1510
2 1 997 1 1637
2 1 1444 1 1764
2 1 866 1 1506
2 1 867 1 1187
2 1 866 1 1186
2 1 1186 1 1506
2 1 994 1 1634
2 1 1760 1 2080
2 1 1313 1 1633
2 1 863 1 1183
2 1 863 1 1503
2 1 1183 1 1503
2 1 862 1 1182
2 1 1437 1 1757
2 1 1757 1 2077
2 1 1437 1 2077
2 1 990 1 1310
2 1 1309 1 1629
2 1 989 1 1309
2 1 989 1 1629
2 1 858 1 1178
2 1 1178 1 1498
2 1 858 1 1498
2 1 857 1 1497
2 1 1176 1 1496
2 1 856 1 1496
2 1 856 1 1176
2 1 1175 1 1495
2 1 855 1 1175
2 1 855 1 1495
2 1 983 1 1303
2 1 983 1 1623
2 1 1303 1 1623
2 1 1172 1 1492
2 1 1427 1 1747
2 1 1747 1 2067
2 1 1427 1 2067
2 1 1170 1 1490
2 1 850 1 1490
2 1 850 1 1170
2 1 849 1 1169
2 1 849 1 1489
2 1 1169 1 1489
2 1 1296 1 1616
2 1 1166 1 1486
2 1 845 1 1485
2 1 845 1 1165
2 1 1165 1 1485
2 1 1163 1 1483
2 1 1291 1 1611
2 1 1290 1 1610
2 1 970 1 1290
2 1 970 1 1610
2 1 1158 1 1478
2 1 838 1 1158
2 1 838 1 1478
2 1 836 1 1156
2 1 959 1 1919
2 1 959 1 2239
2 1 1919 1 2239
2 1 1022 1 1342
2 1 895 1 1535
2 1 1215 1 1535
2 1 895 1 1215
2 1 1470 1 2110
2 1 1470 1 1790
2 1 1790 1 2110
2 1 1918 1 2238
2 1 765 1 2045
2 1 765 1 1085
2 1 1085 1 2045
2 1 1469 1 1789
2 1 1789 1 2109
2 1 1469 1 2109
2 1 1084 1 2044
2 1 764 1 2044
2 1 764 1 1084
2 1 957 1 2237
2 1 1917 1 2237
2 1 957 1 1917
2 1 1083 1 2043
2 1 763 1 1083
2 1 763 1 2043
2 1 956 1 1916
2 1 1916 1 2236
2 1 956 1 2236
2 1 1787 1 2107
2 1 1915 1 2235
2 1 955 1 2235
2 1 955 1 1915
2 1 1082 1 2042
2 1 762 1 2042
2 1 762 1 1082
2 1 954 1 1914
2 1 1914 1 2234
2 1 954 1 2234
2 1 1913 1 2233
2 1 953 1 1913
2 1 953 1 2233
2 1 760 1 2040
2 1 952 1 1912
2 1 888 1 1208
2 1 1015 1 1655
2 1 1079 1 2039
2 1 1911 1 2231
2 1 1013 1 1653
2 1 1013 1 1333
2 1 1333 1 1653
2 1 1909 1 2229
2 1 1332 1 1652
2 1 1012 1 1652
2 1 1012 1 1332
2 1 885 1 1205
2 1 1780 1 2100
2 1 1075 1 2035
2 1 972 1 1292
2 1 1074 1 2034
2 1 946 1 2226
2 1 1073 1 2033
2 1 753 1 1073
2 1 753 1 2033
2 1 1905 1 2225
2 1 945 1 1905
2 1 945 1 2225
2 1 752 1 2032
2 1 1327 1 1647
2 1 880 1 1200
2 1 1904 1 2224
2 1 944 1 2224
2 1 944 1 1904
2 1 1071 1 2031
2 1 1903 1 2223
2 1 750 1 1070
2 1 942 1 1902
2 1 942 1 2222
2 1 1902 1 2222
2 1 941 1 2221
2 1 1900 1 2220
2 1 940 1 1900
2 1 940 1 2220
2 1 1067 1 2027
2 1 747 1 2027
2 1 747 1 1067
2 1 939 1 1899
2 1 746 1 2026
2 1 746 1 1066
2 1 1066 1 2026
2 1 938 1 2218
2 1 1450 1 1770
2 1 745 1 1065
2 1 744 1 2024
2 1 1064 1 2024
2 1 744 1 1064
2 1 937 1 2217
2 1 937 1 1897
2 1 1897 1 2217
2 1 936 1 2216
2 1 1767 1 2087
2 1 1447 1 2087
2 1 1447 1 1767
2 1 935 1 2215
2 1 935 1 1895
2 1 1895 1 2215
2 1 742 1 2022
2 1 742 1 1062
2 1 1062 1 2022
2 1 1766 1 2086
2 1 1446 1 2086
2 1 1446 1 1766
2 1 1894 1 2214
2 1 934 1 2214
2 1 934 1 1894
2 1 741 1 1061
2 1 1893 1 2213
2 1 933 1 1893
2 1 933 1 2213
2 1 1315 1 1635
2 1 868 1 1508
2 1 1188 1 1508
2 1 868 1 1188
2 1 1892 1 2212
2 1 932 1 2212
2 1 932 1 1892
2 1 1891 1 2211
2 1 738 1 1058
2 1 929 1 2209
2 1 992 1 1632
2 1 1312 1 1632
2 1 1441 1 2081
2 1 992 1 1312
2 1 1185 1 1505
2 1 865 1 1505
2 1 865 1 1185
2 1 991 1 1311
2 1 1184 1 1504
2 1 735 1 2015
2 1 1055 1 2015
2 1 735 1 1055
2 1 1887 1 2207
2 1 926 1 1886
2 1 1886 1 2206
2 1 926 1 2206
2 1 1438 1 1758
2 1 733 1 2013
2 1 988 1 1308
2 1 732 1 2012
2 1 925 1 2205
2 1 1307 1 1627
2 1 1436 1 2076
2 1 860 1 1180
2 1 1180 1 1500
2 1 860 1 1500
2 1 1884 1 2204
2 1 731 1 2011
2 1 1051 1 2011
2 1 731 1 1051
2 1 730 1 1050
2 1 922 1 1882
2 1 922 1 2202
2 1 1882 1 2202
2 1 729 1 1049
2 1 728 1 2008
2 1 1048 1 2008
2 1 728 1 1048
2 1 920 1 2200
2 1 1047 1 2007
2 1 727 1 1047
2 1 727 1 2007
2 1 981 1 1301
2 1 854 1 1174
2 1 1300 1 1620
2 1 1044 1 2004
2 1 1428 1 1748
2 1 1042 1 2002
2 1 1875 1 2195
2 1 915 1 1875
2 1 915 1 2195
2 1 721 1 1041
2 1 1041 1 2001
2 1 721 1 2001
2 1 1745 1 2065
2 1 1425 1 2065
2 1 1425 1 1745
2 1 913 1 1873
2 1 720 1 1040
2 1 720 1 2000
2 1 1040 1 2000
2 1 1872 1 2192
2 1 912 1 2192
2 1 912 1 1872
2 1 1294 1 1614
2 1 847 1 1487
2 1 847 1 1167
2 1 1167 1 1487
2 1 911 1 1871
2 1 718 1 1038
2 1 1038 1 1998
2 1 718 1 1998
2 1 1037 1 1997
2 1 717 1 1997
2 1 717 1 1037
2 1 909 1 2189
2 1 716 1 1036
2 1 1740 1 2060
2 1 1420 1 1740
2 1 1420 1 2060
2 1 715 1 1995
2 1 1035 1 1995
2 1 715 1 1035
2 1 908 1 2188
2 1 908 1 1868
2 1 1868 1 2188
2 1 1419 1 1739
2 1 714 1 1994
2 1 907 1 2187
2 1 907 1 1867
2 1 1867 1 2187
2 1 969 1 1289
2 1 1289 1 1609
2 1 969 1 1609
2 1 906 1 2186
2 1 968 1 1608
2 1 1288 1 1608
2 1 968 1 1288
2 1 1417 1 1737
2 1 712 1 1992
2 1 712 1 1032
2 1 1032 1 1992
2 1 1736 1 2056
2 1 711 1 1991
2 1 1031 1 1991
2 1 711 1 1031
2 1 1864 1 2184
2 1 710 1 1990
2 1 710 1 1030
2 1 1030 1 1990
2 1 903 1 2183
2 1 902 1 1862
2 1 1029 1 1989
2 1 709 1 1989
2 1 709 1 1029
2 1 708 1 1988
2 1 708 1 1028
2 1 1028 1 1988
2 1 901 1 1861
2 1 1860 1 2180
2 1 900 1 1860
2 1 900 1 2180
2 1 707 1 1027
2 1 707 1 1987
2 1 1027 1 1987
2 1 898 1 1858
2 1 898 1 2178
2 1 1858 1 2178
2 1 961 1 1281
2 1 1730 1 2050
2 1 834 1 1474
2 1 1154 1 1474
2 1 834 1 1154
2 1 705 1 1985
2 1 1153 1 1473
2 1 1280 1 1600
2 1 1024 1 1984
2 1 1857 1 2177
3 1 559 1 819 1 1779
3 1 559 1 819 1 1459
3 1 559 1 819 1 2099
3 1 510 1 999 1 1959
3 1 577 1 1189 1 1509
3 1 532 1 792 1 2072
3 1 466 1 1659 1 1979
3 1 583 1 939 1 1259
3 1 466 1 1019 1 1979
3 1 583 1 1259 1 1899
3 1 350 1 999 1 1319
3 1 549 1 809 1 1769
3 1 549 1 809 1 1449
3 1 447 1 1432 1 1752
3 1 594 1 950 1 1270
3 1 370 1 1019 1 1339
3 1 520 1 780 1 1740
3 1 568 1 828 1 1788
3 1 568 1 828 1 1468
3 1 568 1 828 1 2108
3 1 593 1 1269 1 2229
3 1 532 1 792 1 1432
3 1 328 1 1041 1 1361
3 1 566 1 826 1 2106
3 1 549 1 809 1 2089
3 1 593 1 1269 1 1909
3 1 487 1 1616 1 1936
3 1 493 1 918 1 2198
3 1 383 1 1352 1 1992
3 1 566 1 826 1 1786
3 1 554 1 814 1 2094
3 1 545 1 805 1 2085
3 1 370 1 1339 1 1659
3 1 447 1 1752 1 2072
3 1 415 1 1208 1 1848
3 1 340 1 733 1 1373
3 1 520 1 780 1 1420
3 1 520 1 780 1 2060
3 1 545 1 805 1 1765
3 1 545 1 805 1 1445
3 1 542 1 802 1 1442
3 1 542 1 802 1 1762
3 1 542 1 802 1 2082
3 1 394 1 1763 1 2083
3 1 543 1 803 1 2083
3 1 554 1 814 1 1774
3 1 554 1 814 1 1454
3 1 353 1 746 1 1386
3 1 555 1 815 1 2095
3 1 555 1 815 1 1775
3 1 555 1 815 1 1455
3 1 552 1 812 1 2092
3 1 552 1 812 1 1452
3 1 553 1 813 1 1773
3 1 553 1 813 1 2093
3 1 403 1 1452 1 1772
3 1 403 1 1772 1 2092
3 1 595 1 1271 1 2231
3 1 622 1 1234 1 2194
3 1 548 1 808 1 1768
3 1 364 1 1397 1 2037
3 1 594 1 1206 1 1526
3 1 447 1 856 1 1816
3 1 551 1 811 1 1451
3 1 540 1 800 1 2080
3 1 562 1 822 1 1782
3 1 459 1 1332 1 1972
3 1 522 1 782 1 1742
3 1 476 1 965 1 1925
3 1 600 1 1212 1 1532
3 1 540 1 800 1 1760
3 1 366 1 1335 1 1655
3 1 617 1 1229 1 2189
3 1 419 1 1532 1 1852
3 1 473 1 1602 1 1922
3 1 626 1 918 1 1238
3 1 461 1 950 1 2230
3 1 616 1 1228 1 2188
3 1 539 1 799 1 1759
3 1 452 1 1005 1 1965
3 1 580 1 936 1 1256
3 1 511 1 1640 1 1960
3 1 617 1 909 1 1229
3 1 448 1 1641 1 1961
3 1 390 1 1183 1 1823
3 1 406 1 1199 1 1839
3 1 607 1 899 1 1219
3 1 548 1 808 1 1448
3 1 397 1 1190 1 1830
3 1 343 1 736 1 1376
3 1 586 1 942 1 1262
3 1 627 1 919 1 1239
3 1 524 1 784 1 1424
3 1 460 1 1013 1 1973
3 1 511 1 1000 1 1960
3 1 334 1 1047 1 1367
3 1 592 1 884 1 1204
3 1 503 1 992 1 1952
3 1 460 1 1653 1 1973
3 1 328 1 721 1 1361
3 1 620 1 1168 1 1488
3 1 598 1 1210 1 1530
3 1 420 1 1213 1 1853
3 1 560 1 820 1 2100
3 1 526 1 722 1 1042
3 1 585 1 1261 1 2221
3 1 358 1 1071 1 1391
3 1 459 1 1012 1 1972
3 1 459 1 1908 1 2228
3 1 560 1 820 1 1780
3 1 353 1 1066 1 1386
3 1 339 1 1372 1 2012
3 1 556 1 816 1 2096
3 1 535 1 795 1 2075
3 1 377 1 706 1 1346
3 1 556 1 816 1 1776
3 1 426 1 1475 1 1795
3 1 521 1 781 1 1741
3 1 376 1 1345 1 1985
3 1 468 1 1021 1 1981
3 1 559 1 755 1 2035
3 1 587 1 1263 1 2223
3 1 591 1 1267 1 2227
3 1 610 1 902 1 1222
3 1 628 1 1240 1 2200
3 1 535 1 795 1 1755
3 1 399 1 1512 1 1832
3 1 535 1 795 1 1435
3 1 599 1 1275 1 2235
3 1 477 1 1606 1 1926
3 1 529 1 789 1 2069
3 1 405 1 878 1 1838
3 1 408 1 1201 1 1841
3 1 365 1 758 1 1398
3 1 359 1 1008 1 1328
3 1 323 1 716 1 1356
3 1 526 1 722 1 2002
3 1 515 1 775 1 2055
3 1 547 1 807 1 1767
3 1 430 1 1415 1 1735
3 1 477 1 1862 1 2182
3 1 567 1 827 1 2107
3 1 608 1 900 1 1220
3 1 610 1 1222 1 1862
3 1 435 1 1164 1 1804
3 1 362 1 1011 1 1331
3 1 515 1 775 1 1415
3 1 543 1 739 1 1059
3 1 430 1 1735 1 2055
3 1 580 1 872 1 1192
3 1 571 1 831 1 2111
3 1 558 1 754 1 1074
3 1 477 1 902 1 2182
3 1 352 1 1065 1 1385
3 1 429 1 1734 1 2054
3 1 505 1 930 1 2210
3 1 544 1 804 1 1764
3 1 514 1 774 1 2054
3 1 587 1 1263 1 1903
3 1 497 1 1626 1 1946
3 1 614 1 906 1 1226
3 1 385 1 1178 1 1818
3 1 485 1 1614 1 1934
