438 2240
2 1 1787 1 2107
2 1 1463 1 2103
2 1 1783 1 2103
2 1 1463 1 1783
2 1 1461 1 2101
2 1 1457 1 2097
2 1 1775 1 2095
2 1 1454 1 2094
2 1 1467 1 1787
2 1 1467 1 2107
2 1 1451 1 1771
2 1 1771 1 2091
2 1 1768 1 2088
2 1 1451 1 2091
2 1 1448 1 1768
2 1 1448 1 2088
2 1 1447 1 2087
2 1 1444 1 1764
2 1 1764 1 2084
2 1 1757 1 2077
2 1 1444 1 2084
2 1 1744 1 2064
2 1 1437 1 2077
2 1 1437 1 1757
2 1 1429 1 1749
2 1 1429 1 2069
2 1 1749 1 2069
2 1 1740 1 2060
2 1 1420 1 2060
2 1 1420 1 1740
2 1 1416 1 1736
2 1 1416 1 2056
2 1 1736 1 2056
2 1 1294 1 1614
2 1 1413 1 1733
2 1 1728 1 2048
2 1 1408 1 2048
2 1 966 1 1286
2 1 961 1 1281
2 1 1281 1 1601
2 1 961 1 1601
2 1 1409 1 1729
2 1 1014 1 1334
2 1 1408 1 1728
2 1 1014 1 1654
2 1 1020 1 1340
2 1 1334 1 1654
2 1 1332 1 1652
2 1 1012 1 1332
2 1 1012 1 1652
2 1 1459 1 1779
2 1 1460 1 1780
2 1 1010 1 1650
2 1 1010 1 1330
2 1 1330 1 1650
2 1 1008 1 1648
2 1 1001 1 1321
2 1 1321 1 1641
2 1 1001 1 1641
2 1 1317 1 1637
2 1 997 1 1637
2 1 997 1 1317
2 1 993 1 1313
2 1 1440 1 1760
2 1 984 1 1304
2 1 1304 1 1624
2 1 984 1 1624
2 1 980 1 1620
2 1 1300 1 1620
2 1 980 1 1300
2 1 977 1 1617
2 1 977 1 1297
2 1 1297 1 1617
2 1 835 1 1475
2 1 833 1 1153
2 1 895 1 1215
2 1 1154 1 1474
2 1 895 1 1535
2 1 1215 1 1535
2 1 1023 1 1343
2 1 1343 1 1663
2 1 1023 1 1663
2 1 1470 1 1790
2 1 1788 1 2108
2 1 1466 1 1786
2 1 1018 1 1658
2 1 1211 1 1531
2 1 891 1 1531
2 1 891 1 1211
2 1 884 1 1204
2 1 1204 1 1524
2 1 887 1 1207
2 1 884 1 1524
2 1 1778 1 2098
2 1 1011 1 1651
2 1 1201 1 1521
2 1 881 1 1521
2 1 881 1 1201
2 1 1198 1 1518
2 1 878 1 1518
2 1 878 1 1198
2 1 1773 1 2093
2 1 1453 1 2093
2 1 1453 1 1773
2 1 1006 1 1326
2 1 1005 1 1325
2 1 1005 1 1645
2 1 1325 1 1645
2 1 874 1 1194
2 1 1194 1 1514
2 1 874 1 1514
2 1 1322 1 1642
2 1 872 1 1192
2 1 1191 1 1511
2 1 870 1 1190
2 1 870 1 1510
2 1 1190 1 1510
2 1 871 1 1511
2 1 1318 1 1638
2 1 998 1 1638
2 1 871 1 1191
2 1 998 1 1318
2 1 1188 1 1508
2 1 864 1 1504
2 1 1441 1 2081
2 1 864 1 1184
2 1 1184 1 1504
2 1 1311 1 1631
2 1 860 1 1500
2 1 1181 1 1501
2 1 1308 1 1628
2 1 858 1 1178
2 1 856 1 1176
2 1 1175 1 1495
2 1 1174 1 1494
2 1 981 1 1301
2 1 1171 1 1491
2 1 1422 1 1742
2 1 1167 1 1487
2 1 847 1 1167
2 1 847 1 1487
2 1 845 1 1165
2 1 972 1 1292
2 1 972 1 1612
2 1 1292 1 1612
2 1 1418 1 1738
2 1 1418 1 2058
2 1 1738 1 2058
2 1 971 1 1291
2 1 1291 1 1611
2 1 971 1 1611
2 1 1161 1 1481
2 1 841 1 1161
2 1 841 1 1481
2 1 1160 1 1480
2 1 839 1 1479
2 1 1734 1 2054
2 1 1287 1 1607
2 1 967 1 1287
2 1 967 1 1607
2 1 837 1 1477
2 1 1732 1 2052
2 1 1856 1 2176
2 1 896 1 2176
2 1 896 1 1856
2 1 1087 1 2047
2 1 1471 1 1791
2 1 1791 1 2111
2 1 1471 1 2111
2 1 959 1 2239
2 1 959 1 1919
2 1 1919 1 2239
2 1 765 1 1085
2 1 958 1 2238
2 1 1918 1 2238
2 1 958 1 1918
2 1 1021 1 1661
2 1 1469 1 1789
2 1 1469 1 2109
2 1 1789 1 2109
2 1 1917 1 2237
2 1 1212 1 1532
2 1 763 1 1083
2 1 956 1 2236
2 1 1915 1 2235
2 1 1914 1 2234
2 1 954 1 2234
2 1 954 1 1914
2 1 890 1 1530
2 1 1337 1 1657
2 1 1017 1 1337
2 1 1017 1 1657
2 1 1913 1 2233
2 1 1016 1 1336
2 1 1465 1 1785
2 1 1465 1 2105
2 1 1785 1 2105
2 1 889 1 1209
2 1 760 1 2040
2 1 1208 1 1528
2 1 1015 1 1655
2 1 1079 1 2039
2 1 1333 1 1653
2 1 886 1 1526
2 1 950 1 2230
2 1 757 1 1077
2 1 1077 1 2037
2 1 757 1 2037
2 1 1076 1 2036
2 1 756 1 1076
2 1 756 1 2036
2 1 1909 1 2229
2 1 948 1 1908
2 1 1075 1 2035
2 1 947 1 2227
2 1 947 1 1907
2 1 1907 1 2227
2 1 882 1 1202
2 1 946 1 2226
2 1 753 1 2033
2 1 1073 1 2033
2 1 753 1 1073
2 1 1327 1 1647
2 1 1456 1 1776
2 1 880 1 1520
2 1 880 1 1200
2 1 1200 1 1520
2 1 944 1 1904
2 1 750 1 1070
2 1 942 1 2222
2 1 749 1 2029
2 1 941 1 1901
2 1 1004 1 1644
2 1 877 1 1517
2 1 877 1 1197
2 1 1197 1 1517
2 1 1452 1 2092
2 1 876 1 1516
2 1 876 1 1196
2 1 1196 1 1516
2 1 1900 1 2220
2 1 747 1 1067
2 1 747 1 2027
2 1 1067 1 2027
2 1 746 1 1066
2 1 938 1 2218
2 1 1450 1 2090
2 1 1450 1 1770
2 1 1770 1 2090
2 1 745 1 2025
2 1 1193 1 1513
2 1 1064 1 2024
2 1 1897 1 2217
2 1 937 1 2217
2 1 937 1 1897
2 1 1896 1 2216
2 1 743 1 1063
2 1 1063 1 2023
2 1 743 1 2023
2 1 1895 1 2215
2 1 935 1 2215
2 1 935 1 1895
2 1 742 1 2022
2 1 742 1 1062
2 1 1062 1 2022
2 1 1446 1 1766
2 1 1765 1 2085
2 1 996 1 1316
2 1 996 1 1636
2 1 1316 1 1636
2 1 1060 1 2020
2 1 933 1 2213
2 1 933 1 1893
2 1 1893 1 2213
2 1 931 1 2211
2 1 1187 1 1507
2 1 867 1 1187
2 1 867 1 1507
2 1 738 1 2018
2 1 1058 1 2018
2 1 738 1 1058
2 1 994 1 1314
2 1 994 1 1634
2 1 1314 1 1634
2 1 1442 1 2082
2 1 1185 1 1505
2 1 1312 1 1632
2 1 992 1 1312
2 1 992 1 1632
2 1 736 1 2016
2 1 736 1 1056
2 1 1056 1 2016
2 1 929 1 1889
2 1 735 1 2015
2 1 1887 1 2207
2 1 927 1 2207
2 1 927 1 1887
2 1 990 1 1310
2 1 1310 1 1630
2 1 990 1 1630
2 1 863 1 1183
2 1 734 1 2014
2 1 1309 1 1629
2 1 1758 1 2078
2 1 862 1 1182
2 1 733 1 1053
2 1 733 1 2013
2 1 1053 1 2013
2 1 1052 1 2012
2 1 1885 1 2205
2 1 732 1 1052
2 1 732 1 2012
2 1 924 1 1884
2 1 1884 1 2204
2 1 924 1 2204
2 1 923 1 1883
2 1 1306 1 1626
2 1 986 1 1626
2 1 986 1 1306
2 1 859 1 1499
2 1 1179 1 1499
2 1 859 1 1179
2 1 730 1 2010
2 1 730 1 1050
2 1 1050 1 2010
2 1 1434 1 2074
2 1 1882 1 2202
2 1 729 1 2009
2 1 729 1 1049
2 1 1049 1 2009
2 1 1048 1 2008
2 1 728 1 2008
2 1 728 1 1048
2 1 1432 1 2072
2 1 1752 1 2072
2 1 1432 1 1752
2 1 920 1 1880
2 1 727 1 1047
2 1 1751 1 2071
2 1 726 1 1046
2 1 1046 1 2006
2 1 726 1 2006
2 1 919 1 2199
2 1 1430 1 2070
2 1 918 1 2198
2 1 1878 1 2198
2 1 918 1 1878
2 1 724 1 2004
2 1 916 1 1876
2 1 916 1 2196
2 1 1876 1 2196
2 1 1428 1 1748
2 1 1748 1 2068
2 1 1428 1 2068
2 1 979 1 1299
2 1 852 1 1492
2 1 852 1 1172
2 1 1172 1 1492
2 1 1043 1 2003
2 1 723 1 2003
2 1 723 1 1043
2 1 1042 1 2002
2 1 1875 1 2195
2 1 1426 1 2066
2 1 914 1 2194
2 1 1874 1 2194
2 1 914 1 1874
2 1 1296 1 1616
2 1 1169 1 1489
2 1 720 1 1040
2 1 1040 1 2000
2 1 720 1 2000
2 1 913 1 1873
2 1 1872 1 2192
2 1 719 1 1039
2 1 719 1 1999
2 1 1039 1 1999
2 1 911 1 2191
2 1 910 1 1870
2 1 846 1 1166
2 1 1037 1 1997
2 1 717 1 1037
2 1 717 1 1997
2 1 1869 1 2189
2 1 716 1 1036
2 1 716 1 1996
2 1 1036 1 1996
2 1 908 1 1868
2 1 908 1 2188
2 1 1868 1 2188
2 1 907 1 2187
2 1 970 1 1290
2 1 843 1 1483
2 1 714 1 1994
2 1 969 1 1289
2 1 1033 1 1993
2 1 1737 1 2057
2 1 1417 1 2057
2 1 1417 1 1737
2 1 712 1 1032
2 1 711 1 1031
2 1 711 1 1991
2 1 1031 1 1991
2 1 904 1 1864
2 1 1864 1 2184
2 1 904 1 2184
2 1 903 1 1863
2 1 1863 1 2183
2 1 903 1 2183
2 1 710 1 1990
2 1 902 1 1862
2 1 965 1 1605
2 1 965 1 1285
2 1 1285 1 1605
2 1 709 1 1029
2 1 709 1 1989
2 1 1029 1 1989
2 1 1860 1 2180
2 1 900 1 2180
2 1 900 1 1860
2 1 963 1 1603
2 1 1027 1 1987
2 1 707 1 1027
2 1 707 1 1987
2 1 836 1 1156
2 1 1411 1 2051
2 1 1411 1 1731
2 1 1731 1 2051
2 1 1859 1 2179
2 1 706 1 1026
2 1 705 1 1985
2 1 705 1 1025
2 1 1025 1 1985
2 1 898 1 2178
2 1 897 1 1857
2 1 897 1 2177
2 1 1857 1 2177
2 1 1024 1 1984
