625 2240
2 1 1780 1 2100
2 1 1779 1 2099
2 1 1459 1 1779
2 1 1459 1 2099
2 1 1458 1 2098
2 1 1778 1 2098
2 1 1458 1 1778
2 1 1774 1 2094
2 1 1454 1 1774
2 1 1454 1 2094
2 1 1447 1 2087
2 1 1752 1 2072
2 1 1749 1 2069
2 1 1428 1 2068
2 1 1748 1 2068
2 1 1428 1 1748
2 1 1427 1 2067
2 1 1746 1 2066
2 1 1426 1 2066
2 1 1426 1 1746
2 1 1737 1 2057
2 1 974 1 1294
2 1 1420 1 1740
2 1 1415 1 2055
2 1 1291 1 1611
2 1 1735 1 2055
2 1 1415 1 1735
2 1 971 1 1291
2 1 971 1 1611
2 1 962 1 1282
2 1 1023 1 1343
2 1 1343 1 1663
2 1 1023 1 1663
2 1 1471 1 1791
2 1 1022 1 1662
2 1 1021 1 1661
2 1 1408 1 1728
2 1 1340 1 1660
2 1 1018 1 1658
2 1 1011 1 1331
2 1 1005 1 1325
2 1 1005 1 1645
2 1 1325 1 1645
2 1 1313 1 1633
2 1 990 1 1630
2 1 990 1 1310
2 1 1310 1 1630
2 1 989 1 1629
2 1 1308 1 1628
2 1 988 1 1308
2 1 992 1 1632
2 1 1312 1 1632
2 1 988 1 1628
2 1 1307 1 1627
2 1 986 1 1626
2 1 985 1 1305
2 1 985 1 1625
2 1 1305 1 1625
2 1 992 1 1312
2 1 980 1 1300
2 1 1297 1 1617
2 1 977 1 1617
2 1 979 1 1299
2 1 977 1 1297
2 1 963 1 1283
2 1 895 1 1215
2 1 892 1 1212
2 1 891 1 1531
2 1 1019 1 1659
2 1 889 1 1209
2 1 1464 1 1784
2 1 1462 1 2102
2 1 1016 1 1656
2 1 1461 1 2101
2 1 1781 1 2101
2 1 1461 1 1781
2 1 1204 1 1524
2 1 884 1 1204
2 1 884 1 1524
2 1 883 1 1523
2 1 883 1 1203
2 1 1203 1 1523
2 1 1457 1 2097
2 1 1330 1 1650
2 1 882 1 1522
2 1 1776 1 2096
2 1 1329 1 1649
2 1 1009 1 1649
2 1 1009 1 1329
2 1 879 1 1519
2 1 879 1 1199
2 1 1199 1 1519
2 1 1198 1 1518
2 1 877 1 1517
2 1 877 1 1197
2 1 1197 1 1517
2 1 1196 1 1516
2 1 1004 1 1324
2 1 1004 1 1644
2 1 1324 1 1644
2 1 1451 1 1771
2 1 1003 1 1323
2 1 1449 1 2089
2 1 1449 1 1769
2 1 1769 1 2089
2 1 1768 1 2088
2 1 1445 1 2085
2 1 1318 1 1638
2 1 871 1 1191
2 1 871 1 1511
2 1 1191 1 1511
2 1 1185 1 1505
2 1 1182 1 1502
2 1 1179 1 1499
2 1 860 1 1180
2 1 857 1 1177
2 1 856 1 1176
2 1 1176 1 1496
2 1 856 1 1496
2 1 984 1 1304
2 1 984 1 1624
2 1 1304 1 1624
2 1 1172 1 1492
2 1 852 1 1492
2 1 852 1 1172
2 1 1171 1 1491
2 1 851 1 1491
2 1 851 1 1171
2 1 850 1 1490
2 1 850 1 1170
2 1 1170 1 1490
2 1 1422 1 2062
2 1 1167 1 1487
2 1 975 1 1295
2 1 975 1 1615
2 1 1295 1 1615
2 1 845 1 1165
2 1 1165 1 1485
2 1 845 1 1485
2 1 1419 1 1739
2 1 972 1 1292
2 1 1292 1 1612
2 1 972 1 1612
2 1 844 1 1164
2 1 1736 1 2056
2 1 1416 1 1736
2 1 1416 1 2056
2 1 1289 1 1609
2 1 839 1 1479
2 1 1414 1 1734
2 1 836 1 1156
2 1 1413 1 1733
2 1 767 1 1087
2 1 767 1 2047
2 1 1087 1 2047
2 1 959 1 2239
2 1 959 1 1919
2 1 1919 1 2239
2 1 766 1 2046
2 1 766 1 1086
2 1 1086 1 2046
2 1 958 1 1918
2 1 958 1 2238
2 1 1918 1 2238
2 1 765 1 2045
2 1 765 1 1085
2 1 1085 1 2045
2 1 957 1 1917
2 1 956 1 2236
2 1 956 1 1916
2 1 1916 1 2236
2 1 763 1 1083
2 1 1017 1 1337
2 1 1337 1 1657
2 1 1017 1 1657
2 1 954 1 1914
2 1 1914 1 2234
2 1 954 1 2234
2 1 952 1 1912
2 1 888 1 1208
2 1 1015 1 1655
2 1 1015 1 1335
2 1 1335 1 1655
2 1 1911 1 2231
2 1 1463 1 2103
2 1 1463 1 1783
2 1 1783 1 2103
2 1 1014 1 1334
2 1 1334 1 1654
2 1 1014 1 1654
2 1 1013 1 1653
2 1 1333 1 1653
2 1 1013 1 1333
2 1 1206 1 1526
2 1 757 1 2037
2 1 885 1 1205
2 1 885 1 1525
2 1 1205 1 1525
2 1 1908 1 2228
2 1 755 1 1075
2 1 1075 1 2035
2 1 755 1 2035
2 1 947 1 1907
2 1 947 1 2227
2 1 1907 1 2227
2 1 754 1 1074
2 1 754 1 2034
2 1 1074 1 2034
2 1 946 1 1906
2 1 946 1 2226
2 1 1906 1 2226
2 1 753 1 2033
2 1 945 1 2225
2 1 945 1 1905
2 1 1905 1 2225
2 1 1008 1 1328
2 1 1328 1 1648
2 1 1008 1 1648
2 1 881 1 1521
2 1 1200 1 1520
2 1 880 1 1520
2 1 880 1 1200
2 1 1071 1 2031
2 1 751 1 2031
2 1 751 1 1071
2 1 1455 1 1775
2 1 1775 1 2095
2 1 1455 1 2095
2 1 750 1 1070
2 1 749 1 2029
2 1 1069 1 2029
2 1 749 1 1069
2 1 942 1 2222
2 1 941 1 2221
2 1 1453 1 2093
2 1 1773 1 2093
2 1 1453 1 1773
2 1 748 1 1068
2 1 1068 1 2028
2 1 748 1 2028
2 1 940 1 2220
2 1 875 1 1195
2 1 1002 1 1322
2 1 1002 1 1642
2 1 1322 1 1642
2 1 1450 1 1770
2 1 1770 1 2090
2 1 1450 1 2090
2 1 874 1 1194
2 1 1321 1 1641
2 1 1193 1 1513
2 1 1897 1 2217
2 1 1192 1 1512
2 1 872 1 1192
2 1 872 1 1512
2 1 1319 1 1639
2 1 1063 1 2023
2 1 743 1 2023
2 1 743 1 1063
2 1 1895 1 2215
2 1 742 1 2022
2 1 870 1 1190
2 1 870 1 1510
2 1 1190 1 1510
2 1 934 1 1894
2 1 741 1 2021
2 1 869 1 1189
2 1 1316 1 1636
2 1 740 1 2020
2 1 1444 1 2084
2 1 868 1 1508
2 1 868 1 1188
2 1 1188 1 1508
2 1 739 1 2019
2 1 994 1 1314
2 1 1187 1 1507
2 1 738 1 1058
2 1 1058 1 2018
2 1 738 1 2018
2 1 1442 1 2082
2 1 1442 1 1762
2 1 1762 1 2082
2 1 737 1 2017
2 1 737 1 1057
2 1 1057 1 2017
2 1 1441 1 1761
2 1 1761 1 2081
2 1 1441 1 2081
2 1 1056 1 2016
2 1 736 1 1056
2 1 736 1 2016
2 1 929 1 1889
2 1 1889 1 2209
2 1 929 1 2209
2 1 1440 1 1760
2 1 735 1 2015
2 1 1055 1 2015
2 1 735 1 1055
2 1 928 1 1888
2 1 928 1 2208
2 1 1888 1 2208
2 1 1439 1 2079
2 1 734 1 2014
2 1 734 1 1054
2 1 1054 1 2014
2 1 1887 1 2207
2 1 927 1 2207
2 1 927 1 1887
2 1 1438 1 1758
2 1 1438 1 2078
2 1 1758 1 2078
2 1 1053 1 2013
2 1 733 1 1053
2 1 733 1 2013
2 1 926 1 1886
2 1 732 1 1052
2 1 925 1 2205
2 1 730 1 1050
2 1 923 1 1883
2 1 1882 1 2202
2 1 922 1 1882
2 1 922 1 2202
2 1 921 1 1881
2 1 728 1 1048
2 1 728 1 2008
2 1 1048 1 2008
2 1 920 1 1880
2 1 727 1 2007
2 1 1302 1 1622
2 1 1175 1 1495
2 1 855 1 1175
2 1 855 1 1495
2 1 919 1 1879
2 1 1879 1 2199
2 1 919 1 2199
2 1 1430 1 2070
2 1 1430 1 1750
2 1 1750 1 2070
2 1 854 1 1174
2 1 1045 1 2005
2 1 725 1 2005
2 1 725 1 1045
2 1 724 1 1044
2 1 1044 1 2004
2 1 724 1 2004
2 1 1877 1 2197
2 1 916 1 2196
2 1 916 1 1876
2 1 1876 1 2196
2 1 1875 1 2195
2 1 915 1 1875
2 1 915 1 2195
2 1 1042 1 2002
2 1 722 1 2002
2 1 722 1 1042
2 1 914 1 1874
2 1 721 1 2001
2 1 1873 1 2193
2 1 913 1 2193
2 1 913 1 1873
2 1 976 1 1616
2 1 1296 1 1616
2 1 976 1 1296
2 1 1425 1 2065
2 1 1425 1 1745
2 1 1745 1 2065
2 1 849 1 1169
2 1 1169 1 1489
2 1 849 1 1489
2 1 1040 1 2000
2 1 720 1 1040
2 1 720 1 2000
2 1 1424 1 2064
2 1 1424 1 1744
2 1 1744 1 2064
2 1 719 1 1039
2 1 911 1 2191
2 1 910 1 2190
2 1 846 1 1166
2 1 1037 1 1997
2 1 717 1 1037
2 1 717 1 1997
2 1 716 1 1036
2 1 1036 1 1996
2 1 716 1 1996
2 1 908 1 1868
2 1 715 1 1995
2 1 907 1 1867
2 1 1867 1 2187
2 1 907 1 2187
2 1 970 1 1290
2 1 970 1 1610
2 1 1290 1 1610
2 1 714 1 1994
2 1 1034 1 1994
2 1 714 1 1034
2 1 1866 1 2186
2 1 1033 1 1993
2 1 905 1 2185
2 1 1865 1 2185
2 1 905 1 1865
2 1 712 1 1992
2 1 840 1 1480
2 1 904 1 1864
2 1 904 1 2184
2 1 1864 1 2184
2 1 711 1 1031
2 1 710 1 1990
2 1 1862 1 2182
2 1 902 1 1862
2 1 902 1 2182
2 1 838 1 1158
2 1 838 1 1478
2 1 1158 1 1478
2 1 1861 1 2181
2 1 964 1 1604
2 1 1028 1 1988
2 1 837 1 1157
2 1 1412 1 2052
2 1 1412 1 1732
2 1 1732 1 2052
2 1 1860 1 2180
2 1 1027 1 1987
2 1 1411 1 1731
2 1 1731 1 2051
2 1 1411 1 2051
2 1 899 1 2179
2 1 961 1 1281
2 1 1410 1 2050
2 1 1410 1 1730
2 1 1730 1 2050
2 1 1154 1 1474
2 1 1025 1 1985
2 1 1858 1 2178
2 1 898 1 2178
2 1 898 1 1858
2 1 1729 1 2049
2 1 1409 1 2049
2 1 1409 1 1729
2 1 1024 1 1984
2 1 896 1 2176
2 1 896 1 1856
2 1 1856 1 2176
2 1 1857 1 2177
3 1 604 1 1152 1 1472
3 1 378 1 1347 1 1987
3 1 589 1 1265 1 2225
3 1 589 1 945 1 1265
3 1 470 1 1023 1 1983
3 1 559 1 819 1 2099
3 1 378 1 1027 1 1347
3 1 419 1 1788 1 2108
3 1 554 1 814 1 2094
3 1 554 1 814 1 1454
3 1 554 1 814 1 1774
3 1 398 1 1447 1 1767
3 1 398 1 1767 1 2087
3 1 528 1 788 1 2068
3 1 590 1 946 1 1266
3 1 561 1 821 1 1461
3 1 547 1 807 1 2087
3 1 560 1 820 1 1780
3 1 561 1 821 1 1781
3 1 547 1 807 1 1447
3 1 493 1 1302 1 1942
3 1 560 1 820 1 2100
3 1 568 1 828 1 2108
3 1 561 1 821 1 2101
3 1 463 1 952 1 2232
3 1 594 1 1270 1 2230
3 1 589 1 1265 1 1905
3 1 529 1 789 1 1749
3 1 532 1 792 1 1752
3 1 583 1 939 1 1259
3 1 403 1 1452 1 1772
3 1 575 1 771 1 1731
3 1 429 1 1158 1 1798
3 1 529 1 789 1 2069
3 1 435 1 844 1 1804
3 1 429 1 838 1 1798
3 1 532 1 792 1 2072
3 1 559 1 819 1 1779
3 1 450 1 939 1 2219
3 1 552 1 812 1 1452
3 1 559 1 819 1 1459
3 1 558 1 818 1 2098
3 1 558 1 818 1 1458
3 1 558 1 818 1 1778
3 1 485 1 1294 1 1934
3 1 463 1 1912 1 2232
3 1 533 1 793 1 2073
3 1 384 1 1753 1 2073
3 1 596 1 1272 1 1912
3 1 329 1 978 1 1298
3 1 328 1 721 1 1361
3 1 596 1 952 1 1272
3 1 575 1 771 1 1411
3 1 575 1 771 1 2051
3 1 550 1 746 1 2026
3 1 353 1 1386 1 2026
3 1 515 1 775 1 1415
3 1 517 1 777 1 1737
3 1 528 1 788 1 1748
3 1 528 1 788 1 1428
3 1 401 1 874 1 1834
3 1 549 1 809 1 2089
3 1 415 1 888 1 1848
3 1 595 1 1271 1 2231
3 1 380 1 709 1 1349
3 1 402 1 875 1 1835
3 1 332 1 725 1 1365
3 1 579 1 1255 1 2215
3 1 491 1 1300 1 1940
3 1 354 1 1387 1 2027
3 1 549 1 809 1 1449
3 1 606 1 898 1 1218
3 1 496 1 1305 1 1945
3 1 485 1 974 1 1934
3 1 476 1 965 1 1925
3 1 610 1 902 1 1222
3 1 435 1 1164 1 1804
3 1 625 1 1173 1 1493
3 1 402 1 1195 1 1835
3 1 427 1 836 1 1796
3 1 462 1 1655 1 1975
3 1 416 1 1465 1 1785
3 1 372 1 1085 1 1405
3 1 368 1 1081 1 1401
3 1 604 1 1216 1 2176
3 1 621 1 913 1 1233
3 1 347 1 1380 1 2020
3 1 553 1 813 1 1773
3 1 605 1 1153 1 1473
3 1 556 1 816 1 1776
3 1 516 1 776 1 1416
3 1 401 1 1194 1 1834
3 1 415 1 1208 1 1848
3 1 342 1 991 1 1311
3 1 400 1 1513 1 1833
3 1 438 1 1167 1 1807
3 1 522 1 782 1 2062
3 1 610 1 1222 1 1862
3 1 438 1 1487 1 1807
3 1 609 1 1221 1 2181
3 1 610 1 1222 1 2182
3 1 422 1 1215 1 1855
3 1 565 1 825 1 1465
3 1 611 1 1159 1 1479
3 1 584 1 1260 1 2220
3 1 504 1 1313 1 1953
3 1 609 1 1221 1 1861
3 1 493 1 1622 1 1942
3 1 573 1 769 1 1409
3 1 573 1 769 1 2049
3 1 573 1 769 1 1729
3 1 372 1 1021 1 1341
3 1 574 1 770 1 1410
3 1 357 1 1006 1 1326
3 1 512 1 708 1 1028
3 1 358 1 1391 1 2031
3 1 590 1 1266 1 1906
3 1 565 1 761 1 1081
3 1 350 1 1383 1 2023
3 1 439 1 1488 1 1808
3 1 620 1 1168 1 1488
3 1 443 1 1492 1 1812
3 1 524 1 784 1 2064
3 1 422 1 895 1 1855
3 1 517 1 777 1 2057
3 1 524 1 784 1 1744
3 1 466 1 1019 1 1979
3 1 394 1 1507 1 1827
3 1 618 1 1230 1 2190
3 1 491 1 980 1 1940
3 1 574 1 770 1 1730
3 1 339 1 732 1 1372
3 1 416 1 889 1 1849
3 1 574 1 770 1 2050
3 1 400 1 1193 1 1833
3 1 437 1 1422 1 1742
3 1 514 1 774 1 1414
3 1 582 1 1258 1 2218
3 1 489 1 914 1 2194
3 1 326 1 1039 1 1359
3 1 551 1 747 1 2027
3 1 634 1 926 1 1246
3 1 514 1 774 1 1734
3 1 502 1 991 1 1951
3 1 611 1 839 1 1159
3 1 424 1 1473 1 1793
3 1 590 1 882 1 1202
3 1 621 1 1233 1 1873
3 1 442 1 1171 1 1811
3 1 423 1 1472 1 1792
3 1 390 1 1183 1 1823
3 1 511 1 1320 1 1960
3 1 483 1 1868 1 2188
3 1 416 1 1209 1 1849
3 1 506 1 1315 1 1955
3 1 580 1 1256 1 2216
3 1 444 1 1493 1 1813
3 1 475 1 1604 1 1924
3 1 396 1 1445 1 1765
3 1 483 1 908 1 2188
3 1 509 1 934 1 2214
3 1 549 1 809 1 1769
3 1 396 1 1765 1 2085
3 1 606 1 1218 1 1858
3 1 606 1 1218 1 2178
3 1 379 1 1348 1 1988
3 1 375 1 1024 1 1344
3 1 376 1 1025 1 1345
3 1 524 1 784 1 1424
3 1 379 1 964 1 1284
3 1 556 1 752 1 2032
3 1 379 1 1028 1 1348
3 1 342 1 1375 1 2015
3 1 572 1 704 1 1984
3 1 446 1 1175 1 1815
3 1 326 1 719 1 1359
3 1 572 1 704 1 1024
3 1 517 1 713 1 1993
3 1 408 1 881 1 1841
3 1 636 1 1184 1 1504
3 1 446 1 855 1 1815
