439 2240
2 1 1791 1 2111
2 1 1471 1 1791
2 1 1471 1 2111
2 1 1459 1 2099
2 1 1774 1 2094
2 1 1773 1 2093
2 1 1453 1 1773
2 1 1453 1 2093
2 1 1452 1 2092
2 1 1448 1 2088
2 1 1768 1 2088
2 1 1448 1 1768
2 1 1758 1 2078
2 1 1431 1 2071
2 1 1431 1 1751
2 1 1751 1 2071
2 1 1748 1 2068
2 1 1422 1 1742
2 1 1422 1 2062
2 1 1742 1 2062
2 1 1737 1 2057
2 1 1736 1 2056
2 1 1414 1 1734
2 1 1420 1 1740
2 1 1734 1 2054
2 1 1414 1 2054
2 1 1415 1 1735
2 1 1420 1 2060
2 1 1740 1 2060
2 1 965 1 1285
2 1 1285 1 1605
2 1 965 1 1605
2 1 1412 1 1732
2 1 963 1 1283
2 1 1408 1 1728
2 1 1017 1 1337
2 1 1337 1 1657
2 1 1022 1 1342
2 1 1017 1 1657
2 1 1465 1 1785
2 1 1334 1 1654
2 1 1013 1 1653
2 1 1016 1 1656
2 1 1333 1 1653
2 1 1013 1 1333
2 1 1012 1 1652
2 1 1010 1 1330
2 1 1005 1 1325
2 1 1003 1 1323
2 1 1323 1 1643
2 1 1003 1 1643
2 1 1321 1 1641
2 1 1001 1 1321
2 1 1001 1 1641
2 1 1313 1 1633
2 1 991 1 1631
2 1 1439 1 1759
2 1 1309 1 1629
2 1 1336 1 1656
2 1 987 1 1307
2 1 1306 1 1626
2 1 986 1 1626
2 1 986 1 1306
2 1 1434 1 1754
2 1 984 1 1304
2 1 1303 1 1623
2 1 983 1 1303
2 1 983 1 1623
2 1 979 1 1619
2 1 835 1 1155
2 1 1154 1 1474
2 1 1152 1 1472
2 1 895 1 1215
2 1 1470 1 2110
2 1 1343 1 1663
2 1 1023 1 1663
2 1 1023 1 1343
2 1 1213 1 1533
2 1 893 1 1533
2 1 893 1 1213
2 1 1788 1 2108
2 1 1340 1 1660
2 1 889 1 1209
2 1 888 1 1208
2 1 1204 1 1524
2 1 1203 1 1523
2 1 883 1 1523
2 1 883 1 1203
2 1 1011 1 1651
2 1 1776 1 2096
2 1 1775 1 2095
2 1 1008 1 1328
2 1 1008 1 1648
2 1 1328 1 1648
2 1 878 1 1198
2 1 1198 1 1518
2 1 878 1 1518
2 1 1197 1 1517
2 1 877 1 1517
2 1 877 1 1197
2 1 876 1 1196
2 1 876 1 1516
2 1 1196 1 1516
2 1 1771 1 2091
2 1 1016 1 1336
2 1 1324 1 1644
2 1 874 1 1194
2 1 874 1 1514
2 1 1194 1 1514
2 1 1192 1 1512
2 1 1318 1 1638
2 1 1191 1 1511
2 1 998 1 1638
2 1 998 1 1318
2 1 871 1 1191
2 1 871 1 1511
2 1 1441 1 2081
2 1 864 1 1504
2 1 864 1 1184
2 1 1764 1 2084
2 1 1184 1 1504
2 1 862 1 1182
2 1 1179 1 1499
2 1 1178 1 1498
2 1 857 1 1177
2 1 1302 1 1622
2 1 982 1 1622
2 1 854 1 1494
2 1 1749 1 2069
2 1 1444 1 2084
2 1 982 1 1302
2 1 852 1 1492
2 1 1172 1 1492
2 1 852 1 1172
2 1 1171 1 1491
2 1 851 1 1491
2 1 851 1 1171
2 1 850 1 1170
2 1 978 1 1618
2 1 1297 1 1617
2 1 977 1 1297
2 1 977 1 1617
2 1 1166 1 1486
2 1 1421 1 2061
2 1 1294 1 1614
2 1 974 1 1614
2 1 974 1 1294
2 1 844 1 1484
2 1 1164 1 1484
2 1 844 1 1164
2 1 1419 1 1739
2 1 1739 1 2059
2 1 1419 1 2059
2 1 1418 1 2058
2 1 1418 1 1738
2 1 1738 1 2058
2 1 971 1 1611
2 1 1291 1 1611
2 1 971 1 1291
2 1 841 1 1481
2 1 840 1 1160
2 1 840 1 1480
2 1 1160 1 1480
2 1 839 1 1479
2 1 838 1 1158
2 1 1413 1 1733
2 1 767 1 1087
2 1 959 1 1919
2 1 959 1 2239
2 1 1919 1 2239
2 1 958 1 2238
2 1 894 1 1214
2 1 1214 1 1534
2 1 894 1 1534
2 1 1021 1 1661
2 1 1021 1 1341
2 1 1341 1 1661
2 1 1469 1 2109
2 1 764 1 2044
2 1 1444 1 1764
2 1 1339 1 1659
2 1 1212 1 1532
2 1 956 1 1916
2 1 891 1 1531
2 1 1211 1 1531
2 1 891 1 1211
2 1 1915 1 2235
2 1 762 1 1082
2 1 761 1 2041
2 1 761 1 1081
2 1 1081 1 2041
2 1 953 1 2233
2 1 1913 1 2233
2 1 953 1 1913
2 1 760 1 1080
2 1 952 1 1912
2 1 952 1 2232
2 1 1912 1 2232
2 1 759 1 1079
2 1 1079 1 2039
2 1 759 1 2039
2 1 1783 1 2103
2 1 1463 1 2103
2 1 1463 1 1783
2 1 951 1 1911
2 1 758 1 2038
2 1 758 1 1078
2 1 1078 1 2038
2 1 757 1 1077
2 1 950 1 2230
2 1 1461 1 2101
2 1 1781 1 2101
2 1 1461 1 1781
2 1 756 1 1076
2 1 949 1 2229
2 1 1908 1 2228
2 1 948 1 1908
2 1 948 1 2228
2 1 754 1 2034
2 1 946 1 1906
2 1 882 1 1522
2 1 1202 1 1522
2 1 882 1 1202
2 1 1329 1 1649
2 1 1009 1 1329
2 1 1009 1 1649
2 1 753 1 1073
2 1 1457 1 2097
2 1 1327 1 1647
2 1 1200 1 1520
2 1 944 1 1904
2 1 879 1 1519
2 1 879 1 1199
2 1 1199 1 1519
2 1 1070 1 2030
2 1 750 1 2030
2 1 750 1 1070
2 1 749 1 2029
2 1 749 1 1069
2 1 1069 1 2029
2 1 941 1 1901
2 1 941 1 2221
2 1 1901 1 2221
2 1 748 1 1068
2 1 748 1 2028
2 1 1068 1 2028
2 1 940 1 2220
2 1 747 1 2027
2 1 875 1 1515
2 1 875 1 1195
2 1 1195 1 1515
2 1 939 1 1899
2 1 1066 1 2026
2 1 1898 1 2218
2 1 745 1 1065
2 1 745 1 2025
2 1 1065 1 2025
2 1 1449 1 2089
2 1 1449 1 1769
2 1 1769 1 2089
2 1 744 1 1064
2 1 937 1 2217
2 1 743 1 1063
2 1 936 1 2216
2 1 935 1 2215
2 1 1447 1 2087
2 1 1767 1 2087
2 1 1447 1 1767
2 1 742 1 2022
2 1 1190 1 1510
2 1 1317 1 1637
2 1 741 1 2021
2 1 934 1 2214
2 1 934 1 1894
2 1 1894 1 2214
2 1 1316 1 1636
2 1 996 1 1316
2 1 996 1 1636
2 1 740 1 2020
2 1 1315 1 1635
2 1 995 1 1635
2 1 995 1 1315
2 1 739 1 2019
2 1 867 1 1507
2 1 1187 1 1507
2 1 867 1 1187
2 1 1891 1 2211
2 1 738 1 2018
2 1 738 1 1058
2 1 1058 1 2018
2 1 737 1 2017
2 1 1312 1 1632
2 1 736 1 1056
2 1 736 1 2016
2 1 1056 1 2016
2 1 929 1 2209
2 1 929 1 1889
2 1 1889 1 2209
2 1 735 1 2015
2 1 1055 1 2015
2 1 735 1 1055
2 1 1054 1 2014
2 1 927 1 1887
2 1 1886 1 2206
2 1 926 1 1886
2 1 926 1 2206
2 1 733 1 2013
2 1 925 1 2205
2 1 1885 1 2205
2 1 925 1 1885
2 1 1757 1 2077
2 1 1437 1 1757
2 1 1437 1 2077
2 1 861 1 1501
2 1 1181 1 1501
2 1 861 1 1181
2 1 988 1 1628
2 1 732 1 2012
2 1 1052 1 2012
2 1 732 1 1052
2 1 1756 1 2076
2 1 1755 1 2075
2 1 923 1 2203
2 1 729 1 1049
2 1 1882 1 2202
2 1 922 1 2202
2 1 922 1 1882
2 1 1753 1 2073
2 1 1881 1 2201
2 1 921 1 2201
2 1 921 1 1881
2 1 1048 1 2008
2 1 1432 1 1752
2 1 1752 1 2072
2 1 1432 1 2072
2 1 1047 1 2007
2 1 727 1 2007
2 1 727 1 1047
2 1 1880 1 2200
2 1 920 1 2200
2 1 920 1 1880
2 1 726 1 1046
2 1 1046 1 2006
2 1 726 1 2006
2 1 919 1 1879
2 1 1879 1 2199
2 1 919 1 2199
2 1 918 1 1878
2 1 918 1 2198
2 1 1878 1 2198
2 1 917 1 1877
2 1 724 1 2004
2 1 1044 1 2004
2 1 724 1 1044
2 1 1876 1 2196
2 1 723 1 1043
2 1 915 1 2195
2 1 915 1 1875
2 1 1875 1 2195
2 1 1042 1 2002
2 1 722 1 1042
2 1 722 1 2002
2 1 914 1 1874
2 1 913 1 1873
2 1 1169 1 1489
2 1 849 1 1489
2 1 849 1 1169
2 1 1296 1 1616
2 1 976 1 1296
2 1 976 1 1616
2 1 975 1 1295
2 1 1872 1 2192
2 1 1424 1 1744
2 1 1743 1 2063
2 1 1423 1 1743
2 1 1423 1 2063
2 1 910 1 2190
2 1 909 1 2189
2 1 1165 1 1485
2 1 845 1 1165
2 1 845 1 1485
2 1 716 1 1036
2 1 716 1 1996
2 1 1036 1 1996
2 1 972 1 1292
2 1 715 1 1995
2 1 907 1 2187
2 1 907 1 1867
2 1 1867 1 2187
2 1 970 1 1290
2 1 970 1 1610
2 1 1290 1 1610
2 1 1163 1 1483
2 1 843 1 1483
2 1 843 1 1163
2 1 1866 1 2186
2 1 969 1 1609
2 1 969 1 1289
2 1 1289 1 1609
2 1 842 1 1482
2 1 712 1 1992
2 1 1032 1 1992
2 1 712 1 1032
2 1 904 1 2184
2 1 904 1 1864
2 1 1864 1 2184
2 1 1031 1 1991
2 1 711 1 1991
2 1 711 1 1031
2 1 903 1 2183
2 1 1030 1 1990
2 1 710 1 1990
2 1 710 1 1030
2 1 902 1 1862
2 1 902 1 2182
2 1 1862 1 2182
2 1 709 1 1989
2 1 901 1 2181
2 1 1861 1 2181
2 1 901 1 1861
2 1 964 1 1604
2 1 708 1 1028
2 1 708 1 1988
2 1 1028 1 1988
2 1 837 1 1477
2 1 1860 1 2180
2 1 1027 1 1987
2 1 1731 1 2051
2 1 1411 1 1731
2 1 1411 1 2051
2 1 899 1 2179
2 1 1410 1 1730
2 1 1730 1 2050
2 1 1410 1 2050
2 1 898 1 2178
2 1 1409 1 2049
2 1 1153 1 1473
2 1 1024 1 1984
2 1 897 1 2177
