690 2240
2 1 1784 1 2104
2 1 1466 1 2106
2 1 1786 1 2106
2 1 1466 1 1786
2 1 1457 1 2097
2 1 1776 1 2096
2 1 1456 1 2096
2 1 1456 1 1776
2 1 1455 1 1775
2 1 1455 1 2095
2 1 1773 1 2093
2 1 1767 1 2087
2 1 1447 1 2087
2 1 1447 1 1767
2 1 1440 1 1760
2 1 1440 1 2080
2 1 1775 1 2095
2 1 1760 1 2080
2 1 1439 1 2079
2 1 1423 1 2063
2 1 1743 1 2063
2 1 1423 1 1743
2 1 1739 1 2059
2 1 1419 1 1739
2 1 1419 1 2059
2 1 1417 1 1737
2 1 1737 1 2057
2 1 1417 1 2057
2 1 1735 1 2055
2 1 1733 1 2053
2 1 1413 1 2053
2 1 1413 1 1733
2 1 1732 1 2052
2 1 1412 1 2052
2 1 1412 1 1732
2 1 1290 1 1610
2 1 970 1 1290
2 1 970 1 1610
2 1 1418 1 1738
2 1 1288 1 1608
2 1 1287 1 1607
2 1 966 1 1286
2 1 1281 1 1601
2 1 961 1 1601
2 1 961 1 1281
2 1 1337 1 1657
2 1 1335 1 1655
2 1 1462 1 1782
2 1 1013 1 1653
2 1 1011 1 1331
2 1 1329 1 1649
2 1 1009 1 1649
2 1 1009 1 1329
2 1 1328 1 1648
2 1 1318 1 1638
2 1 1326 1 1646
2 1 1004 1 1324
2 1 1324 1 1644
2 1 998 1 1638
2 1 998 1 1318
2 1 1004 1 1644
2 1 1316 1 1636
2 1 996 1 1316
2 1 996 1 1636
2 1 1310 1 1630
2 1 989 1 1309
2 1 1309 1 1629
2 1 989 1 1629
2 1 988 1 1308
2 1 1432 1 1752
2 1 980 1 1300
2 1 1300 1 1620
2 1 980 1 1620
2 1 1425 1 1745
2 1 976 1 1296
2 1 987 1 1307
2 1 960 1 1600
2 1 1469 1 1789
2 1 1789 1 2109
2 1 1469 1 2109
2 1 1788 1 2108
2 1 891 1 1531
2 1 891 1 1211
2 1 1211 1 1531
2 1 890 1 1210
2 1 1018 1 1658
2 1 1018 1 1338
2 1 1338 1 1658
2 1 888 1 1528
2 1 886 1 1206
2 1 887 1 1527
2 1 1781 1 2101
2 1 1461 1 2101
2 1 1461 1 1781
2 1 1014 1 1654
2 1 1204 1 1524
2 1 884 1 1524
2 1 884 1 1204
2 1 1459 1 2099
2 1 1779 1 2099
2 1 1459 1 1779
2 1 882 1 1522
2 1 1201 1 1521
2 1 880 1 1200
2 1 1200 1 1520
2 1 880 1 1520
2 1 879 1 1519
2 1 1199 1 1519
2 1 879 1 1199
2 1 1454 1 2094
2 1 1197 1 1517
2 1 877 1 1197
2 1 877 1 1517
2 1 1452 1 1772
2 1 875 1 1195
2 1 1192 1 1512
2 1 1191 1 1511
2 1 1766 1 2086
2 1 1446 1 2086
2 1 1446 1 1766
2 1 1319 1 1639
2 1 999 1 1639
2 1 999 1 1319
2 1 869 1 1189
2 1 1189 1 1509
2 1 869 1 1509
2 1 1187 1 1507
2 1 1315 1 1635
2 1 1314 1 1634
2 1 864 1 1184
2 1 863 1 1183
2 1 863 1 1503
2 1 1183 1 1503
2 1 862 1 1182
2 1 1182 1 1502
2 1 862 1 1502
2 1 1180 1 1500
2 1 859 1 1499
2 1 1178 1 1498
2 1 1177 1 1497
2 1 1751 1 2071
2 1 1750 1 2070
2 1 1303 1 1623
2 1 983 1 1303
2 1 983 1 1623
2 1 853 1 1493
2 1 1172 1 1492
2 1 849 1 1169
2 1 1424 1 2064
2 1 1744 1 2064
2 1 1424 1 1744
2 1 1297 1 1617
2 1 977 1 1617
2 1 977 1 1297
2 1 847 1 1487
2 1 1167 1 1487
2 1 847 1 1167
2 1 1741 1 2061
2 1 974 1 1294
2 1 1294 1 1614
2 1 974 1 1614
2 1 1740 1 2060
2 1 843 1 1483
2 1 1163 1 1483
2 1 843 1 1163
2 1 1162 1 1482
2 1 842 1 1482
2 1 842 1 1162
2 1 841 1 1161
2 1 838 1 1478
2 1 1157 1 1477
2 1 836 1 1476
2 1 836 1 1156
2 1 1156 1 1476
2 1 840 1 1480
2 1 1408 1 2048
2 1 1728 1 2048
2 1 1408 1 1728
2 1 896 1 2176
2 1 1791 1 2111
2 1 1215 1 1535
2 1 766 1 2046
2 1 959 1 2239
2 1 1919 1 2239
2 1 959 1 1919
2 1 1214 1 1534
2 1 1021 1 1661
2 1 1340 1 1660
2 1 1020 1 1340
2 1 1020 1 1660
2 1 1916 1 2236
2 1 1019 1 1659
2 1 1019 1 1339
2 1 1339 1 1659
2 1 1212 1 1532
2 1 892 1 1532
2 1 892 1 1212
2 1 1915 1 2235
2 1 1082 1 2042
2 1 954 1 1914
2 1 954 1 2234
2 1 1914 1 2234
2 1 953 1 1913
2 1 1913 1 2233
2 1 953 1 2233
2 1 1016 1 1656
2 1 1336 1 1656
2 1 1016 1 1336
2 1 889 1 1529
2 1 760 1 1080
2 1 760 1 2040
2 1 1080 1 2040
2 1 759 1 1079
2 1 759 1 2039
2 1 1079 1 2039
2 1 951 1 2231
2 1 758 1 1078
2 1 949 1 2229
2 1 885 1 1205
2 1 756 1 1076
2 1 1076 1 2036
2 1 756 1 2036
2 1 1460 1 2100
2 1 1010 1 1330
2 1 1330 1 1650
2 1 1010 1 1650
2 1 1203 1 1523
2 1 947 1 1907
2 1 1906 1 2226
2 1 1458 1 2098
2 1 1072 1 2032
2 1 1071 1 2031
2 1 751 1 1071
2 1 751 1 2031
2 1 943 1 2223
2 1 750 1 2030
2 1 878 1 1198
2 1 878 1 1518
2 1 1198 1 1518
2 1 1902 1 2222
2 1 942 1 1902
2 1 942 1 2222
2 1 749 1 1069
2 1 940 1 1900
2 1 940 1 2220
2 1 1900 1 2220
2 1 1003 1 1323
2 1 876 1 1196
2 1 1196 1 1516
2 1 876 1 1516
2 1 1899 1 2219
2 1 746 1 2026
2 1 1066 1 2026
2 1 746 1 1066
2 1 1770 1 2090
2 1 1450 1 1770
2 1 1450 1 2090
2 1 745 1 2025
2 1 938 1 2218
2 1 1320 1 1640
2 1 1449 1 2089
2 1 1449 1 1769
2 1 1769 1 2089
2 1 1193 1 1513
2 1 1064 1 2024
2 1 744 1 2024
2 1 744 1 1064
2 1 937 1 2217
2 1 1448 1 2088
2 1 1063 1 2023
2 1 743 1 1063
2 1 743 1 2023
2 1 1896 1 2216
2 1 934 1 2214
2 1 997 1 1637
2 1 1317 1 1637
2 1 997 1 1317
2 1 870 1 1190
2 1 870 1 1510
2 1 1190 1 1510
2 1 741 1 2021
2 1 1061 1 2021
2 1 741 1 1061
2 1 1445 1 1765
2 1 740 1 2020
2 1 1060 1 2020
2 1 740 1 1060
2 1 1059 1 2019
2 1 739 1 1059
2 1 739 1 2019
2 1 1892 1 2212
2 1 932 1 2212
2 1 932 1 1892
2 1 738 1 2018
2 1 931 1 1891
2 1 993 1 1313
2 1 993 1 1633
2 1 1313 1 1633
2 1 737 1 2017
2 1 930 1 1890
2 1 865 1 1185
2 1 736 1 1056
2 1 735 1 1055
2 1 735 1 2015
2 1 1055 1 2015
2 1 927 1 2207
2 1 734 1 1054
2 1 926 1 1886
2 1 733 1 2013
2 1 733 1 1053
2 1 1053 1 2013
2 1 1052 1 2012
2 1 732 1 2012
2 1 732 1 1052
2 1 925 1 1885
2 1 924 1 1884
2 1 1435 1 2075
2 1 1755 1 2075
2 1 1435 1 1755
2 1 923 1 1883
2 1 730 1 1050
2 1 1434 1 1754
2 1 1754 1 2074
2 1 1434 1 2074
2 1 729 1 2009
2 1 729 1 1049
2 1 1049 1 2009
2 1 922 1 2202
2 1 1753 1 2073
2 1 1433 1 1753
2 1 1433 1 2073
2 1 921 1 2201
2 1 1881 1 2201
2 1 921 1 1881
2 1 728 1 1048
2 1 920 1 1880
2 1 1880 1 2200
2 1 920 1 2200
2 1 1879 1 2199
2 1 919 1 1879
2 1 919 1 2199
2 1 982 1 1302
2 1 855 1 1175
2 1 1878 1 2198
2 1 981 1 1621
2 1 854 1 1494
2 1 725 1 2005
2 1 725 1 1045
2 1 1045 1 2005
2 1 1877 1 2197
2 1 1429 1 2069
2 1 1044 1 2004
2 1 723 1 1043
2 1 723 1 2003
2 1 1043 1 2003
2 1 722 1 1042
2 1 722 1 2002
2 1 1042 1 2002
2 1 915 1 1875
2 1 1041 1 2001
2 1 913 1 1873
2 1 1873 1 2193
2 1 913 1 2193
2 1 720 1 2000
2 1 912 1 2192
2 1 1872 1 2192
2 1 912 1 1872
2 1 848 1 1168
2 1 975 1 1615
2 1 1039 1 1999
2 1 846 1 1486
2 1 846 1 1166
2 1 1166 1 1486
2 1 910 1 2190
2 1 1293 1 1613
2 1 717 1 1997
2 1 972 1 1612
2 1 1292 1 1612
2 1 972 1 1292
2 1 844 1 1484
2 1 1035 1 1995
2 1 714 1 1034
2 1 906 1 2186
2 1 1033 1 1993
2 1 713 1 1993
2 1 713 1 1033
2 1 905 1 2185
2 1 1865 1 2185
2 1 905 1 1865
2 1 712 1 1992
2 1 712 1 1032
2 1 1032 1 1992
2 1 1416 1 1736
2 1 904 1 2184
2 1 1864 1 2184
2 1 904 1 1864
2 1 711 1 1031
2 1 711 1 1991
2 1 1031 1 1991
2 1 1030 1 1990
2 1 710 1 1990
2 1 710 1 1030
2 1 903 1 2183
2 1 1863 1 2183
2 1 903 1 1863
2 1 1734 1 2054
2 1 1414 1 2054
2 1 1414 1 1734
2 1 902 1 2182
2 1 902 1 1862
2 1 1862 1 2182
2 1 1029 1 1989
2 1 1028 1 1988
2 1 708 1 1028
2 1 708 1 1988
2 1 1861 1 2181
2 1 901 1 1861
2 1 901 1 2181
2 1 900 1 1860
2 1 1860 1 2180
2 1 900 1 2180
2 1 1859 1 2179
2 1 899 1 1859
2 1 899 1 2179
2 1 1282 1 1602
2 1 962 1 1282
2 1 962 1 1602
2 1 835 1 1475
2 1 1411 1 1731
2 1 706 1 1026
2 1 1410 1 1730
2 1 1410 1 2050
2 1 1730 1 2050
2 1 1858 1 2178
2 1 897 1 1857
2 1 897 1 2177
2 1 1857 1 2177
3 1 599 1 1275 1 2235
3 1 555 1 815 1 2095
3 1 421 1 1534 1 1854
3 1 587 1 943 1 1263
3 1 450 1 1003 1 1963
3 1 364 1 757 1 1397
3 1 600 1 1276 1 2236
3 1 555 1 815 1 1455
3 1 599 1 1275 1 1915
3 1 525 1 721 1 1041
3 1 450 1 1323 1 1963
3 1 573 1 705 1 1025
3 1 525 1 721 1 2001
3 1 597 1 953 1 1273
3 1 328 1 1361 1 2001
3 1 490 1 1619 1 1939
3 1 555 1 815 1 1775
3 1 600 1 1276 1 1916
3 1 607 1 1219 1 2179
3 1 330 1 1299 1 1619
3 1 519 1 779 1 2059
3 1 587 1 1263 1 2223
3 1 597 1 1273 1 1913
3 1 607 1 899 1 1219
3 1 597 1 1273 1 2233
3 1 420 1 1213 1 1853
3 1 467 1 1340 1 1980
3 1 611 1 1223 1 1863
3 1 558 1 754 1 1074
3 1 478 1 1287 1 1927
3 1 602 1 1278 1 2238
3 1 519 1 779 1 1739
3 1 403 1 1196 1 1836
3 1 503 1 1312 1 1952
3 1 519 1 779 1 1419
3 1 406 1 1519 1 1839
3 1 547 1 807 1 1447
3 1 501 1 1886 1 2206
3 1 612 1 1224 1 2184
3 1 607 1 1219 1 1859
3 1 435 1 844 1 1804
3 1 332 1 1045 1 1365
3 1 544 1 804 1 2084
3 1 421 1 1214 1 1854
3 1 402 1 1195 1 1835
3 1 547 1 807 1 1767
3 1 342 1 735 1 1375
3 1 560 1 820 1 1460
3 1 553 1 813 1 1773
3 1 547 1 807 1 2087
3 1 551 1 811 1 1771
3 1 528 1 724 1 2004
3 1 553 1 813 1 2093
3 1 564 1 824 1 2104
3 1 348 1 1381 1 2021
3 1 328 1 1041 1 1361
3 1 345 1 738 1 1378
3 1 564 1 824 1 1784
3 1 566 1 826 1 1786
3 1 631 1 859 1 1179
3 1 634 1 926 1 1246
3 1 613 1 905 1 1225
3 1 566 1 826 1 1466
3 1 380 1 1029 1 1349
3 1 442 1 1171 1 1811
3 1 569 1 829 1 2109
3 1 556 1 816 1 1776
3 1 478 1 1607 1 1927
3 1 390 1 1759 1 2079
3 1 511 1 1640 1 1960
3 1 566 1 826 1 2106
3 1 550 1 810 1 1770
3 1 623 1 1235 1 1875
3 1 548 1 808 1 2088
3 1 390 1 1439 1 1759
3 1 574 1 770 1 1410
3 1 395 1 1764 1 2084
3 1 524 1 784 1 1424
3 1 556 1 816 1 2096
3 1 628 1 920 1 1240
3 1 540 1 800 1 2080
3 1 556 1 752 1 1072
3 1 387 1 1756 1 2076
3 1 408 1 1521 1 1841
3 1 540 1 800 1 1760
3 1 402 1 875 1 1835
3 1 556 1 816 1 1456
3 1 557 1 817 1 2097
3 1 557 1 817 1 1457
3 1 540 1 800 1 1440
3 1 408 1 1777 1 2097
3 1 513 1 773 1 2053
3 1 610 1 1222 1 2182
3 1 514 1 774 1 1734
3 1 514 1 774 1 2054
3 1 513 1 773 1 1733
3 1 514 1 774 1 1414
3 1 330 1 1043 1 1363
3 1 513 1 773 1 1413
3 1 381 1 1350 1 1990
3 1 408 1 1457 1 1777
3 1 576 1 1252 1 1892
3 1 584 1 1260 1 1900
3 1 354 1 1067 1 1387
3 1 455 1 1648 1 1968
3 1 464 1 1657 1 1977
3 1 585 1 1261 1 1901
3 1 443 1 1492 1 1812
3 1 518 1 778 1 1418
3 1 368 1 1401 1 2041
3 1 615 1 1227 1 2187
3 1 491 1 916 1 2196
3 1 355 1 748 1 1388
3 1 537 1 797 1 2077
3 1 330 1 723 1 1363
3 1 612 1 1224 1 1864
3 1 584 1 940 1 1260
3 1 323 1 716 1 1356
3 1 383 1 712 1 1352
3 1 443 1 1172 1 1812
3 1 539 1 799 1 1439
3 1 607 1 1155 1 1475
3 1 427 1 1476 1 1796
3 1 557 1 753 1 1073
3 1 400 1 1513 1 1833
3 1 624 1 916 1 1236
3 1 426 1 835 1 1795
3 1 539 1 799 1 2079
3 1 331 1 1044 1 1364
3 1 584 1 1260 1 2220
3 1 550 1 810 1 1450
3 1 490 1 915 1 2195
3 1 384 1 1177 1 1817
3 1 550 1 810 1 2090
3 1 344 1 737 1 1377
3 1 567 1 827 1 1787
3 1 426 1 1475 1 1795
3 1 639 1 931 1 1251
3 1 541 1 801 1 1761
3 1 576 1 1252 1 2212
3 1 607 1 835 1 1155
3 1 574 1 770 1 1730
3 1 448 1 1321 1 1961
3 1 546 1 806 1 1766
3 1 406 1 1199 1 1839
3 1 406 1 879 1 1839
3 1 575 1 771 1 1731
3 1 456 1 1009 1 1969
3 1 488 1 1297 1 1937
3 1 395 1 1188 1 1828
3 1 583 1 1259 1 1899
3 1 625 1 1237 1 1877
3 1 506 1 1891 1 2211
3 1 561 1 821 1 1781
3 1 634 1 1246 1 1886
3 1 388 1 1757 1 2077
3 1 508 1 1317 1 1957
3 1 552 1 812 1 1452
3 1 614 1 1226 1 2186
3 1 360 1 1073 1 1393
3 1 444 1 1429 1 1749
3 1 329 1 978 1 1298
3 1 439 1 848 1 1808
3 1 415 1 888 1 1848
3 1 394 1 1507 1 1827
3 1 511 1 1320 1 1960
3 1 590 1 1266 1 1906
3 1 324 1 1357 1 1997
3 1 446 1 855 1 1815
3 1 324 1 717 1 1357
3 1 554 1 814 1 2094
3 1 475 1 1604 1 1924
3 1 492 1 981 1 1941
3 1 515 1 775 1 2055
3 1 444 1 1749 1 2069
3 1 398 1 1191 1 1831
3 1 608 1 900 1 1220
3 1 335 1 1304 1 1624
3 1 561 1 821 1 2101
3 1 438 1 847 1 1807
3 1 498 1 987 1 1947
3 1 523 1 783 1 2063
3 1 523 1 783 1 1423
3 1 523 1 783 1 1743
3 1 403 1 876 1 1836
3 1 385 1 1178 1 1818
3 1 398 1 1511 1 1831
3 1 551 1 747 1 1067
3 1 583 1 1259 1 2219
3 1 612 1 840 1 1160
3 1 372 1 765 1 1405
3 1 603 1 959 1 1279
3 1 524 1 784 1 1744
3 1 376 1 1025 1 1345
3 1 432 1 841 1 1801
3 1 521 1 781 1 1741
3 1 403 1 1516 1 1836
3 1 521 1 781 1 2061
3 1 320 1 969 1 1289
3 1 612 1 1160 1 1480
3 1 455 1 1328 1 1968
3 1 552 1 812 1 1772
3 1 447 1 1496 1 1816
3 1 369 1 1082 1 1402
3 1 573 1 769 1 1729
3 1 560 1 820 1 2100
3 1 456 1 1329 1 1969
3 1 480 1 969 1 1929
3 1 358 1 1327 1 1647
3 1 468 1 1021 1 1981
3 1 361 1 1074 1 1394
3 1 612 1 904 1 1224
3 1 431 1 840 1 1800
3 1 489 1 914 1 2194
3 1 487 1 976 1 1936
3 1 524 1 784 1 2064
3 1 610 1 1222 1 1862
3 1 518 1 778 1 1738
3 1 428 1 1477 1 1797
3 1 451 1 1644 1 1964
3 1 488 1 977 1 1937
3 1 350 1 743 1 1383
3 1 370 1 1083 1 1403
3 1 505 1 1634 1 1954
3 1 400 1 1193 1 1833
3 1 383 1 1352 1 1992
3 1 536 1 796 1 2076
3 1 610 1 902 1 1222
3 1 456 1 1649 1 1969
3 1 466 1 1659 1 1979
3 1 545 1 805 1 1765
3 1 484 1 1869 1 2189
3 1 397 1 1190 1 1830
3 1 592 1 1268 1 2228
3 1 609 1 1221 1 1861
3 1 529 1 789 1 2069
3 1 572 1 768 1 1728
3 1 590 1 1266 1 2226
3 1 580 1 1256 1 1896
3 1 614 1 906 1 1226
3 1 510 1 1639 1 1959
3 1 533 1 793 1 2073
3 1 500 1 989 1 1949
3 1 456 1 945 1 2225
3 1 383 1 1032 1 1352
3 1 377 1 1026 1 1346
3 1 440 1 849 1 1809
3 1 487 1 1296 1 1936
3 1 639 1 1251 1 1891
3 1 464 1 1337 1 1977
3 1 427 1 836 1 1796
3 1 513 1 709 1 1989
3 1 374 1 1407 1 2047
