675 2240
2 1 1788 1 2108
2 1 1468 1 2108
2 1 1468 1 1788
2 1 1463 1 2103
2 1 1784 1 2104
2 1 1466 1 1786
2 1 1769 1 2089
2 1 1466 1 2106
2 1 1786 1 2106
2 1 1436 1 1756
2 1 1438 1 2078
2 1 1756 1 2076
2 1 1436 1 2076
2 1 1434 1 2074
2 1 1431 1 1751
2 1 1431 1 2071
2 1 1751 1 2071
2 1 1750 1 2070
2 1 1430 1 2070
2 1 1430 1 1750
2 1 1429 1 2069
2 1 1422 1 1742
2 1 1422 1 2062
2 1 1742 1 2062
2 1 1733 1 2053
2 1 1728 1 2048
2 1 1741 1 2061
2 1 1290 1 1610
2 1 970 1 1610
2 1 970 1 1290
2 1 1417 1 1737
2 1 968 1 1288
2 1 968 1 1608
2 1 1288 1 1608
2 1 1424 1 1744
2 1 1416 1 1736
2 1 1281 1 1601
2 1 961 1 1601
2 1 961 1 1281
2 1 1017 1 1337
2 1 1017 1 1657
2 1 1337 1 1657
2 1 1016 1 1656
2 1 1016 1 1336
2 1 1336 1 1656
2 1 1015 1 1655
2 1 1015 1 1335
2 1 1335 1 1655
2 1 1019 1 1659
2 1 1002 1 1322
2 1 966 1 1606
2 1 1322 1 1642
2 1 1002 1 1642
2 1 1320 1 1640
2 1 1000 1 1640
2 1 998 1 1318
2 1 1318 1 1638
2 1 998 1 1638
2 1 996 1 1636
2 1 1309 1 1629
2 1 986 1 1306
2 1 987 1 1307
2 1 1000 1 1320
2 1 1305 1 1625
2 1 983 1 1303
2 1 983 1 1623
2 1 1303 1 1623
2 1 982 1 1622
2 1 979 1 1299
2 1 979 1 1619
2 1 1299 1 1619
2 1 1153 1 1473
2 1 963 1 1283
2 1 1215 1 1535
2 1 895 1 1215
2 1 895 1 1535
2 1 832 1 1152
2 1 1470 1 1790
2 1 1470 1 2110
2 1 1790 1 2110
2 1 1023 1 1663
2 1 1212 1 1532
2 1 889 1 1529
2 1 1208 1 1528
2 1 1207 1 1527
2 1 887 1 1527
2 1 887 1 1207
2 1 1206 1 1526
2 1 1333 1 1653
2 1 885 1 1205
2 1 1459 1 1779
2 1 1779 1 2099
2 1 1459 1 2099
2 1 1012 1 1332
2 1 1332 1 1652
2 1 886 1 1526
2 1 1012 1 1652
2 1 886 1 1206
2 1 881 1 1201
2 1 1455 1 2095
2 1 1774 1 2094
2 1 1327 1 1647
2 1 877 1 1197
2 1 1197 1 1517
2 1 877 1 1517
2 1 1195 1 1515
2 1 1193 1 1513
2 1 872 1 1512
2 1 868 1 1508
2 1 868 1 1188
2 1 866 1 1506
2 1 1188 1 1508
2 1 1186 1 1506
2 1 866 1 1186
2 1 994 1 1634
2 1 1760 1 2080
2 1 981 1 1621
2 1 993 1 1313
2 1 993 1 1633
2 1 1313 1 1633
2 1 1183 1 1503
2 1 863 1 1183
2 1 863 1 1503
2 1 862 1 1182
2 1 1182 1 1502
2 1 862 1 1502
2 1 1757 1 2077
2 1 1310 1 1630
2 1 860 1 1500
2 1 1180 1 1500
2 1 860 1 1180
2 1 859 1 1499
2 1 857 1 1497
2 1 1175 1 1495
2 1 854 1 1494
2 1 1174 1 1494
2 1 854 1 1174
2 1 853 1 1173
2 1 1173 1 1493
2 1 853 1 1493
2 1 852 1 1172
2 1 1172 1 1492
2 1 852 1 1492
2 1 980 1 1300
2 1 980 1 1620
2 1 1300 1 1620
2 1 1745 1 2065
2 1 1423 1 2063
2 1 846 1 1166
2 1 1166 1 1486
2 1 846 1 1486
2 1 845 1 1165
2 1 1165 1 1485
2 1 845 1 1485
2 1 973 1 1613
2 1 1163 1 1483
2 1 1162 1 1482
2 1 848 1 1488
2 1 840 1 1160
2 1 1287 1 1607
2 1 1156 1 1476
2 1 836 1 1156
2 1 836 1 1476
2 1 896 1 1856
2 1 767 1 1087
2 1 1791 1 2111
2 1 959 1 1919
2 1 1919 1 2239
2 1 959 1 2239
2 1 1021 1 1341
2 1 765 1 2045
2 1 958 1 2238
2 1 958 1 1918
2 1 1918 1 2238
2 1 1469 1 1789
2 1 1789 1 2109
2 1 1469 1 2109
2 1 893 1 1533
2 1 893 1 1213
2 1 1213 1 1533
2 1 1020 1 1660
2 1 1340 1 1660
2 1 1020 1 1340
2 1 891 1 1531
2 1 891 1 1211
2 1 1211 1 1531
2 1 955 1 1915
2 1 955 1 2235
2 1 1915 1 2235
2 1 762 1 1082
2 1 1081 1 2041
2 1 761 1 1081
2 1 761 1 2041
2 1 1914 1 2234
2 1 953 1 2233
2 1 1465 1 1785
2 1 1785 1 2105
2 1 1465 1 2105
2 1 1080 1 2040
2 1 760 1 1080
2 1 760 1 2040
2 1 1079 1 2039
2 1 952 1 2232
2 1 951 1 2231
2 1 758 1 1078
2 1 1078 1 2038
2 1 758 1 2038
2 1 995 1 1315
2 1 1077 1 2037
2 1 757 1 2037
2 1 757 1 1077
2 1 1909 1 2229
2 1 949 1 1909
2 1 949 1 2229
2 1 1011 1 1651
2 1 756 1 2036
2 1 1011 1 1331
2 1 1331 1 1651
2 1 948 1 1908
2 1 1330 1 1650
2 1 883 1 1523
2 1 1329 1 1649
2 1 1202 1 1522
2 1 882 1 1202
2 1 882 1 1522
2 1 753 1 1073
2 1 1457 1 2097
2 1 1457 1 1777
2 1 1777 1 2097
2 1 1905 1 2225
2 1 752 1 1072
2 1 1456 1 2096
2 1 1456 1 1776
2 1 1776 1 2096
2 1 944 1 2224
2 1 1199 1 1519
2 1 751 1 2031
2 1 750 1 2030
2 1 1006 1 1326
2 1 943 1 1903
2 1 1903 1 2223
2 1 943 1 2223
2 1 878 1 1518
2 1 749 1 2029
2 1 1069 1 2029
2 1 749 1 1069
2 1 1005 1 1645
2 1 1453 1 1773
2 1 1453 1 2093
2 1 1773 1 2093
2 1 1901 1 2221
2 1 1452 1 2092
2 1 1196 1 1516
2 1 747 1 1067
2 1 940 1 1900
2 1 940 1 2220
2 1 1900 1 2220
2 1 1451 1 2091
2 1 1771 1 2091
2 1 1451 1 1771
2 1 746 1 2026
2 1 746 1 1066
2 1 1066 1 2026
2 1 1770 1 2090
2 1 1065 1 2025
2 1 938 1 1898
2 1 938 1 2218
2 1 1898 1 2218
2 1 744 1 1064
2 1 1064 1 2024
2 1 744 1 2024
2 1 937 1 2217
2 1 1897 1 2217
2 1 937 1 1897
2 1 936 1 2216
2 1 1896 1 2216
2 1 936 1 1896
2 1 1063 1 2023
2 1 1767 1 2087
2 1 1447 1 1767
2 1 1447 1 2087
2 1 742 1 2022
2 1 997 1 1637
2 1 1190 1 1510
2 1 741 1 2021
2 1 741 1 1061
2 1 1061 1 2021
2 1 934 1 1894
2 1 1894 1 2214
2 1 934 1 2214
2 1 740 1 1060
2 1 738 1 1058
2 1 931 1 2211
2 1 1891 1 2211
2 1 931 1 1891
2 1 930 1 1890
2 1 1762 1 2082
2 1 1442 1 2082
2 1 1442 1 1762
2 1 1312 1 1632
2 1 1185 1 1505
2 1 929 1 2209
2 1 1889 1 2209
2 1 929 1 1889
2 1 991 1 1631
2 1 991 1 1311
2 1 1311 1 1631
2 1 864 1 1184
2 1 735 1 1055
2 1 926 1 1886
2 1 733 1 2013
2 1 925 1 1885
2 1 988 1 1308
2 1 988 1 1628
2 1 1308 1 1628
2 1 1181 1 1501
2 1 861 1 1501
2 1 861 1 1181
2 1 732 1 2012
2 1 1052 1 2012
2 1 732 1 1052
2 1 1884 1 2204
2 1 1051 1 2011
2 1 731 1 1051
2 1 731 1 2011
2 1 923 1 1883
2 1 1883 1 2203
2 1 923 1 2203
2 1 730 1 1050
2 1 729 1 2009
2 1 1049 1 2009
2 1 729 1 1049
2 1 922 1 2202
2 1 1882 1 2202
2 1 922 1 1882
2 1 1753 1 2073
2 1 1433 1 2073
2 1 1433 1 1753
2 1 921 1 1881
2 1 1048 1 2008
2 1 728 1 1048
2 1 728 1 2008
2 1 1432 1 1752
2 1 1752 1 2072
2 1 1432 1 2072
2 1 727 1 1047
2 1 920 1 2200
2 1 1046 1 2006
2 1 726 1 1046
2 1 726 1 2006
2 1 919 1 2199
2 1 918 1 2198
2 1 725 1 1045
2 1 917 1 2197
2 1 1877 1 2197
2 1 917 1 1877
2 1 1044 1 2004
2 1 916 1 1876
2 1 1748 1 2068
2 1 1427 1 1747
2 1 978 1 1618
2 1 1298 1 1618
2 1 978 1 1298
2 1 1042 1 2002
2 1 915 1 2195
2 1 849 1 1169
2 1 913 1 1873
2 1 913 1 2193
2 1 1873 1 2193
2 1 720 1 2000
2 1 1040 1 2000
2 1 720 1 1040
2 1 1872 1 2192
2 1 719 1 1999
2 1 911 1 2191
2 1 911 1 1871
2 1 1871 1 2191
2 1 1294 1 1614
2 1 974 1 1614
2 1 974 1 1294
2 1 847 1 1167
2 1 718 1 1998
2 1 1038 1 1998
2 1 718 1 1038
2 1 717 1 1037
2 1 909 1 1869
2 1 1869 1 2189
2 1 909 1 2189
2 1 844 1 1484
2 1 908 1 2188
2 1 908 1 1868
2 1 1868 1 2188
2 1 715 1 1035
2 1 1035 1 1995
2 1 715 1 1995
2 1 1419 1 2059
2 1 1739 1 2059
2 1 1419 1 1739
2 1 1034 1 1994
2 1 714 1 1034
2 1 714 1 1994
2 1 1418 1 2058
2 1 906 1 1866
2 1 1866 1 2186
2 1 906 1 2186
2 1 712 1 1032
2 1 904 1 1864
2 1 904 1 2184
2 1 1864 1 2184
2 1 1031 1 1991
2 1 711 1 1991
2 1 711 1 1031
2 1 903 1 2183
2 1 1415 1 1735
2 1 710 1 1990
2 1 965 1 1285
2 1 1285 1 1605
2 1 965 1 1605
2 1 1414 1 2054
2 1 1862 1 2182
2 1 902 1 2182
2 1 902 1 1862
2 1 708 1 1028
2 1 1860 1 2180
2 1 900 1 2180
2 1 900 1 1860
2 1 707 1 1027
2 1 899 1 1859
2 1 1730 1 2050
2 1 1410 1 1730
2 1 1410 1 2050
2 1 898 1 1858
2 1 705 1 1025
2 1 1025 1 1985
2 1 705 1 1985
2 1 1024 1 1984
2 1 897 1 2177
3 1 479 1 968 1 1928
3 1 601 1 1277 1 2237
3 1 488 1 1297 1 1937
3 1 563 1 823 1 2103
3 1 547 1 807 1 1767
3 1 479 1 1608 1 1928
3 1 547 1 807 1 2087
3 1 558 1 754 1 2034
3 1 545 1 805 1 2085
3 1 523 1 783 1 2063
3 1 547 1 807 1 1447
3 1 565 1 825 1 2105
3 1 565 1 825 1 1785
3 1 563 1 823 1 1463
3 1 396 1 1765 1 2085
3 1 633 1 925 1 1245
3 1 361 1 1394 1 2034
3 1 633 1 1245 1 1885
3 1 549 1 809 1 2089
3 1 549 1 809 1 1769
3 1 394 1 1763 1 2083
3 1 500 1 1885 1 2205
3 1 526 1 722 1 2002
3 1 568 1 828 1 2108
3 1 526 1 722 1 1042
3 1 543 1 803 1 2083
3 1 500 1 925 1 2205
3 1 626 1 918 1 1238
3 1 553 1 813 1 2093
3 1 625 1 1237 1 2197
3 1 563 1 759 1 1079
3 1 626 1 1238 1 2198
3 1 414 1 1463 1 1783
3 1 479 1 1288 1 1928
3 1 564 1 824 1 2104
3 1 414 1 1783 1 2103
3 1 578 1 1254 1 2214
3 1 568 1 828 1 1788
3 1 539 1 799 1 2079
3 1 441 1 1170 1 1810
3 1 409 1 1522 1 1842
3 1 427 1 1476 1 1796
3 1 568 1 828 1 1468
3 1 536 1 796 1 1756
3 1 397 1 1510 1 1830
3 1 536 1 796 1 1436
3 1 390 1 1759 1 2079
3 1 532 1 792 1 1752
3 1 518 1 778 1 2058
3 1 625 1 1237 1 1877
3 1 589 1 1265 1 1905
3 1 579 1 871 1 1191
3 1 553 1 813 1 1453
3 1 505 1 1890 1 2210
3 1 624 1 916 1 1236
3 1 621 1 913 1 1233
3 1 329 1 1362 1 2002
3 1 362 1 755 1 1395
3 1 566 1 826 1 1466
3 1 566 1 826 1 2106
3 1 553 1 813 1 1773
3 1 341 1 1054 1 1374
3 1 564 1 824 1 1784
3 1 536 1 796 1 2076
3 1 439 1 848 1 1808
3 1 356 1 1389 1 2029
3 1 594 1 950 1 1270
3 1 538 1 798 1 2078
3 1 566 1 826 1 1786
3 1 550 1 810 1 1770
3 1 389 1 1438 1 1758
3 1 534 1 794 1 2074
3 1 588 1 1200 1 1520
3 1 499 1 1308 1 1948
3 1 530 1 790 1 1430
3 1 605 1 1217 1 2177
3 1 463 1 1336 1 1976
3 1 339 1 732 1 1372
3 1 621 1 1233 1 2193
3 1 385 1 1434 1 1754
3 1 519 1 779 1 2059
3 1 385 1 1754 1 2074
3 1 538 1 798 1 1438
3 1 530 1 790 1 1750
3 1 530 1 790 1 2070
3 1 389 1 1758 1 2078
3 1 500 1 1309 1 1949
3 1 453 1 1326 1 1966
3 1 578 1 934 1 1254
3 1 638 1 930 1 1250
3 1 624 1 1236 1 1876
3 1 625 1 917 1 1237
3 1 444 1 1749 1 2069
3 1 559 1 819 1 2099
3 1 372 1 1405 1 2045
3 1 499 1 988 1 1948
3 1 329 1 1042 1 1362
3 1 524 1 784 1 1744
3 1 591 1 883 1 1203
3 1 550 1 810 1 2090
3 1 531 1 791 1 2071
3 1 446 1 1495 1 1815
3 1 501 1 1630 1 1950
3 1 508 1 1637 1 1957
3 1 534 1 794 1 1434
3 1 559 1 819 1 1779
3 1 463 1 1016 1 1976
3 1 613 1 905 1 1225
3 1 385 1 1178 1 1818
3 1 375 1 1280 1 1600
3 1 605 1 897 1 1217
3 1 419 1 1212 1 1852
3 1 465 1 1338 1 1978
3 1 608 1 1220 1 2180
3 1 499 1 1628 1 1948
3 1 529 1 789 1 1429
3 1 519 1 779 1 1419
3 1 372 1 765 1 1405
3 1 509 1 998 1 1958
3 1 491 1 1876 1 2196
3 1 590 1 1266 1 2226
3 1 430 1 839 1 1799
3 1 576 1 932 1 1252
3 1 471 1 1600 1 1920
3 1 363 1 1396 1 2036
3 1 346 1 1059 1 1379
3 1 336 1 1369 1 2009
3 1 393 1 1506 1 1826
3 1 349 1 1382 1 2022
3 1 552 1 812 1 2092
3 1 367 1 1080 1 1400
3 1 635 1 1247 1 2207
3 1 491 1 916 1 2196
3 1 387 1 1500 1 1820
3 1 518 1 778 1 1418
3 1 526 1 786 1 1746
3 1 628 1 920 1 1240
3 1 602 1 958 1 1278
3 1 398 1 871 1 1831
3 1 582 1 1194 1 1514
3 1 522 1 782 1 2062
3 1 409 1 1202 1 1842
3 1 529 1 789 1 2069
3 1 508 1 997 1 1957
3 1 489 1 1298 1 1938
3 1 469 1 1342 1 1982
3 1 444 1 1429 1 1749
3 1 348 1 997 1 1317
3 1 581 1 1257 1 1897
3 1 509 1 1318 1 1958
3 1 342 1 735 1 1375
3 1 541 1 801 1 1441
3 1 562 1 822 1 1782
3 1 466 1 1019 1 1979
3 1 509 1 1638 1 1958
3 1 451 1 1324 1 1964
3 1 481 1 1610 1 1930
3 1 350 1 1319 1 1639
3 1 486 1 1295 1 1935
3 1 571 1 831 1 1791
3 1 571 1 831 1 2111
3 1 574 1 770 1 1410
3 1 524 1 784 1 1424
3 1 377 1 1282 1 1602
3 1 440 1 849 1 1809
3 1 578 1 1254 1 1894
3 1 510 1 935 1 2215
3 1 634 1 1246 1 1886
3 1 572 1 768 1 2048
3 1 572 1 768 1 1728
3 1 620 1 1168 1 1488
3 1 574 1 770 1 1730
3 1 574 1 770 1 2050
3 1 560 1 820 1 2100
3 1 416 1 889 1 1849
3 1 632 1 1244 1 1884
3 1 353 1 1066 1 1386
3 1 456 1 1329 1 1969
3 1 474 1 899 1 2179
3 1 597 1 1209 1 1529
3 1 638 1 1250 1 1890
3 1 497 1 986 1 1946
3 1 522 1 782 1 1422
3 1 572 1 704 1 1984
3 1 583 1 1259 1 1899
3 1 345 1 1314 1 1634
3 1 599 1 1275 1 2235
3 1 620 1 1232 1 2192
3 1 351 1 1064 1 1384
3 1 602 1 1214 1 1534
3 1 600 1 1276 1 2236
3 1 448 1 1321 1 1961
3 1 637 1 1249 1 2209
3 1 438 1 1167 1 1807
3 1 621 1 1233 1 1873
3 1 474 1 1283 1 1923
3 1 416 1 1529 1 1849
3 1 483 1 1292 1 1932
3 1 567 1 827 1 1787
3 1 432 1 1481 1 1801
3 1 423 1 832 1 1792
3 1 489 1 978 1 1938
3 1 580 1 1256 1 1896
3 1 482 1 1291 1 1931
3 1 439 1 1488 1 1808
3 1 546 1 806 1 1766
3 1 320 1 969 1 1289
3 1 631 1 1179 1 1499
3 1 513 1 709 1 1029
3 1 370 1 1403 1 2043
3 1 572 1 704 1 1024
3 1 419 1 1532 1 1852
3 1 384 1 857 1 1817
3 1 473 1 1602 1 1922
3 1 494 1 1303 1 1943
3 1 326 1 1359 1 1999
3 1 542 1 802 1 1442
3 1 348 1 1317 1 1637
3 1 632 1 1244 1 2204
3 1 438 1 1423 1 1743
3 1 356 1 749 1 1389
3 1 464 1 1017 1 1977
3 1 388 1 1181 1 1821
3 1 340 1 733 1 1373
3 1 454 1 1327 1 1967
3 1 357 1 750 1 1390
3 1 506 1 1315 1 1955
3 1 445 1 1494 1 1814
3 1 389 1 862 1 1822
3 1 333 1 1366 1 2006
3 1 387 1 860 1 1820
3 1 339 1 1052 1 1372
3 1 611 1 839 1 1159
3 1 506 1 995 1 1955
3 1 538 1 734 1 1054
3 1 472 1 1281 1 1921
3 1 497 1 1306 1 1946
3 1 340 1 1373 1 2013
