561 2240
2 1 1463 1 2103
2 1 1780 1 2100
2 1 1779 1 2099
2 1 1459 1 2099
2 1 1459 1 1779
2 1 1458 1 2098
2 1 1457 1 1777
2 1 1457 1 2097
2 1 1777 1 2097
2 1 1455 1 2095
2 1 1775 1 2095
2 1 1455 1 1775
2 1 1773 1 2093
2 1 1453 1 2093
2 1 1439 1 1759
2 1 1453 1 1773
2 1 1759 1 2079
2 1 1439 1 2079
2 1 1436 1 1756
2 1 1756 1 2076
2 1 1757 1 2077
2 1 1436 1 2076
2 1 1755 1 2075
2 1 1753 1 2073
2 1 1420 1 1740
2 1 1420 1 2060
2 1 1740 1 2060
2 1 1738 1 2058
2 1 1418 1 2058
2 1 1418 1 1738
2 1 1412 1 2052
2 1 1415 1 2055
2 1 1417 1 2057
2 1 1412 1 1732
2 1 1732 1 2052
2 1 1292 1 1612
2 1 1737 1 2057
2 1 1415 1 1735
2 1 1417 1 1737
2 1 972 1 1292
2 1 1735 1 2055
2 1 972 1 1612
2 1 1290 1 1610
2 1 969 1 1289
2 1 1419 1 1739
2 1 1287 1 1607
2 1 1285 1 1605
2 1 1341 1 1661
2 1 965 1 1285
2 1 965 1 1605
2 1 1021 1 1661
2 1 1021 1 1341
2 1 1340 1 1660
2 1 1020 1 1340
2 1 1020 1 1660
2 1 1014 1 1654
2 1 1012 1 1332
2 1 1012 1 1652
2 1 1332 1 1652
2 1 1010 1 1330
2 1 1451 1 1771
2 1 1448 1 1768
2 1 996 1 1636
2 1 1316 1 1636
2 1 1313 1 1633
2 1 996 1 1316
2 1 993 1 1313
2 1 993 1 1633
2 1 990 1 1630
2 1 1310 1 1630
2 1 1308 1 1628
2 1 984 1 1624
2 1 1307 1 1627
2 1 1155 1 1475
2 1 835 1 1155
2 1 835 1 1475
2 1 963 1 1283
2 1 1153 1 1473
2 1 1280 1 1600
2 1 1408 1 2048
2 1 990 1 1310
2 1 1728 1 2048
2 1 1408 1 1728
2 1 895 1 1535
2 1 895 1 1215
2 1 1214 1 1534
2 1 893 1 1213
2 1 1215 1 1535
2 1 1022 1 1342
2 1 1212 1 1532
2 1 1786 1 2106
2 1 1019 1 1659
2 1 1339 1 1659
2 1 1019 1 1339
2 1 1338 1 1658
2 1 1018 1 1658
2 1 1018 1 1338
2 1 1784 1 2104
2 1 887 1 1207
2 1 1207 1 1527
2 1 1305 1 1625
2 1 887 1 1527
2 1 885 1 1205
2 1 884 1 1524
2 1 883 1 1523
2 1 882 1 1522
2 1 1202 1 1522
2 1 882 1 1202
2 1 881 1 1521
2 1 1456 1 1776
2 1 1456 1 2096
2 1 1776 1 2096
2 1 1199 1 1519
2 1 879 1 1519
2 1 879 1 1199
2 1 1454 1 1774
2 1 1774 1 2094
2 1 1454 1 2094
2 1 877 1 1197
2 1 1197 1 1517
2 1 877 1 1517
2 1 1195 1 1515
2 1 1449 1 1769
2 1 1322 1 1642
2 1 1002 1 1322
2 1 1002 1 1642
2 1 872 1 1192
2 1 1446 1 1766
2 1 869 1 1189
2 1 866 1 1186
2 1 1441 1 2081
2 1 994 1 1314
2 1 994 1 1634
2 1 1314 1 1634
2 1 1184 1 1504
2 1 864 1 1184
2 1 864 1 1504
2 1 1183 1 1503
2 1 862 1 1182
2 1 862 1 1502
2 1 1182 1 1502
2 1 860 1 1500
2 1 1180 1 1500
2 1 860 1 1180
2 1 859 1 1499
2 1 858 1 1178
2 1 858 1 1498
2 1 1178 1 1498
2 1 856 1 1176
2 1 856 1 1496
2 1 1176 1 1496
2 1 983 1 1303
2 1 1747 1 2067
2 1 1426 1 2066
2 1 1175 1 1495
2 1 845 1 1165
2 1 843 1 1483
2 1 842 1 1162
2 1 841 1 1481
2 1 1745 1 2065
2 1 840 1 1480
2 1 1160 1 1480
2 1 840 1 1160
2 1 1159 1 1479
2 1 1158 1 1478
2 1 838 1 1158
2 1 838 1 1478
2 1 1343 1 1663
2 1 1023 1 1343
2 1 1023 1 1663
2 1 767 1 1087
2 1 1791 1 2111
2 1 1919 1 2239
2 1 1086 1 2046
2 1 765 1 1085
2 1 1085 1 2045
2 1 765 1 2045
2 1 958 1 1918
2 1 1918 1 2238
2 1 958 1 2238
2 1 1469 1 2109
2 1 1789 1 2109
2 1 1469 1 1789
2 1 957 1 2237
2 1 957 1 1917
2 1 1917 1 2237
2 1 764 1 1084
2 1 763 1 2043
2 1 763 1 1083
2 1 1083 1 2043
2 1 1916 1 2236
2 1 956 1 1916
2 1 956 1 2236
2 1 955 1 2235
2 1 955 1 1915
2 1 1915 1 2235
2 1 1337 1 1657
2 1 1017 1 1337
2 1 1017 1 1657
2 1 761 1 2041
2 1 1914 1 2234
2 1 954 1 2234
2 1 954 1 1914
2 1 1913 1 2233
2 1 1016 1 1656
2 1 889 1 1529
2 1 1015 1 1655
2 1 759 1 2039
2 1 759 1 1079
2 1 1079 1 2039
2 1 1911 1 2231
2 1 1013 1 1653
2 1 886 1 1526
2 1 1077 1 2037
2 1 757 1 1077
2 1 757 1 2037
2 1 1909 1 2229
2 1 1076 1 2036
2 1 948 1 1908
2 1 1075 1 2035
2 1 947 1 2227
2 1 946 1 2226
2 1 1906 1 2226
2 1 946 1 1906
2 1 1073 1 2033
2 1 945 1 1905
2 1 880 1 1200
2 1 1200 1 1520
2 1 880 1 1520
2 1 944 1 2224
2 1 1903 1 2223
2 1 942 1 2222
2 1 878 1 1518
2 1 878 1 1198
2 1 1198 1 1518
2 1 1005 1 1325
2 1 1901 1 2221
2 1 940 1 2220
2 1 1772 1 2092
2 1 1452 1 1772
2 1 1452 1 2092
2 1 876 1 1516
2 1 1003 1 1323
2 1 1067 1 2027
2 1 747 1 1067
2 1 747 1 2027
2 1 1066 1 2026
2 1 1899 1 2219
2 1 1450 1 1770
2 1 938 1 2218
2 1 745 1 2025
2 1 744 1 2024
2 1 1064 1 2024
2 1 744 1 1064
2 1 1000 1 1320
2 1 1000 1 1640
2 1 1320 1 1640
2 1 937 1 1897
2 1 1897 1 2217
2 1 937 1 2217
2 1 1896 1 2216
2 1 743 1 2023
2 1 935 1 2215
2 1 1895 1 2215
2 1 935 1 1895
2 1 998 1 1638
2 1 998 1 1318
2 1 1318 1 1638
2 1 871 1 1191
2 1 742 1 2022
2 1 1317 1 1637
2 1 1893 1 2213
2 1 740 1 2020
2 1 1444 1 1764
2 1 868 1 1188
2 1 1315 1 1635
2 1 1059 1 2019
2 1 738 1 1058
2 1 1058 1 2018
2 1 738 1 2018
2 1 1442 1 2082
2 1 1442 1 1762
2 1 1762 1 2082
2 1 930 1 2210
2 1 737 1 2017
2 1 992 1 1632
2 1 992 1 1312
2 1 1312 1 1632
2 1 1185 1 1505
2 1 736 1 1056
2 1 929 1 2209
2 1 1760 1 2080
2 1 735 1 1055
2 1 1055 1 2015
2 1 735 1 2015
2 1 734 1 1054
2 1 927 1 1887
2 1 927 1 2207
2 1 1887 1 2207
2 1 1438 1 2078
2 1 1758 1 2078
2 1 1438 1 1758
2 1 1886 1 2206
2 1 926 1 1886
2 1 926 1 2206
2 1 733 1 1053
2 1 732 1 2012
2 1 1052 1 2012
2 1 732 1 1052
2 1 1885 1 2205
2 1 925 1 1885
2 1 925 1 2205
2 1 924 1 2204
2 1 1884 1 2204
2 1 924 1 1884
2 1 731 1 1051
2 1 1883 1 2203
2 1 923 1 2203
2 1 923 1 1883
2 1 730 1 1050
2 1 1754 1 2074
2 1 1434 1 2074
2 1 1434 1 1754
2 1 922 1 1882
2 1 922 1 2202
2 1 1882 1 2202
2 1 729 1 1049
2 1 1048 1 2008
2 1 728 1 1048
2 1 728 1 2008
2 1 921 1 2201
2 1 1752 1 2072
2 1 1432 1 2072
2 1 1432 1 1752
2 1 920 1 2200
2 1 1880 1 2200
2 1 920 1 1880
2 1 727 1 1047
2 1 919 1 1879
2 1 1879 1 2199
2 1 919 1 2199
2 1 1430 1 2070
2 1 981 1 1301
2 1 918 1 1878
2 1 1173 1 1493
2 1 980 1 1300
2 1 980 1 1620
2 1 1300 1 1620
2 1 1428 1 2068
2 1 1171 1 1491
2 1 1298 1 1618
2 1 1170 1 1490
2 1 850 1 1170
2 1 850 1 1490
2 1 977 1 1617
2 1 977 1 1297
2 1 1297 1 1617
2 1 721 1 2001
2 1 1169 1 1489
2 1 849 1 1489
2 1 849 1 1169
2 1 976 1 1616
2 1 720 1 2000
2 1 1296 1 1616
2 1 976 1 1296
2 1 1872 1 2192
2 1 1168 1 1488
2 1 848 1 1168
2 1 848 1 1488
2 1 975 1 1295
2 1 1295 1 1615
2 1 975 1 1615
2 1 974 1 1294
2 1 974 1 1614
2 1 1294 1 1614
2 1 847 1 1487
2 1 847 1 1167
2 1 1167 1 1487
2 1 718 1 1998
2 1 846 1 1166
2 1 717 1 1997
2 1 1037 1 1997
2 1 717 1 1037
2 1 716 1 1996
2 1 1036 1 1996
2 1 716 1 1036
2 1 715 1 1035
2 1 1035 1 1995
2 1 715 1 1995
2 1 908 1 1868
2 1 907 1 2187
2 1 714 1 1034
2 1 714 1 1994
2 1 1034 1 1994
2 1 906 1 1866
2 1 906 1 2186
2 1 1866 1 2186
2 1 713 1 1033
2 1 713 1 1993
2 1 1033 1 1993
2 1 905 1 2185
2 1 712 1 1032
2 1 712 1 1992
2 1 1032 1 1992
2 1 1416 1 2056
2 1 904 1 2184
2 1 711 1 1031
2 1 711 1 1991
2 1 1031 1 1991
2 1 1030 1 1990
2 1 710 1 1030
2 1 710 1 1990
2 1 902 1 2182
2 1 902 1 1862
2 1 1862 1 2182
2 1 709 1 1989
2 1 1029 1 1989
2 1 709 1 1029
2 1 1413 1 1733
2 1 901 1 1861
2 1 1027 1 1987
2 1 707 1 1987
2 1 707 1 1027
2 1 900 1 1860
2 1 1860 1 2180
2 1 900 1 2180
2 1 1411 1 1731
2 1 899 1 1859
2 1 899 1 2179
2 1 1859 1 2179
2 1 1410 1 2050
2 1 1730 1 2050
2 1 1410 1 1730
2 1 705 1 1985
2 1 705 1 1025
2 1 1025 1 1985
2 1 1858 1 2178
2 1 898 1 2178
2 1 898 1 1858
2 1 704 1 1984
2 1 896 1 2176
2 1 1856 1 2176
2 1 896 1 1856
2 1 1857 1 2177
3 1 518 1 778 1 2058
3 1 597 1 1273 1 1913
3 1 518 1 778 1 1418
3 1 420 1 1213 1 1853
3 1 475 1 1284 1 1924
3 1 481 1 1610 1 1930
3 1 558 1 818 1 1458
3 1 553 1 749 1 1069
3 1 518 1 778 1 1738
3 1 558 1 818 1 2098
3 1 420 1 893 1 1853
3 1 564 1 824 1 2104
3 1 550 1 746 1 2026
3 1 377 1 1282 1 1602
3 1 367 1 760 1 1400
3 1 622 1 1234 1 2194
3 1 539 1 799 1 1759
3 1 481 1 1290 1 1930
3 1 595 1 1271 1 2231
3 1 579 1 1255 1 1895
3 1 483 1 1292 1 1932
3 1 356 1 1069 1 1389
3 1 379 1 1028 1 1348
3 1 391 1 1184 1 1824
3 1 483 1 972 1 1932
3 1 553 1 813 1 2093
3 1 559 1 819 1 1459
3 1 426 1 1155 1 1795
3 1 507 1 1316 1 1956
3 1 380 1 1029 1 1349
3 1 530 1 790 1 2070
3 1 579 1 935 1 1255
3 1 579 1 1255 1 2215
3 1 483 1 1612 1 1932
3 1 520 1 780 1 2060
3 1 380 1 709 1 1349
3 1 595 1 1271 1 1911
3 1 550 1 810 1 1450
3 1 467 1 1020 1 1980
3 1 473 1 1602 1 1922
3 1 433 1 1162 1 1802
3 1 625 1 1237 1 1877
3 1 566 1 826 1 1786
3 1 520 1 780 1 1420
3 1 429 1 838 1 1798
3 1 329 1 1362 1 2002
3 1 429 1 1158 1 1798
3 1 520 1 780 1 1740
3 1 539 1 799 1 2079
3 1 492 1 1877 1 2197
3 1 584 1 940 1 1260
3 1 530 1 726 1 2006
3 1 550 1 746 1 1066
3 1 539 1 799 1 1439
3 1 553 1 813 1 1773
3 1 557 1 817 1 1457
3 1 555 1 815 1 2095
3 1 555 1 815 1 1455
3 1 414 1 1783 1 2103
3 1 553 1 813 1 1453
3 1 557 1 817 1 1777
3 1 557 1 817 1 2097
3 1 555 1 815 1 1775
3 1 415 1 888 1 1848
3 1 559 1 819 1 1779
3 1 559 1 819 1 2099
3 1 409 1 1778 1 2098
3 1 564 1 824 1 1784
3 1 535 1 795 1 2075
3 1 607 1 1219 1 1859
3 1 517 1 777 1 2057
3 1 517 1 777 1 1737
3 1 409 1 1458 1 1778
3 1 563 1 823 1 1463
3 1 561 1 821 1 2101
3 1 535 1 795 1 1755
3 1 412 1 1781 1 2101
3 1 560 1 820 1 1780
3 1 560 1 820 1 2100
3 1 414 1 1463 1 1783
3 1 605 1 1217 1 1857
3 1 605 1 1217 1 2177
3 1 461 1 950 1 2230
3 1 322 1 1035 1 1355
3 1 441 1 1426 1 1746
3 1 467 1 1660 1 1980
3 1 563 1 823 1 2103
3 1 615 1 1163 1 1483
3 1 436 1 1165 1 1805
3 1 537 1 797 1 1757
3 1 537 1 797 1 2077
3 1 351 1 1384 1 2024
3 1 322 1 715 1 1355
3 1 350 1 1383 1 2023
3 1 376 1 705 1 1345
3 1 517 1 777 1 1417
3 1 629 1 1177 1 1497
3 1 594 1 950 1 1270
3 1 403 1 1516 1 1836
3 1 543 1 739 1 1059
3 1 584 1 1260 1 2220
3 1 586 1 1262 1 2222
3 1 436 1 845 1 1805
3 1 351 1 744 1 1384
3 1 376 1 1025 1 1345
3 1 609 1 1221 1 1861
3 1 433 1 842 1 1802
3 1 574 1 770 1 2050
3 1 586 1 942 1 1262
3 1 476 1 901 1 2181
3 1 385 1 1178 1 1818
3 1 441 1 1746 1 2066
3 1 615 1 907 1 1227
3 1 350 1 1319 1 1639
3 1 366 1 1015 1 1335
3 1 448 1 1641 1 1961
3 1 426 1 835 1 1795
