432 2240
2 1 1789 1 2109
2 1 1469 1 2109
2 1 1469 1 1789
2 1 1788 1 2108
2 1 1468 1 2108
2 1 1468 1 1788
2 1 1461 1 1781
2 1 1781 1 2101
2 1 1461 1 2101
2 1 1451 1 1771
2 1 1451 1 2091
2 1 1449 1 1769
2 1 1449 1 2089
2 1 1772 1 2092
2 1 1769 1 2089
2 1 1771 1 2091
2 1 1448 1 2088
2 1 1767 1 2087
2 1 1447 1 1767
2 1 1447 1 2087
2 1 1763 1 2083
2 1 1443 1 2083
2 1 1443 1 1763
2 1 1436 1 2076
2 1 1751 1 2071
2 1 1429 1 2069
2 1 1749 1 2069
2 1 1429 1 1749
2 1 1427 1 2067
2 1 1747 1 2067
2 1 1427 1 1747
2 1 1426 1 2066
2 1 1426 1 1746
2 1 1746 1 2066
2 1 1418 1 2058
2 1 1409 1 2049
2 1 961 1 1281
2 1 1281 1 1601
2 1 961 1 1601
2 1 1023 1 1663
2 1 1343 1 1663
2 1 1023 1 1343
2 1 1340 1 1660
2 1 1339 1 1659
2 1 1018 1 1658
2 1 1338 1 1658
2 1 1018 1 1338
2 1 1019 1 1659
2 1 1019 1 1339
2 1 1466 1 1786
2 1 1336 1 1656
2 1 1012 1 1332
2 1 1332 1 1652
2 1 1012 1 1652
2 1 1455 1 1775
2 1 1337 1 1657
2 1 1006 1 1646
2 1 1004 1 1324
2 1 1003 1 1643
2 1 1002 1 1322
2 1 1313 1 1633
2 1 993 1 1633
2 1 993 1 1313
2 1 1440 1 1760
2 1 1311 1 1631
2 1 991 1 1311
2 1 991 1 1631
2 1 1310 1 1630
2 1 990 1 1630
2 1 990 1 1310
2 1 1309 1 1629
2 1 988 1 1308
2 1 1435 1 1755
2 1 1303 1 1623
2 1 983 1 1623
2 1 983 1 1303
2 1 982 1 1622
2 1 982 1 1302
2 1 1302 1 1622
2 1 1301 1 1621
2 1 1300 1 1620
2 1 835 1 1475
2 1 835 1 1155
2 1 1155 1 1475
2 1 834 1 1154
2 1 832 1 1472
2 1 960 1 1280
2 1 1471 1 2111
2 1 1791 1 2111
2 1 960 1 1600
2 1 1280 1 1600
2 1 1471 1 1791
2 1 894 1 1214
2 1 1214 1 1534
2 1 894 1 1534
2 1 1213 1 1533
2 1 1212 1 1532
2 1 892 1 1212
2 1 892 1 1532
2 1 1211 1 1531
2 1 891 1 1531
2 1 891 1 1211
2 1 890 1 1210
2 1 889 1 1209
2 1 1207 1 1527
2 1 1015 1 1335
2 1 1462 1 1782
2 1 1203 1 1523
2 1 1778 1 2098
2 1 1010 1 1650
2 1 1776 1 2096
2 1 879 1 1519
2 1 879 1 1199
2 1 1199 1 1519
2 1 877 1 1197
2 1 876 1 1516
2 1 1196 1 1516
2 1 876 1 1196
2 1 875 1 1515
2 1 1194 1 1514
2 1 874 1 1514
2 1 874 1 1194
2 1 873 1 1513
2 1 873 1 1193
2 1 1193 1 1513
2 1 871 1 1511
2 1 1446 1 2086
2 1 999 1 1639
2 1 1319 1 1639
2 1 999 1 1319
2 1 872 1 1512
2 1 1445 1 1765
2 1 1445 1 2085
2 1 1765 1 2085
2 1 1188 1 1508
2 1 868 1 1188
2 1 868 1 1508
2 1 866 1 1186
2 1 866 1 1506
2 1 1186 1 1506
2 1 863 1 1183
2 1 1182 1 1502
2 1 859 1 1179
2 1 859 1 1499
2 1 1179 1 1499
2 1 860 1 1180
2 1 1307 1 1627
2 1 1753 1 2073
2 1 1433 1 2073
2 1 1433 1 1753
2 1 986 1 1626
2 1 856 1 1496
2 1 1176 1 1496
2 1 1175 1 1495
2 1 854 1 1174
2 1 856 1 1176
2 1 1174 1 1494
2 1 854 1 1494
2 1 1172 1 1492
2 1 852 1 1492
2 1 852 1 1172
2 1 851 1 1171
2 1 850 1 1490
2 1 848 1 1488
2 1 1168 1 1488
2 1 848 1 1168
2 1 1296 1 1616
2 1 849 1 1489
2 1 973 1 1293
2 1 1736 1 2056
2 1 969 1 1609
2 1 1159 1 1479
2 1 966 1 1286
2 1 966 1 1606
2 1 1286 1 1606
2 1 839 1 1159
2 1 839 1 1479
2 1 1408 1 1728
2 1 1728 1 2048
2 1 1408 1 2048
2 1 1215 1 1535
2 1 1086 1 2046
2 1 959 1 2239
2 1 1790 1 2110
2 1 1918 1 2238
2 1 1085 1 2045
2 1 765 1 1085
2 1 765 1 2045
2 1 764 1 1084
2 1 957 1 2237
2 1 956 1 1916
2 1 956 1 2236
2 1 1916 1 2236
2 1 1083 1 2043
2 1 763 1 2043
2 1 763 1 1083
2 1 1915 1 2235
2 1 955 1 2235
2 1 955 1 1915
2 1 1082 1 2042
2 1 1914 1 2234
2 1 954 1 2234
2 1 954 1 1914
2 1 1913 1 2233
2 1 953 1 1913
2 1 953 1 2233
2 1 760 1 1080
2 1 1080 1 2040
2 1 760 1 2040
2 1 1464 1 2104
2 1 1464 1 1784
2 1 1784 1 2104
2 1 759 1 1079
2 1 952 1 1912
2 1 1783 1 2103
2 1 951 1 1911
2 1 951 1 2231
2 1 1911 1 2231
2 1 1206 1 1526
2 1 757 1 2037
2 1 1077 1 2037
2 1 757 1 1077
2 1 1013 1 1653
2 1 950 1 1910
2 1 950 1 2230
2 1 1910 1 2230
2 1 1909 1 2229
2 1 756 1 2036
2 1 948 1 2228
2 1 948 1 1908
2 1 1908 1 2228
2 1 1780 1 2100
2 1 1460 1 2100
2 1 1460 1 1780
2 1 884 1 1524
2 1 1204 1 1524
2 1 884 1 1204
2 1 1331 1 1651
2 1 1011 1 1331
2 1 1011 1 1651
2 1 755 1 2035
2 1 1075 1 2035
2 1 755 1 1075
2 1 1459 1 2099
2 1 1779 1 2099
2 1 1459 1 1779
2 1 754 1 2034
2 1 1907 1 2227
2 1 1009 1 1329
2 1 1329 1 1649
2 1 1009 1 1649
2 1 946 1 2226
2 1 946 1 1906
2 1 1906 1 2226
2 1 1905 1 2225
2 1 1008 1 1648
2 1 1008 1 1328
2 1 1328 1 1648
2 1 881 1 1521
2 1 1071 1 2031
2 1 751 1 2031
2 1 751 1 1071
2 1 1007 1 1647
2 1 1903 1 2223
2 1 942 1 2222
2 1 942 1 1902
2 1 1902 1 2222
2 1 1005 1 1645
2 1 749 1 2029
2 1 1069 1 2029
2 1 749 1 1069
2 1 748 1 1068
2 1 1068 1 2028
2 1 748 1 2028
2 1 940 1 1900
2 1 1067 1 2027
2 1 939 1 2219
2 1 1066 1 2026
2 1 938 1 2218
2 1 1065 1 2025
2 1 937 1 1897
2 1 744 1 1064
2 1 1896 1 2216
2 1 936 1 1896
2 1 936 1 2216
2 1 935 1 1895
2 1 934 1 1894
2 1 934 1 2214
2 1 1894 1 2214
2 1 870 1 1510
2 1 869 1 1509
2 1 1444 1 1764
2 1 739 1 1059
2 1 738 1 2018
2 1 738 1 1058
2 1 1058 1 2018
2 1 931 1 2211
2 1 931 1 1891
2 1 1891 1 2211
2 1 930 1 2210
2 1 929 1 1889
2 1 992 1 1632
2 1 992 1 1312
2 1 1312 1 1632
2 1 865 1 1185
2 1 1056 1 2016
2 1 1055 1 2015
2 1 1759 1 2079
2 1 1439 1 2079
2 1 1439 1 1759
2 1 1887 1 2207
2 1 927 1 2207
2 1 927 1 1887
2 1 1054 1 2014
2 1 1438 1 1758
2 1 733 1 1053
2 1 1886 1 2206
2 1 926 1 1886
2 1 926 1 2206
2 1 1052 1 2012
2 1 732 1 1052
2 1 732 1 2012
2 1 925 1 2205
2 1 1885 1 2205
2 1 925 1 1885
2 1 731 1 1051
2 1 1051 1 2011
2 1 731 1 2011
2 1 922 1 2202
2 1 985 1 1625
2 1 985 1 1305
2 1 1305 1 1625
2 1 858 1 1178
2 1 729 1 2009
2 1 984 1 1624
2 1 984 1 1304
2 1 1304 1 1624
2 1 857 1 1177
2 1 728 1 1048
2 1 1752 1 2072
2 1 727 1 1047
2 1 727 1 2007
2 1 1047 1 2007
2 1 919 1 2199
2 1 1430 1 2070
2 1 1750 1 2070
2 1 1430 1 1750
2 1 918 1 1878
2 1 918 1 2198
2 1 1878 1 2198
2 1 725 1 2005
2 1 725 1 1045
2 1 1045 1 2005
2 1 1044 1 2004
2 1 724 1 1044
2 1 724 1 2004
2 1 1877 1 2197
2 1 917 1 1877
2 1 917 1 2197
2 1 1876 1 2196
2 1 916 1 1876
2 1 916 1 2196
2 1 723 1 1043
2 1 1043 1 2003
2 1 723 1 2003
2 1 915 1 1875
2 1 722 1 2002
2 1 722 1 1042
2 1 1042 1 2002
2 1 914 1 1874
2 1 914 1 2194
2 1 1874 1 2194
2 1 721 1 1041
2 1 913 1 2193
2 1 720 1 1040
2 1 1424 1 2064
2 1 1744 1 2064
2 1 1424 1 1744
2 1 912 1 1872
2 1 1743 1 2063
2 1 1167 1 1487
2 1 1038 1 1998
2 1 1871 1 2191
2 1 911 1 2191
2 1 911 1 1871
2 1 1422 1 2062
2 1 717 1 1997
2 1 1421 1 2061
2 1 1165 1 1485
2 1 1292 1 1612
2 1 972 1 1612
2 1 972 1 1292
2 1 909 1 1869
2 1 1420 1 2060
2 1 1419 1 1739
2 1 1163 1 1483
2 1 1290 1 1610
2 1 1034 1 1994
2 1 905 1 1865
2 1 1288 1 1608
2 1 968 1 1288
2 1 968 1 1608
2 1 1161 1 1481
2 1 841 1 1161
2 1 841 1 1481
2 1 712 1 1992
2 1 840 1 1160
2 1 1864 1 2184
2 1 1031 1 1991
2 1 1863 1 2183
2 1 710 1 1990
2 1 1285 1 1605
2 1 902 1 1862
2 1 964 1 1604
2 1 1284 1 1604
2 1 964 1 1284
2 1 1028 1 1988
2 1 708 1 1988
2 1 708 1 1028
2 1 1027 1 1987
2 1 1026 1 1986
2 1 706 1 1986
2 1 706 1 1026
2 1 1410 1 2050
2 1 898 1 1858
2 1 1025 1 1985
2 1 705 1 1985
2 1 705 1 1025
2 1 704 1 1984
2 1 1024 1 1984
2 1 704 1 1024
2 1 897 1 1857
