612 2240
2 1 1470 1 2110
2 1 1466 1 2106
2 1 1463 1 1783
2 1 1463 1 2103
2 1 1783 1 2103
2 1 1781 1 2101
2 1 1460 1 2100
2 1 1460 1 1780
2 1 1780 1 2100
2 1 1459 1 2099
2 1 1442 1 2082
2 1 1442 1 1762
2 1 1762 1 2082
2 1 1441 1 1761
2 1 1441 1 2081
2 1 1761 1 2081
2 1 1436 1 2076
2 1 1427 1 2067
2 1 1427 1 1747
2 1 1747 1 2067
2 1 1426 1 1746
2 1 1426 1 2066
2 1 1746 1 2066
2 1 1741 1 2061
2 1 1421 1 2061
2 1 1421 1 1741
2 1 1419 1 2059
2 1 1420 1 2060
2 1 1419 1 1739
2 1 1740 1 2060
2 1 1739 1 2059
2 1 1738 1 2058
2 1 1737 1 2057
2 1 1413 1 2053
2 1 1413 1 1733
2 1 1733 1 2053
2 1 974 1 1614
2 1 974 1 1294
2 1 1420 1 1740
2 1 1294 1 1614
2 1 971 1 1611
2 1 970 1 1610
2 1 970 1 1290
2 1 1290 1 1610
2 1 968 1 1288
2 1 1288 1 1608
2 1 968 1 1608
2 1 966 1 1606
2 1 1469 1 1789
2 1 1020 1 1340
2 1 1020 1 1660
2 1 1340 1 1660
2 1 1339 1 1659
2 1 1018 1 1338
2 1 1337 1 1657
2 1 1017 1 1337
2 1 1017 1 1657
2 1 1016 1 1336
2 1 1016 1 1656
2 1 1336 1 1656
2 1 1334 1 1654
2 1 1012 1 1332
2 1 1010 1 1650
2 1 1453 1 1773
2 1 1004 1 1324
2 1 1004 1 1644
2 1 1324 1 1644
2 1 1322 1 1642
2 1 1327 1 1647
2 1 1007 1 1327
2 1 1007 1 1647
2 1 991 1 1631
2 1 989 1 1309
2 1 1306 1 1626
2 1 986 1 1626
2 1 986 1 1306
2 1 1429 1 1749
2 1 980 1 1620
2 1 1411 1 2051
2 1 834 1 1154
2 1 1154 1 1474
2 1 834 1 1474
2 1 1408 1 2048
2 1 964 1 1284
2 1 894 1 1214
2 1 892 1 1212
2 1 1213 1 1533
2 1 893 1 1213
2 1 1209 1 1529
2 1 889 1 1209
2 1 889 1 1529
2 1 893 1 1533
2 1 1204 1 1524
2 1 884 1 1524
2 1 886 1 1206
2 1 1206 1 1526
2 1 884 1 1204
2 1 886 1 1526
2 1 883 1 1523
2 1 1331 1 1651
2 1 1200 1 1520
2 1 1008 1 1648
2 1 1197 1 1517
2 1 878 1 1198
2 1 1005 1 1325
2 1 873 1 1513
2 1 1193 1 1513
2 1 873 1 1193
2 1 1448 1 2088
2 1 1767 1 2087
2 1 1444 1 2084
2 1 1000 1 1640
2 1 1320 1 1640
2 1 1000 1 1320
2 1 1444 1 1764
2 1 1764 1 2084
2 1 1443 1 2083
2 1 1763 1 2083
2 1 1443 1 1763
2 1 866 1 1506
2 1 1185 1 1505
2 1 865 1 1505
2 1 865 1 1185
2 1 864 1 1504
2 1 1184 1 1504
2 1 864 1 1184
2 1 990 1 1310
2 1 1437 1 1757
2 1 860 1 1180
2 1 1434 1 1754
2 1 1754 1 2074
2 1 1434 1 2074
2 1 859 1 1499
2 1 859 1 1179
2 1 1179 1 1499
2 1 857 1 1177
2 1 1177 1 1497
2 1 857 1 1497
2 1 1751 1 2071
2 1 984 1 1624
2 1 984 1 1304
2 1 1304 1 1624
2 1 854 1 1174
2 1 1174 1 1494
2 1 854 1 1494
2 1 1301 1 1621
2 1 851 1 1171
2 1 1170 1 1490
2 1 1298 1 1618
2 1 978 1 1618
2 1 978 1 1298
2 1 850 1 1170
2 1 850 1 1490
2 1 1297 1 1617
2 1 977 1 1617
2 1 977 1 1297
2 1 846 1 1486
2 1 1165 1 1485
2 1 844 1 1484
2 1 843 1 1483
2 1 1163 1 1483
2 1 843 1 1163
2 1 842 1 1482
2 1 841 1 1481
2 1 1159 1 1479
2 1 1414 1 2054
2 1 1414 1 1734
2 1 1734 1 2054
2 1 1157 1 1477
2 1 837 1 1477
2 1 837 1 1157
2 1 1023 1 1663
2 1 1343 1 1663
2 1 1023 1 1343
2 1 767 1 2047
2 1 1342 1 1662
2 1 1215 1 1535
2 1 895 1 1215
2 1 895 1 1535
2 1 1086 1 2046
2 1 766 1 1086
2 1 766 1 2046
2 1 765 1 1085
2 1 764 1 1084
2 1 764 1 2044
2 1 1084 1 2044
2 1 1468 1 1788
2 1 956 1 2236
2 1 763 1 1083
2 1 763 1 2043
2 1 1083 1 2043
2 1 762 1 2042
2 1 1082 1 2042
2 1 762 1 1082
2 1 955 1 1915
2 1 1915 1 2235
2 1 955 1 2235
2 1 1081 1 2041
2 1 953 1 1913
2 1 1465 1 1785
2 1 760 1 1080
2 1 1464 1 1784
2 1 759 1 1079
2 1 952 1 2232
2 1 758 1 1078
2 1 951 1 2231
2 1 951 1 1911
2 1 1911 1 2231
2 1 1782 1 2102
2 1 1462 1 1782
2 1 1462 1 2102
2 1 1910 1 2230
2 1 950 1 1910
2 1 950 1 2230
2 1 757 1 1077
2 1 757 1 2037
2 1 1077 1 2037
2 1 1076 1 2036
2 1 756 1 2036
2 1 756 1 1076
2 1 1909 1 2229
2 1 949 1 2229
2 1 949 1 1909
2 1 1908 1 2228
2 1 948 1 1908
2 1 948 1 2228
2 1 947 1 1907
2 1 1907 1 2227
2 1 947 1 2227
2 1 754 1 2034
2 1 882 1 1202
2 1 1202 1 1522
2 1 882 1 1522
2 1 946 1 1906
2 1 1073 1 2033
2 1 1777 1 2097
2 1 752 1 2032
2 1 1072 1 2032
2 1 752 1 1072
2 1 1456 1 2096
2 1 1456 1 1776
2 1 1776 1 2096
2 1 751 1 2031
2 1 1904 1 2224
2 1 944 1 1904
2 1 944 1 2224
2 1 1006 1 1326
2 1 1199 1 1519
2 1 943 1 2223
2 1 1903 1 2223
2 1 943 1 1903
2 1 1454 1 1774
2 1 1454 1 2094
2 1 1774 1 2094
2 1 1902 1 2222
2 1 1069 1 2029
2 1 749 1 1069
2 1 749 1 2029
2 1 1901 1 2221
2 1 941 1 1901
2 1 941 1 2221
2 1 940 1 2220
2 1 1323 1 1643
2 1 1003 1 1323
2 1 1003 1 1643
2 1 747 1 1067
2 1 1067 1 2027
2 1 747 1 2027
2 1 746 1 2026
2 1 874 1 1194
2 1 874 1 1514
2 1 1194 1 1514
2 1 745 1 1065
2 1 1001 1 1641
2 1 936 1 1896
2 1 1896 1 2216
2 1 936 1 2216
2 1 743 1 2023
2 1 999 1 1639
2 1 1319 1 1639
2 1 999 1 1319
2 1 998 1 1318
2 1 998 1 1638
2 1 1318 1 1638
2 1 871 1 1511
2 1 1190 1 1510
2 1 870 1 1190
2 1 870 1 1510
2 1 1894 1 2214
2 1 1061 1 2021
2 1 740 1 2020
2 1 739 1 2019
2 1 932 1 1892
2 1 1891 1 2211
2 1 994 1 1634
2 1 867 1 1507
2 1 738 1 2018
2 1 1058 1 2018
2 1 738 1 1058
2 1 1057 1 2017
2 1 929 1 2209
2 1 929 1 1889
2 1 1889 1 2209
2 1 928 1 1888
2 1 1888 1 2208
2 1 928 1 2208
2 1 1760 1 2080
2 1 1440 1 1760
2 1 1440 1 2080
2 1 1055 1 2015
2 1 735 1 2015
2 1 735 1 1055
2 1 1759 1 2079
2 1 1439 1 2079
2 1 1439 1 1759
2 1 1054 1 2014
2 1 1887 1 2207
2 1 927 1 1887
2 1 927 1 2207
2 1 1758 1 2078
2 1 1886 1 2206
2 1 926 1 2206
2 1 926 1 1886
2 1 1181 1 1501
2 1 1052 1 2012
2 1 925 1 2205
2 1 1051 1 2011
2 1 923 1 1883
2 1 1435 1 1755
2 1 1305 1 1625
2 1 985 1 1305
2 1 985 1 1625
2 1 1049 1 2009
2 1 729 1 1049
2 1 729 1 2009
2 1 922 1 2202
2 1 1881 1 2201
2 1 920 1 2200
2 1 920 1 1880
2 1 1880 1 2200
2 1 983 1 1623
2 1 983 1 1303
2 1 1303 1 1623
2 1 856 1 1176
2 1 1302 1 1622
2 1 1879 1 2199
2 1 726 1 2006
2 1 726 1 1046
2 1 1046 1 2006
2 1 1878 1 2198
2 1 725 1 2005
2 1 725 1 1045
2 1 1045 1 2005
2 1 917 1 1877
2 1 1299 1 1619
2 1 852 1 1172
2 1 916 1 2196
2 1 1043 1 2003
2 1 723 1 2003
2 1 723 1 1043
2 1 722 1 1042
2 1 1042 1 2002
2 1 722 1 2002
2 1 914 1 1874
2 1 1874 1 2194
2 1 914 1 2194
2 1 913 1 2193
2 1 913 1 1873
2 1 1873 1 2193
2 1 976 1 1616
2 1 976 1 1296
2 1 1296 1 1616
2 1 1425 1 2065
2 1 849 1 1169
2 1 849 1 1489
2 1 1169 1 1489
2 1 975 1 1295
2 1 1424 1 1744
2 1 1424 1 2064
2 1 1744 1 2064
2 1 1039 1 1999
2 1 719 1 1039
2 1 719 1 1999
2 1 718 1 1038
2 1 1871 1 2191
2 1 1742 1 2062
2 1 1422 1 1742
2 1 1422 1 2062
2 1 1037 1 1997
2 1 717 1 1997
2 1 717 1 1037
2 1 1036 1 1996
2 1 716 1 1036
2 1 716 1 1996
2 1 909 1 2189
2 1 1869 1 2189
2 1 909 1 1869
2 1 908 1 2188
2 1 1868 1 2188
2 1 908 1 1868
2 1 1035 1 1995
2 1 715 1 1035
2 1 715 1 1995
2 1 1867 1 2187
2 1 907 1 1867
2 1 907 1 2187
2 1 714 1 1034
2 1 1866 1 2186
2 1 906 1 1866
2 1 906 1 2186
2 1 1865 1 2185
2 1 905 1 1865
2 1 905 1 2185
2 1 1416 1 2056
2 1 840 1 1480
2 1 840 1 1160
2 1 1160 1 1480
2 1 904 1 2184
2 1 1031 1 1991
2 1 902 1 2182
2 1 902 1 1862
2 1 1862 1 2182
2 1 838 1 1158
2 1 1029 1 1989
2 1 965 1 1285
2 1 900 1 2180
2 1 963 1 1283
2 1 836 1 1156
2 1 1156 1 1476
2 1 836 1 1476
2 1 835 1 1155
2 1 962 1 1602
2 1 962 1 1282
2 1 1282 1 1602
2 1 1026 1 1986
2 1 1410 1 1730
2 1 1410 1 2050
2 1 1730 1 2050
2 1 705 1 1985
2 1 1153 1 1473
2 1 704 1 1984
2 1 960 1 1280
2 1 897 1 1857
2 1 897 1 2177
2 1 1857 1 2177
3 1 536 1 796 1 2076
3 1 414 1 1207 1 1847
3 1 536 1 796 1 1436
3 1 484 1 1613 1 1933
3 1 570 1 830 1 2110
3 1 324 1 1293 1 1613
3 1 453 1 1326 1 1966
3 1 421 1 1470 1 1790
3 1 446 1 855 1 1815
3 1 561 1 821 1 1781
3 1 570 1 830 1 1470
3 1 453 1 1006 1 1966
3 1 421 1 1790 1 2110
3 1 513 1 773 1 1413
3 1 572 1 768 1 1408
3 1 423 1 1728 1 2048
3 1 423 1 1408 1 1728
3 1 561 1 821 1 2101
3 1 466 1 1339 1 1979
3 1 466 1 1659 1 1979
3 1 563 1 823 1 1783
3 1 572 1 768 1 2048
3 1 406 1 1519 1 1839
3 1 621 1 913 1 1233
3 1 563 1 823 1 1463
3 1 590 1 946 1 1266
3 1 560 1 820 1 1460
3 1 639 1 1251 1 2211
3 1 513 1 773 1 1733
3 1 513 1 773 1 2053
3 1 406 1 1199 1 1839
3 1 328 1 721 1 1361
3 1 402 1 1771 1 2091
3 1 517 1 777 1 1737
3 1 468 1 1661 1 1981
3 1 619 1 1231 1 2191
3 1 581 1 1257 1 1897
3 1 628 1 1240 1 1880
3 1 566 1 826 1 1466
3 1 636 1 928 1 1248
3 1 387 1 1436 1 1756
3 1 636 1 1248 1 1888
3 1 636 1 1248 1 2208
3 1 518 1 778 1 2058
3 1 374 1 1407 1 2047
3 1 483 1 972 1 1932
3 1 542 1 802 1 1762
3 1 603 1 1279 1 1919
3 1 448 1 1897 1 2217
3 1 585 1 941 1 1261
3 1 518 1 778 1 1738
3 1 485 1 910 1 2190
3 1 586 1 1262 1 1902
3 1 472 1 1281 1 1921
3 1 560 1 820 1 2100
3 1 417 1 1786 1 2106
3 1 563 1 823 1 2103
3 1 598 1 954 1 1274
3 1 584 1 1260 1 2220
3 1 618 1 846 1 1166
3 1 431 1 1416 1 1736
3 1 551 1 811 1 2091
3 1 586 1 1262 1 2222
3 1 560 1 820 1 1780
3 1 568 1 828 1 1468
3 1 566 1 826 1 2106
3 1 455 1 1648 1 1968
3 1 618 1 1166 1 1486
3 1 605 1 1217 1 2177
3 1 635 1 1183 1 1503
3 1 594 1 950 1 1270
3 1 410 1 1779 1 2099
3 1 417 1 1466 1 1786
3 1 449 1 1642 1 1962
3 1 542 1 802 1 1442
3 1 387 1 1756 1 2076
3 1 469 1 1662 1 1982
3 1 542 1 802 1 2082
3 1 352 1 1065 1 1385
3 1 410 1 1459 1 1779
3 1 568 1 828 1 1788
3 1 582 1 938 1 1258
3 1 381 1 966 1 1286
3 1 541 1 801 1 2081
3 1 541 1 801 1 1441
3 1 541 1 801 1 1761
3 1 559 1 819 1 2099
3 1 559 1 819 1 1459
3 1 375 1 1344 1 1984
3 1 375 1 704 1 1344
3 1 537 1 797 1 1437
3 1 540 1 800 1 2080
3 1 520 1 780 1 2060
3 1 408 1 1201 1 1841
3 1 411 1 1204 1 1844
3 1 616 1 844 1 1164
3 1 513 1 709 1 1029
3 1 597 1 953 1 1273
3 1 540 1 800 1 1440
3 1 367 1 1080 1 1400
3 1 540 1 800 1 1760
3 1 437 1 846 1 1806
3 1 515 1 775 1 1735
3 1 404 1 1197 1 1837
3 1 512 1 772 1 1412
3 1 372 1 1341 1 1661
3 1 338 1 1307 1 1627
3 1 424 1 1473 1 1793
3 1 464 1 1913 1 2233
3 1 525 1 785 1 1425
3 1 534 1 794 1 1434
3 1 611 1 1223 1 1863
3 1 477 1 1606 1 1926
3 1 447 1 1176 1 1816
3 1 340 1 1373 1 2013
3 1 405 1 1198 1 1838
3 1 605 1 1217 1 1857
3 1 628 1 920 1 1240
3 1 437 1 1486 1 1806
3 1 631 1 923 1 1243
3 1 591 1 1267 1 1907
3 1 597 1 1273 1 1913
3 1 493 1 1622 1 1942
3 1 605 1 897 1 1217
3 1 377 1 1346 1 1986
3 1 628 1 1240 1 2200
3 1 599 1 1275 1 1915
3 1 436 1 1165 1 1805
3 1 436 1 1485 1 1805
3 1 458 1 1651 1 1971
3 1 500 1 1309 1 1949
3 1 478 1 1863 1 2183
3 1 325 1 1038 1 1358
3 1 464 1 953 1 2233
3 1 618 1 910 1 1230
3 1 352 1 745 1 1385
3 1 334 1 1367 1 2007
3 1 515 1 711 1 1991
3 1 639 1 1187 1 1507
3 1 367 1 760 1 1400
3 1 419 1 1212 1 1852
3 1 612 1 904 1 1224
3 1 347 1 1316 1 1636
3 1 430 1 1479 1 1799
3 1 380 1 1349 1 1989
3 1 554 1 750 1 1070
3 1 325 1 718 1 1358
3 1 555 1 815 1 1775
3 1 593 1 1205 1 1525
3 1 590 1 1266 1 1906
3 1 600 1 956 1 1276
3 1 381 1 710 1 1350
3 1 438 1 1487 1 1807
3 1 498 1 1883 1 2203
3 1 352 1 1321 1 1641
3 1 447 1 856 1 1816
3 1 521 1 781 1 2061
3 1 326 1 1359 1 1999
3 1 521 1 781 1 1421
3 1 616 1 1164 1 1484
3 1 434 1 843 1 1803
3 1 419 1 892 1 1852
3 1 520 1 780 1 1420
3 1 495 1 1304 1 1944
3 1 354 1 1387 1 2027
3 1 405 1 878 1 1838
3 1 344 1 993 1 1313
