432 2240
2 1 1470 1 2110
2 1 1470 1 1790
2 1 1790 1 2110
2 1 1469 1 1789
2 1 1469 1 2109
2 1 1789 1 2109
2 1 1466 1 1786
2 1 1466 1 2106
2 1 1786 1 2106
2 1 1458 1 2098
2 1 1457 1 1777
2 1 1777 1 2097
2 1 1457 1 2097
2 1 1455 1 1775
2 1 1455 1 2095
2 1 1775 1 2095
2 1 1450 1 2090
2 1 1450 1 1770
2 1 1770 1 2090
2 1 1437 1 2077
2 1 1757 1 2077
2 1 1772 1 2092
2 1 1436 1 2076
2 1 1437 1 1757
2 1 1429 1 1749
2 1 1432 1 2072
2 1 1752 1 2072
2 1 1749 1 2069
2 1 1429 1 2069
2 1 1426 1 1746
2 1 1426 1 2066
2 1 1746 1 2066
2 1 1432 1 1752
2 1 1420 1 1740
2 1 1420 1 2060
2 1 1740 1 2060
2 1 1735 1 2055
2 1 1415 1 2055
2 1 1415 1 1735
2 1 1734 1 2054
2 1 1412 1 2052
2 1 1731 1 2051
2 1 974 1 1294
2 1 1410 1 2050
2 1 1294 1 1614
2 1 974 1 1614
2 1 1292 1 1612
2 1 972 1 1292
2 1 972 1 1612
2 1 971 1 1611
2 1 971 1 1291
2 1 1291 1 1611
2 1 1419 1 1739
2 1 969 1 1289
2 1 1289 1 1609
2 1 969 1 1609
2 1 967 1 1607
2 1 965 1 1605
2 1 963 1 1603
2 1 961 1 1601
2 1 1408 1 1728
2 1 1023 1 1343
2 1 1017 1 1657
2 1 1464 1 1784
2 1 1017 1 1337
2 1 1014 1 1334
2 1 1337 1 1657
2 1 1461 1 1781
2 1 1460 1 1780
2 1 1012 1 1332
2 1 1012 1 1652
2 1 1332 1 1652
2 1 1331 1 1651
2 1 1001 1 1641
2 1 1325 1 1645
2 1 1005 1 1645
2 1 1005 1 1325
2 1 1320 1 1640
2 1 1000 1 1640
2 1 1000 1 1320
2 1 1321 1 1641
2 1 1448 1 1768
2 1 1001 1 1321
2 1 999 1 1319
2 1 999 1 1639
2 1 1319 1 1639
2 1 1307 1 1627
2 1 983 1 1623
2 1 983 1 1303
2 1 1303 1 1623
2 1 977 1 1617
2 1 834 1 1154
2 1 834 1 1474
2 1 1154 1 1474
2 1 962 1 1602
2 1 1301 1 1621
2 1 981 1 1621
2 1 835 1 1475
2 1 832 1 1472
2 1 1471 1 2111
2 1 894 1 1534
2 1 1214 1 1534
2 1 894 1 1214
2 1 893 1 1533
2 1 1468 1 2108
2 1 1787 1 2107
2 1 1467 1 2107
2 1 1467 1 1787
2 1 890 1 1530
2 1 1465 1 2105
2 1 888 1 1528
2 1 888 1 1208
2 1 1208 1 1528
2 1 981 1 1301
2 1 887 1 1207
2 1 1015 1 1655
2 1 1462 1 1782
2 1 884 1 1204
2 1 883 1 1203
2 1 881 1 1521
2 1 881 1 1201
2 1 1201 1 1521
2 1 1009 1 1329
2 1 1009 1 1649
2 1 1329 1 1649
2 1 879 1 1199
2 1 878 1 1518
2 1 1196 1 1516
2 1 1324 1 1644
2 1 1194 1 1514
2 1 873 1 1193
2 1 1193 1 1513
2 1 873 1 1513
2 1 871 1 1191
2 1 1188 1 1508
2 1 1316 1 1636
2 1 996 1 1636
2 1 996 1 1316
2 1 1443 1 1763
2 1 995 1 1635
2 1 860 1 1180
2 1 1180 1 1500
2 1 860 1 1500
2 1 1435 1 1755
2 1 1435 1 2075
2 1 1755 1 2075
2 1 858 1 1178
2 1 1178 1 1498
2 1 858 1 1498
2 1 856 1 1496
2 1 856 1 1176
2 1 1176 1 1496
2 1 855 1 1495
2 1 852 1 1492
2 1 850 1 1490
2 1 847 1 1167
2 1 1422 1 1742
2 1 845 1 1165
2 1 1164 1 1484
2 1 843 1 1483
2 1 1290 1 1610
2 1 970 1 1290
2 1 970 1 1610
2 1 1417 1 1737
2 1 1747 1 2067
2 1 1737 1 2057
2 1 1427 1 2067
2 1 1417 1 2057
2 1 840 1 1480
2 1 1159 1 1479
2 1 838 1 1478
2 1 1286 1 1606
2 1 966 1 1606
2 1 966 1 1286
2 1 1413 1 1733
2 1 959 1 2239
2 1 1022 1 1342
2 1 895 1 1215
2 1 1917 1 2237
2 1 957 1 2237
2 1 957 1 1917
2 1 956 1 2236
2 1 1916 1 2236
2 1 956 1 1916
2 1 1019 1 1339
2 1 1212 1 1532
2 1 892 1 1532
2 1 892 1 1212
2 1 763 1 2043
2 1 891 1 1531
2 1 1082 1 2042
2 1 762 1 2042
2 1 762 1 1082
2 1 1018 1 1658
2 1 889 1 1209
2 1 1209 1 1529
2 1 889 1 1529
2 1 953 1 2233
2 1 760 1 1080
2 1 759 1 2039
2 1 759 1 1079
2 1 1079 1 2039
2 1 951 1 2231
2 1 1427 1 1747
2 1 1013 1 1333
2 1 1333 1 1653
2 1 1013 1 1653
2 1 1077 1 2037
2 1 757 1 2037
2 1 757 1 1077
2 1 950 1 1910
2 1 1076 1 2036
2 1 948 1 2228
2 1 1908 1 2228
2 1 948 1 1908
2 1 1075 1 2035
2 1 947 1 2227
2 1 754 1 2034
2 1 754 1 1074
2 1 1074 1 2034
2 1 753 1 1073
2 1 753 1 2033
2 1 1073 1 2033
2 1 752 1 2032
2 1 944 1 1904
2 1 1904 1 2224
2 1 944 1 2224
2 1 1007 1 1327
2 1 1007 1 1647
2 1 1327 1 1647
2 1 880 1 1520
2 1 880 1 1200
2 1 1200 1 1520
2 1 751 1 1071
2 1 1902 1 2222
2 1 942 1 1902
2 1 942 1 2222
2 1 1069 1 2029
2 1 749 1 2029
2 1 749 1 1069
2 1 1773 1 2093
2 1 1453 1 1773
2 1 1453 1 2093
2 1 748 1 1068
2 1 747 1 2027
2 1 940 1 2220
2 1 1451 1 2091
2 1 1322 1 1642
2 1 1771 1 2091
2 1 1451 1 1771
2 1 875 1 1195
2 1 875 1 1515
2 1 1195 1 1515
2 1 1899 1 2219
2 1 939 1 1899
2 1 939 1 2219
2 1 746 1 1066
2 1 746 1 2026
2 1 1066 1 2026
2 1 745 1 1065
2 1 1898 1 2218
2 1 937 1 1897
2 1 937 1 2217
2 1 1897 1 2217
2 1 1449 1 2089
2 1 1449 1 1769
2 1 1769 1 2089
2 1 744 1 1064
2 1 1064 1 2024
2 1 744 1 2024
2 1 1896 1 2216
2 1 936 1 1896
2 1 936 1 2216
2 1 935 1 2215
2 1 1895 1 2215
2 1 935 1 1895
2 1 742 1 1062
2 1 1062 1 2022
2 1 742 1 2022
2 1 741 1 1061
2 1 934 1 1894
2 1 1765 1 2085
2 1 1445 1 2085
2 1 1445 1 1765
2 1 740 1 1060
2 1 740 1 2020
2 1 1060 1 2020
2 1 933 1 1893
2 1 1892 1 2212
2 1 739 1 2019
2 1 932 1 1892
2 1 932 1 2212
2 1 867 1 1507
2 1 866 1 1186
2 1 1313 1 1633
2 1 993 1 1313
2 1 993 1 1633
2 1 1441 1 2081
2 1 865 1 1185
2 1 865 1 1505
2 1 1185 1 1505
2 1 992 1 1632
2 1 991 1 1311
2 1 1311 1 1631
2 1 991 1 1631
2 1 990 1 1310
2 1 1183 1 1503
2 1 989 1 1629
2 1 862 1 1182
2 1 862 1 1502
2 1 1182 1 1502
2 1 733 1 2013
2 1 1053 1 2013
2 1 733 1 1053
2 1 1052 1 2012
2 1 924 1 2204
2 1 924 1 1884
2 1 1884 1 2204
2 1 731 1 2011
2 1 859 1 1499
2 1 986 1 1626
2 1 730 1 2010
2 1 1050 1 2010
2 1 730 1 1050
2 1 1882 1 2202
2 1 921 1 2201
2 1 857 1 1177
2 1 728 1 2008
2 1 728 1 1048
2 1 1048 1 2008
2 1 727 1 1047
2 1 727 1 2007
2 1 1047 1 2007
2 1 1431 1 2071
2 1 1879 1 2199
2 1 919 1 1879
2 1 919 1 2199
2 1 1046 1 2006
2 1 1045 1 2005
2 1 725 1 1045
2 1 725 1 2005
2 1 1044 1 2004
2 1 917 1 1877
2 1 916 1 2196
2 1 1428 1 1748
2 1 723 1 2003
2 1 1298 1 1618
2 1 1042 1 2002
2 1 722 1 2002
2 1 722 1 1042
2 1 915 1 1875
2 1 915 1 2195
2 1 1875 1 2195
2 1 1874 1 2194
2 1 721 1 2001
2 1 913 1 2193
2 1 1873 1 2193
2 1 913 1 1873
2 1 1296 1 1616
2 1 976 1 1616
2 1 976 1 1296
2 1 849 1 1489
2 1 1169 1 1489
2 1 849 1 1169
2 1 1040 1 2000
2 1 1743 1 2063
2 1 1871 1 2191
2 1 911 1 1871
2 1 911 1 2191
2 1 718 1 1998
2 1 1166 1 1486
2 1 1037 1 1997
2 1 910 1 1870
2 1 910 1 2190
2 1 1870 1 2190
2 1 1741 1 2061
2 1 1869 1 2189
2 1 716 1 1996
2 1 716 1 1036
2 1 1036 1 1996
2 1 908 1 2188
2 1 908 1 1868
2 1 1868 1 2188
2 1 1867 1 2187
2 1 907 1 1867
2 1 907 1 2187
2 1 1034 1 1994
2 1 714 1 1034
2 1 714 1 1994
2 1 906 1 2186
2 1 906 1 1866
2 1 1866 1 2186
2 1 713 1 1993
2 1 1161 1 1481
2 1 712 1 1032
2 1 712 1 1992
2 1 1032 1 1992
2 1 905 1 1865
2 1 1864 1 2184
2 1 1736 1 2056
2 1 1031 1 1991
2 1 711 1 1991
2 1 711 1 1031
2 1 710 1 1030
2 1 903 1 2183
2 1 1863 1 2183
2 1 903 1 1863
2 1 902 1 1862
2 1 902 1 2182
2 1 1862 1 2182
2 1 901 1 1861
2 1 1861 1 2181
2 1 901 1 2181
2 1 1284 1 1604
2 1 964 1 1284
2 1 964 1 1604
2 1 1028 1 1988
2 1 837 1 1477
2 1 1860 1 2180
2 1 1026 1 1986
2 1 706 1 1986
2 1 706 1 1026
2 1 898 1 2178
2 1 1858 1 2178
2 1 898 1 1858
2 1 897 1 1857
2 1 833 1 1473
2 1 833 1 1153
2 1 1153 1 1473
2 1 1024 1 1984
2 1 704 1 1024
2 1 704 1 1984
