436 2240
2 1 1788 1 2108
2 1 1466 1 1786
2 1 1786 1 2106
2 1 1466 1 2106
2 1 1783 1 2103
2 1 1461 1 2101
2 1 1780 1 2100
2 1 1455 1 2095
2 1 1455 1 1775
2 1 1775 1 2095
2 1 1763 1 2083
2 1 1762 1 2082
2 1 1756 1 2076
2 1 1436 1 2076
2 1 1435 1 2075
2 1 1436 1 1756
2 1 1435 1 1755
2 1 1755 1 2075
2 1 1737 1 2057
2 1 1744 1 2064
2 1 1747 1 2067
2 1 1424 1 1744
2 1 1424 1 2064
2 1 1417 1 2057
2 1 1417 1 1737
2 1 974 1 1614
2 1 1729 1 2049
2 1 974 1 1294
2 1 1294 1 1614
2 1 1422 1 1742
2 1 972 1 1292
2 1 1292 1 1612
2 1 972 1 1612
2 1 1419 1 1739
2 1 970 1 1290
2 1 1289 1 1609
2 1 1288 1 1608
2 1 1282 1 1602
2 1 1023 1 1663
2 1 1341 1 1661
2 1 1415 1 1735
2 1 1021 1 1661
2 1 1021 1 1341
2 1 1340 1 1660
2 1 1281 1 1601
2 1 1020 1 1660
2 1 1020 1 1340
2 1 961 1 1601
2 1 1012 1 1332
2 1 1010 1 1330
2 1 1459 1 1779
2 1 1328 1 1648
2 1 1005 1 1325
2 1 1325 1 1645
2 1 1005 1 1645
2 1 1322 1 1642
2 1 1447 1 1767
2 1 1320 1 1640
2 1 1000 1 1640
2 1 1000 1 1320
2 1 1316 1 1636
2 1 1441 1 1761
2 1 993 1 1313
2 1 995 1 1635
2 1 1343 1 1663
2 1 990 1 1630
2 1 1310 1 1630
2 1 1315 1 1635
2 1 995 1 1315
2 1 990 1 1310
2 1 1307 1 1627
2 1 1312 1 1632
2 1 1155 1 1475
2 1 1154 1 1474
2 1 832 1 1152
2 1 832 1 1472
2 1 992 1 1632
2 1 1152 1 1472
2 1 1280 1 1600
2 1 891 1 1531
2 1 1211 1 1531
2 1 891 1 1211
2 1 1018 1 1658
2 1 1784 1 2104
2 1 1017 1 1657
2 1 1337 1 1657
2 1 1017 1 1337
2 1 887 1 1527
2 1 1207 1 1527
2 1 887 1 1207
2 1 1782 1 2102
2 1 885 1 1525
2 1 885 1 1205
2 1 1205 1 1525
2 1 884 1 1204
2 1 1204 1 1524
2 1 884 1 1524
2 1 985 1 1625
2 1 985 1 1305
2 1 1305 1 1625
2 1 1203 1 1523
2 1 883 1 1203
2 1 883 1 1523
2 1 1458 1 1778
2 1 1778 1 2098
2 1 1458 1 2098
2 1 1011 1 1331
2 1 881 1 1521
2 1 1199 1 1519
2 1 878 1 1518
2 1 1453 1 1773
2 1 1453 1 2093
2 1 1773 1 2093
2 1 876 1 1516
2 1 1003 1 1643
2 1 1768 1 2088
2 1 1448 1 2088
2 1 1448 1 1768
2 1 1191 1 1511
2 1 871 1 1191
2 1 871 1 1511
2 1 998 1 1638
2 1 1188 1 1508
2 1 1187 1 1507
2 1 1446 1 1766
2 1 866 1 1506
2 1 865 1 1185
2 1 865 1 1505
2 1 1185 1 1505
2 1 864 1 1184
2 1 1758 1 2078
2 1 992 1 1312
2 1 861 1 1501
2 1 869 1 1189
2 1 1180 1 1500
2 1 859 1 1179
2 1 859 1 1499
2 1 1179 1 1499
2 1 1178 1 1498
2 1 858 1 1498
2 1 858 1 1178
2 1 986 1 1626
2 1 856 1 1176
2 1 983 1 1303
2 1 1431 1 1751
2 1 1751 1 2071
2 1 1431 1 2071
2 1 1303 1 1623
2 1 983 1 1623
2 1 1429 1 2069
2 1 851 1 1171
2 1 1298 1 1618
2 1 1426 1 2066
2 1 978 1 1618
2 1 978 1 1298
2 1 1746 1 2066
2 1 1426 1 1746
2 1 847 1 1487
2 1 1167 1 1487
2 1 847 1 1167
2 1 845 1 1165
2 1 1163 1 1483
2 1 1166 1 1486
2 1 842 1 1162
2 1 1161 1 1481
2 1 1160 1 1480
2 1 840 1 1480
2 1 840 1 1160
2 1 1159 1 1479
2 1 838 1 1158
2 1 966 1 1606
2 1 1286 1 1606
2 1 966 1 1286
2 1 896 1 2176
2 1 1856 1 2176
2 1 896 1 1856
2 1 1408 1 1728
2 1 1408 1 2048
2 1 1728 1 2048
2 1 961 1 1281
2 1 767 1 2047
2 1 1022 1 1662
2 1 1215 1 1535
2 1 766 1 2046
2 1 766 1 1086
2 1 1086 1 2046
2 1 1023 1 1343
2 1 1919 1 2239
2 1 959 1 2239
2 1 959 1 1919
2 1 1470 1 2110
2 1 765 1 1085
2 1 1918 1 2238
2 1 764 1 1084
2 1 1083 1 2043
2 1 763 1 1083
2 1 763 1 2043
2 1 956 1 2236
2 1 955 1 1915
2 1 1915 1 2235
2 1 955 1 2235
2 1 1082 1 2042
2 1 761 1 2041
2 1 954 1 1914
2 1 1913 1 2233
2 1 953 1 1913
2 1 953 1 2233
2 1 1336 1 1656
2 1 1016 1 1336
2 1 1016 1 1656
2 1 889 1 1529
2 1 888 1 1528
2 1 1335 1 1655
2 1 1015 1 1655
2 1 1015 1 1335
2 1 886 1 1526
2 1 886 1 1206
2 1 1206 1 1526
2 1 950 1 2230
2 1 757 1 1077
2 1 1076 1 2036
2 1 756 1 1076
2 1 756 1 2036
2 1 948 1 1908
2 1 1075 1 2035
2 1 755 1 1075
2 1 755 1 2035
2 1 947 1 1907
2 1 947 1 2227
2 1 1907 1 2227
2 1 882 1 1202
2 1 1906 1 2226
2 1 946 1 1906
2 1 946 1 2226
2 1 1073 1 2033
2 1 1457 1 1777
2 1 1777 1 2097
2 1 1457 1 2097
2 1 1776 1 2096
2 1 1456 1 1776
2 1 1456 1 2096
2 1 1200 1 1520
2 1 1071 1 2031
2 1 751 1 2031
2 1 751 1 1071
2 1 944 1 2224
2 1 750 1 1070
2 1 1903 1 2223
2 1 942 1 1902
2 1 1902 1 2222
2 1 942 1 2222
2 1 749 1 2029
2 1 941 1 1901
2 1 1324 1 1644
2 1 1004 1 1644
2 1 1004 1 1324
2 1 877 1 1197
2 1 748 1 1068
2 1 748 1 2028
2 1 1068 1 2028
2 1 747 1 1067
2 1 1067 1 2027
2 1 747 1 2027
2 1 1451 1 1771
2 1 745 1 1065
2 1 938 1 1898
2 1 1898 1 2218
2 1 938 1 2218
2 1 744 1 2024
2 1 999 1 1319
2 1 1319 1 1639
2 1 999 1 1639
2 1 1896 1 2216
2 1 936 1 1896
2 1 936 1 2216
2 1 1895 1 2215
2 1 742 1 2022
2 1 1317 1 1637
2 1 870 1 1190
2 1 934 1 2214
2 1 1061 1 2021
2 1 1765 1 2085
2 1 1893 1 2213
2 1 740 1 1060
2 1 1764 1 2084
2 1 739 1 1059
2 1 739 1 2019
2 1 1059 1 2019
2 1 932 1 2212
2 1 1891 1 2211
2 1 931 1 2211
2 1 931 1 1891
2 1 930 1 2210
2 1 1057 1 2017
2 1 737 1 1057
2 1 737 1 2017
2 1 929 1 2209
2 1 929 1 1889
2 1 1889 1 2209
2 1 736 1 1056
2 1 1760 1 2080
2 1 1440 1 2080
2 1 1440 1 1760
2 1 928 1 2208
2 1 928 1 1888
2 1 1888 1 2208
2 1 735 1 1055
2 1 1055 1 2015
2 1 735 1 2015
2 1 1759 1 2079
2 1 1439 1 2079
2 1 1439 1 1759
2 1 927 1 2207
2 1 1887 1 2207
2 1 927 1 1887
2 1 1309 1 1629
2 1 1182 1 1502
2 1 733 1 1053
2 1 733 1 2013
2 1 1053 1 2013
2 1 926 1 1886
2 1 1886 1 2206
2 1 926 1 2206
2 1 732 1 1052
2 1 924 1 1884
2 1 923 1 2203
2 1 730 1 1050
2 1 1882 1 2202
2 1 922 1 2202
2 1 922 1 1882
2 1 729 1 2009
2 1 984 1 1304
2 1 1304 1 1624
2 1 984 1 1624
2 1 921 1 1881
2 1 1752 1 2072
2 1 1175 1 1495
2 1 1879 1 2199
2 1 919 1 1879
2 1 919 1 2199
2 1 1750 1 2070
2 1 854 1 1174
2 1 854 1 1494
2 1 1174 1 1494
2 1 981 1 1301
2 1 1300 1 1620
2 1 1173 1 1493
2 1 724 1 2004
2 1 1877 1 2197
2 1 852 1 1492
2 1 1172 1 1492
2 1 852 1 1172
2 1 723 1 1043
2 1 979 1 1299
2 1 1297 1 1617
2 1 850 1 1490
2 1 914 1 2194
2 1 721 1 2001
2 1 1873 1 2193
2 1 976 1 1296
2 1 1296 1 1616
2 1 976 1 1616
2 1 1745 1 2065
2 1 1169 1 1489
2 1 849 1 1169
2 1 849 1 1489
2 1 1040 1 2000
2 1 720 1 2000
2 1 720 1 1040
2 1 1039 1 1999
2 1 719 1 1039
2 1 719 1 1999
2 1 911 1 2191
2 1 1743 1 2063
2 1 718 1 1038
2 1 718 1 1998
2 1 1038 1 1998
2 1 717 1 1037
2 1 1037 1 1997
2 1 717 1 1997
2 1 910 1 2190
2 1 909 1 2189
2 1 909 1 1869
2 1 1869 1 2189
2 1 716 1 1996
2 1 1291 1 1611
2 1 1740 1 2060
2 1 1420 1 1740
2 1 1420 1 2060
2 1 844 1 1164
2 1 1035 1 1995
2 1 1034 1 1994
2 1 714 1 1034
2 1 714 1 1994
2 1 906 1 2186
2 1 712 1 1032
2 1 904 1 1864
2 1 904 1 2184
2 1 1864 1 2184
2 1 1031 1 1991
2 1 711 1 1991
2 1 711 1 1031
2 1 710 1 1990
2 1 1030 1 1990
2 1 710 1 1030
2 1 1414 1 2054
2 1 1414 1 1734
2 1 1734 1 2054
2 1 902 1 1862
2 1 902 1 2182
2 1 1862 1 2182
2 1 709 1 1989
2 1 1284 1 1604
2 1 1157 1 1477
2 1 1861 1 2181
2 1 901 1 2181
2 1 901 1 1861
2 1 707 1 1027
2 1 1732 1 2052
2 1 1412 1 1732
2 1 1412 1 2052
2 1 836 1 1156
2 1 1731 1 2051
2 1 706 1 1026
2 1 1859 1 2179
2 1 1410 1 1730
2 1 705 1 1025
2 1 898 1 2178
2 1 1858 1 2178
2 1 898 1 1858
2 1 704 1 1024
2 1 1024 1 1984
2 1 704 1 1984
2 1 897 1 1857
2 1 1857 1 2177
2 1 897 1 2177
