566 2240
2 1 1787 1 2107
2 1 1785 1 2105
2 1 1783 1 2103
2 1 1458 1 2098
2 1 1458 1 1778
2 1 1778 1 2098
2 1 1457 1 2097
2 1 1777 1 2097
2 1 1462 1 2102
2 1 1782 1 2102
2 1 1457 1 1777
2 1 1455 1 2095
2 1 1462 1 1782
2 1 1765 1 2085
2 1 1451 1 2091
2 1 1451 1 1771
2 1 1771 1 2091
2 1 1441 1 2081
2 1 1430 1 2070
2 1 1741 1 2061
2 1 1738 1 2058
2 1 1418 1 1738
2 1 1418 1 2058
2 1 1292 1 1612
2 1 1737 1 2057
2 1 1739 1 2059
2 1 971 1 1291
2 1 1290 1 1610
2 1 1288 1 1608
2 1 966 1 1606
2 1 966 1 1286
2 1 1286 1 1606
2 1 962 1 1602
2 1 1409 1 1729
2 1 1342 1 1662
2 1 1022 1 1342
2 1 1022 1 1662
2 1 1020 1 1340
2 1 1020 1 1660
2 1 1340 1 1660
2 1 1338 1 1658
2 1 1336 1 1656
2 1 1334 1 1654
2 1 1015 1 1655
2 1 1014 1 1334
2 1 1014 1 1654
2 1 1012 1 1332
2 1 1332 1 1652
2 1 1331 1 1651
2 1 1012 1 1652
2 1 1010 1 1650
2 1 1330 1 1650
2 1 1010 1 1330
2 1 1326 1 1646
2 1 1006 1 1646
2 1 1006 1 1326
2 1 1322 1 1642
2 1 1002 1 1642
2 1 1002 1 1322
2 1 1313 1 1633
2 1 992 1 1312
2 1 1312 1 1632
2 1 992 1 1632
2 1 1308 1 1628
2 1 1306 1 1626
2 1 986 1 1306
2 1 986 1 1626
2 1 1304 1 1624
2 1 982 1 1622
2 1 1283 1 1603
2 1 987 1 1307
2 1 1153 1 1473
2 1 1215 1 1535
2 1 1213 1 1533
2 1 1466 1 2106
2 1 1466 1 1786
2 1 1786 1 2106
2 1 888 1 1528
2 1 889 1 1529
2 1 887 1 1207
2 1 1209 1 1529
2 1 889 1 1209
2 1 885 1 1205
2 1 1205 1 1525
2 1 1206 1 1526
2 1 885 1 1525
2 1 886 1 1206
2 1 886 1 1526
2 1 1204 1 1524
2 1 1202 1 1522
2 1 881 1 1521
2 1 1201 1 1521
2 1 881 1 1201
2 1 880 1 1200
2 1 1200 1 1520
2 1 880 1 1520
2 1 1199 1 1519
2 1 1327 1 1647
2 1 1197 1 1517
2 1 1195 1 1515
2 1 874 1 1514
2 1 1194 1 1514
2 1 874 1 1194
2 1 1193 1 1513
2 1 1321 1 1641
2 1 1000 1 1640
2 1 1320 1 1640
2 1 1000 1 1320
2 1 1188 1 1508
2 1 868 1 1508
2 1 1189 1 1509
2 1 868 1 1188
2 1 996 1 1316
2 1 996 1 1636
2 1 1316 1 1636
2 1 866 1 1186
2 1 864 1 1504
2 1 1183 1 1503
2 1 862 1 1182
2 1 862 1 1502
2 1 1182 1 1502
2 1 860 1 1180
2 1 1179 1 1499
2 1 858 1 1178
2 1 1181 1 1501
2 1 1175 1 1495
2 1 1173 1 1493
2 1 853 1 1173
2 1 853 1 1493
2 1 1300 1 1620
2 1 980 1 1300
2 1 980 1 1620
2 1 976 1 1616
2 1 1422 1 2062
2 1 1422 1 1742
2 1 1742 1 2062
2 1 1295 1 1615
2 1 848 1 1168
2 1 975 1 1295
2 1 975 1 1615
2 1 845 1 1165
2 1 1165 1 1485
2 1 845 1 1485
2 1 844 1 1484
2 1 1163 1 1483
2 1 842 1 1162
2 1 1162 1 1482
2 1 842 1 1482
2 1 1169 1 1489
2 1 841 1 1161
2 1 1161 1 1481
2 1 841 1 1481
2 1 1416 1 1736
2 1 1416 1 2056
2 1 1736 1 2056
2 1 1159 1 1479
2 1 839 1 1159
2 1 839 1 1479
2 1 837 1 1477
2 1 896 1 2176
2 1 1728 1 2048
2 1 832 1 1152
2 1 1023 1 1343
2 1 1023 1 1663
2 1 1343 1 1663
2 1 767 1 1087
2 1 1471 1 2111
2 1 1471 1 1791
2 1 1791 1 2111
2 1 1790 1 2110
2 1 1214 1 1534
2 1 1021 1 1341
2 1 1341 1 1661
2 1 1021 1 1661
2 1 1085 1 2045
2 1 958 1 2238
2 1 958 1 1918
2 1 1918 1 2238
2 1 1414 1 2054
2 1 1917 1 2237
2 1 892 1 1212
2 1 763 1 2043
2 1 1083 1 2043
2 1 1734 1 2054
2 1 763 1 1083
2 1 1019 1 1659
2 1 1339 1 1659
2 1 1019 1 1339
2 1 1337 1 1657
2 1 890 1 1530
2 1 954 1 2234
2 1 1081 1 2041
2 1 761 1 1081
2 1 761 1 2041
2 1 1913 1 2233
2 1 760 1 1080
2 1 952 1 2232
2 1 1079 1 2039
2 1 759 1 1079
2 1 759 1 2039
2 1 1414 1 1734
2 1 951 1 1911
2 1 1911 1 2231
2 1 951 1 2231
2 1 758 1 1078
2 1 950 1 2230
2 1 757 1 2037
2 1 757 1 1077
2 1 1077 1 2037
2 1 1909 1 2229
2 1 949 1 1909
2 1 949 1 2229
2 1 756 1 1076
2 1 1460 1 2100
2 1 1075 1 2035
2 1 948 1 1908
2 1 1779 1 2099
2 1 1459 1 1779
2 1 1459 1 2099
2 1 754 1 1074
2 1 946 1 2226
2 1 1905 1 2225
2 1 945 1 1905
2 1 945 1 2225
2 1 752 1 1072
2 1 1456 1 2096
2 1 944 1 2224
2 1 751 1 1071
2 1 750 1 2030
2 1 943 1 1903
2 1 1774 1 2094
2 1 878 1 1518
2 1 1198 1 1518
2 1 878 1 1198
2 1 1005 1 1325
2 1 1005 1 1645
2 1 1325 1 1645
2 1 749 1 1069
2 1 1069 1 2029
2 1 749 1 2029
2 1 1901 1 2221
2 1 1772 1 2092
2 1 876 1 1196
2 1 940 1 2220
2 1 747 1 1067
2 1 746 1 1066
2 1 1899 1 2219
2 1 1450 1 2090
2 1 1770 1 2090
2 1 1450 1 1770
2 1 938 1 2218
2 1 745 1 2025
2 1 1065 1 2025
2 1 745 1 1065
2 1 937 1 2217
2 1 937 1 1897
2 1 1897 1 2217
2 1 1319 1 1639
2 1 872 1 1192
2 1 936 1 2216
2 1 743 1 2023
2 1 998 1 1318
2 1 998 1 1638
2 1 1318 1 1638
2 1 1767 1 2087
2 1 871 1 1191
2 1 1062 1 2022
2 1 742 1 2022
2 1 742 1 1062
2 1 1446 1 2086
2 1 1766 1 2086
2 1 1446 1 1766
2 1 741 1 2021
2 1 1061 1 2021
2 1 741 1 1061
2 1 740 1 1060
2 1 933 1 2213
2 1 932 1 2212
2 1 739 1 2019
2 1 994 1 1314
2 1 994 1 1634
2 1 1314 1 1634
2 1 738 1 2018
2 1 1058 1 2018
2 1 738 1 1058
2 1 1442 1 1762
2 1 1442 1 2082
2 1 1762 1 2082
2 1 1890 1 2210
2 1 737 1 1057
2 1 737 1 2017
2 1 1057 1 2017
2 1 1056 1 2016
2 1 736 1 2016
2 1 736 1 1056
2 1 1889 1 2209
2 1 929 1 1889
2 1 929 1 2209
2 1 734 1 2014
2 1 734 1 1054
2 1 1054 1 2014
2 1 1438 1 1758
2 1 1438 1 2078
2 1 1758 1 2078
2 1 733 1 1053
2 1 732 1 1052
2 1 925 1 1885
2 1 1885 1 2205
2 1 925 1 2205
2 1 1436 1 1756
2 1 1436 1 2076
2 1 1756 1 2076
2 1 924 1 2204
2 1 731 1 1051
2 1 923 1 1883
2 1 1883 1 2203
2 1 923 1 2203
2 1 1754 1 2074
2 1 1434 1 2074
2 1 1434 1 1754
2 1 922 1 1882
2 1 1882 1 2202
2 1 922 1 2202
2 1 1049 1 2009
2 1 1753 1 2073
2 1 921 1 2201
2 1 1881 1 2201
2 1 921 1 1881
2 1 1432 1 2072
2 1 1432 1 1752
2 1 1752 1 2072
2 1 727 1 1047
2 1 920 1 2200
2 1 726 1 1046
2 1 1879 1 2199
2 1 725 1 2005
2 1 1045 1 2005
2 1 725 1 1045
2 1 918 1 2198
2 1 1878 1 2198
2 1 918 1 1878
2 1 917 1 1877
2 1 916 1 1876
2 1 1876 1 2196
2 1 916 1 2196
2 1 979 1 1619
2 1 979 1 1299
2 1 1299 1 1619
2 1 1428 1 2068
2 1 723 1 2003
2 1 978 1 1298
2 1 978 1 1618
2 1 1298 1 1618
2 1 1042 1 2002
2 1 1746 1 2066
2 1 1041 1 2001
2 1 1874 1 2194
2 1 1040 1 2000
2 1 720 1 2000
2 1 720 1 1040
2 1 913 1 2193
2 1 1744 1 2064
2 1 912 1 2192
2 1 719 1 1999
2 1 1294 1 1614
2 1 974 1 1294
2 1 974 1 1614
2 1 1167 1 1487
2 1 718 1 1998
2 1 911 1 2191
2 1 846 1 1166
2 1 973 1 1613
2 1 1293 1 1613
2 1 973 1 1293
2 1 1869 1 2189
2 1 1740 1 2060
2 1 908 1 2188
2 1 715 1 1035
2 1 1034 1 1994
2 1 714 1 1994
2 1 714 1 1034
2 1 907 1 2187
2 1 906 1 2186
2 1 1033 1 1993
2 1 713 1 1993
2 1 713 1 1033
2 1 1865 1 2185
2 1 905 1 2185
2 1 905 1 1865
2 1 840 1 1480
2 1 904 1 2184
2 1 1287 1 1607
2 1 711 1 1031
2 1 1031 1 1991
2 1 711 1 1991
2 1 1863 1 2183
2 1 1415 1 2055
2 1 1735 1 2055
2 1 1415 1 1735
2 1 1158 1 1478
2 1 1029 1 1989
2 1 902 1 1862
2 1 902 1 2182
2 1 1862 1 2182
2 1 1733 1 2053
2 1 1861 1 2181
2 1 708 1 1028
2 1 1732 1 2052
2 1 1412 1 2052
2 1 1412 1 1732
2 1 1027 1 1987
2 1 707 1 1987
2 1 707 1 1027
2 1 1860 1 2180
2 1 900 1 2180
2 1 900 1 1860
2 1 1411 1 1731
2 1 899 1 2179
2 1 899 1 1859
2 1 1859 1 2179
2 1 1410 1 2050
2 1 1025 1 1985
2 1 1858 1 2178
2 1 898 1 1858
2 1 898 1 2178
2 1 704 1 1984
3 1 567 1 827 1 1787
3 1 539 1 799 1 2079
3 1 567 1 827 1 2107
3 1 586 1 942 1 1262
3 1 615 1 1227 1 2187
3 1 453 1 942 1 2222
3 1 445 1 1750 1 2070
3 1 555 1 815 1 2095
3 1 370 1 1083 1 1403
3 1 469 1 1342 1 1982
3 1 530 1 790 1 1430
3 1 407 1 880 1 1840
3 1 578 1 1190 1 1510
3 1 600 1 956 1 1276
3 1 401 1 1514 1 1834
3 1 526 1 722 1 1042
3 1 473 1 962 1 1922
3 1 406 1 1199 1 1839
3 1 370 1 763 1 1403
3 1 545 1 805 1 1765
3 1 619 1 911 1 1231
3 1 565 1 825 1 2105
3 1 549 1 809 1 1769
3 1 623 1 1171 1 1491
3 1 473 1 1602 1 1922
3 1 390 1 1759 1 2079
3 1 579 1 1255 1 1895
3 1 438 1 1167 1 1807
3 1 370 1 1403 1 2043
3 1 619 1 1231 1 2191
3 1 337 1 1050 1 1370
3 1 422 1 1215 1 1855
3 1 608 1 1156 1 1476
3 1 545 1 805 1 2085
3 1 467 1 956 1 2236
3 1 482 1 1291 1 1931
3 1 551 1 811 1 2091
3 1 461 1 1654 1 1974
3 1 555 1 815 1 1455
3 1 551 1 811 1 1451
3 1 602 1 1278 1 1918
3 1 551 1 811 1 1771
3 1 392 1 1761 1 2081
3 1 392 1 1441 1 1761
3 1 406 1 1775 1 2095
3 1 406 1 1455 1 1775
3 1 563 1 823 1 2103
3 1 517 1 777 1 2057
3 1 508 1 1317 1 1957
3 1 541 1 801 1 1441
3 1 565 1 825 1 1785
3 1 541 1 801 1 2081
3 1 563 1 823 1 1783
3 1 464 1 1337 1 1977
3 1 407 1 1776 1 2096
3 1 562 1 822 1 2102
3 1 395 1 1508 1 1828
3 1 562 1 822 1 1462
3 1 562 1 822 1 1782
3 1 469 1 1022 1 1982
3 1 401 1 874 1 1834
3 1 385 1 858 1 1818
3 1 530 1 790 1 2070
3 1 557 1 817 1 2097
3 1 445 1 1430 1 1750
3 1 566 1 826 1 1466
3 1 372 1 1085 1 1405
3 1 573 1 769 1 1729
3 1 349 1 742 1 1382
3 1 544 1 804 1 1444
3 1 557 1 817 1 1457
3 1 386 1 1499 1 1819
3 1 469 1 1662 1 1982
3 1 465 1 1338 1 1978
3 1 504 1 1313 1 1953
3 1 453 1 1646 1 1966
3 1 573 1 769 1 1409
3 1 357 1 1390 1 2030
3 1 422 1 1535 1 1855
3 1 557 1 817 1 1777
3 1 558 1 818 1 1778
3 1 558 1 818 1 1458
3 1 573 1 705 1 1985
3 1 330 1 723 1 1363
3 1 558 1 818 1 2098
3 1 512 1 772 1 1412
3 1 614 1 906 1 1226
3 1 566 1 826 1 1786
3 1 406 1 1519 1 1839
3 1 481 1 1610 1 1930
3 1 457 1 1330 1 1970
3 1 457 1 1650 1 1970
3 1 512 1 772 1 1732
3 1 326 1 1359 1 1999
3 1 457 1 1010 1 1970
3 1 512 1 772 1 2052
3 1 467 1 1660 1 1980
3 1 356 1 1389 1 2029
3 1 599 1 1275 1 1915
3 1 387 1 1180 1 1820
3 1 449 1 1002 1 1962
3 1 566 1 826 1 2106
3 1 357 1 750 1 1390
3 1 433 1 1482 1 1802
3 1 388 1 1181 1 1821
3 1 429 1 1158 1 1798
3 1 518 1 778 1 2058
3 1 429 1 1478 1 1798
3 1 596 1 952 1 1272
3 1 598 1 890 1 1210
3 1 587 1 1263 1 1903
3 1 577 1 1253 1 2213
3 1 417 1 1530 1 1850
3 1 598 1 1210 1 1530
3 1 441 1 1170 1 1810
3 1 387 1 860 1 1820
3 1 397 1 1510 1 1830
3 1 378 1 1347 1 1987
3 1 504 1 1633 1 1953
3 1 498 1 1307 1 1947
3 1 622 1 1234 1 1874
3 1 453 1 1006 1 1966
3 1 573 1 705 1 1025
3 1 607 1 1219 1 1859
3 1 604 1 896 1 1216
3 1 482 1 971 1 1931
3 1 433 1 1162 1 1802
3 1 569 1 765 1 2045
3 1 607 1 899 1 1219
3 1 514 1 774 1 2054
3 1 542 1 802 1 1442
3 1 609 1 1221 1 1861
3 1 607 1 1219 1 2179
3 1 465 1 1658 1 1978
3 1 542 1 802 1 2082
3 1 359 1 752 1 1392
3 1 601 1 1277 1 1917
3 1 487 1 976 1 1936
3 1 361 1 754 1 1394
3 1 417 1 890 1 1850
