435 2240
2 1 1790 1 2110
2 1 1469 1 2109
2 1 1789 1 2109
2 1 1469 1 1789
2 1 1467 1 2107
2 1 1467 1 1787
2 1 1787 1 2107
2 1 1466 1 2106
2 1 1466 1 1786
2 1 1786 1 2106
2 1 1454 1 2094
2 1 1451 1 2091
2 1 1770 1 2090
2 1 1760 1 2080
2 1 1450 1 2090
2 1 1758 1 2078
2 1 1450 1 1770
2 1 1750 1 2070
2 1 1429 1 2069
2 1 1440 1 2080
2 1 1428 1 1748
2 1 1440 1 1760
2 1 1428 1 2068
2 1 1748 1 2068
2 1 1427 1 1747
2 1 1427 1 2067
2 1 1747 1 2067
2 1 1745 1 2065
2 1 1425 1 2065
2 1 1425 1 1745
2 1 1744 1 2064
2 1 1420 1 2060
2 1 1740 1 2060
2 1 1420 1 1740
2 1 1739 1 2059
2 1 1419 1 1739
2 1 1419 1 2059
2 1 1417 1 1737
2 1 1737 1 2057
2 1 1417 1 2057
2 1 1410 1 2050
2 1 1732 1 2052
2 1 1412 1 2052
2 1 1412 1 1732
2 1 971 1 1611
2 1 1408 1 2048
2 1 971 1 1291
2 1 1291 1 1611
2 1 1408 1 1728
2 1 1728 1 2048
2 1 1290 1 1610
2 1 1416 1 1736
2 1 967 1 1607
2 1 1287 1 1607
2 1 967 1 1287
2 1 965 1 1605
2 1 963 1 1283
2 1 963 1 1603
2 1 1283 1 1603
2 1 962 1 1602
2 1 962 1 1282
2 1 1282 1 1602
2 1 1023 1 1663
2 1 960 1 1280
2 1 1281 1 1601
2 1 960 1 1600
2 1 1280 1 1600
2 1 1343 1 1663
2 1 1023 1 1343
2 1 1342 1 1662
2 1 1341 1 1661
2 1 1339 1 1659
2 1 1337 1 1657
2 1 1015 1 1655
2 1 1015 1 1335
2 1 1335 1 1655
2 1 1013 1 1333
2 1 1011 1 1651
2 1 1326 1 1646
2 1 1004 1 1324
2 1 1321 1 1641
2 1 1000 1 1640
2 1 1319 1 1639
2 1 997 1 1317
2 1 997 1 1637
2 1 1317 1 1637
2 1 995 1 1635
2 1 1443 1 1763
2 1 993 1 1633
2 1 993 1 1313
2 1 1313 1 1633
2 1 991 1 1311
2 1 1311 1 1631
2 1 991 1 1631
2 1 1436 1 1756
2 1 989 1 1629
2 1 1307 1 1627
2 1 987 1 1627
2 1 987 1 1307
2 1 1301 1 1621
2 1 981 1 1301
2 1 981 1 1621
2 1 980 1 1620
2 1 835 1 1475
2 1 835 1 1155
2 1 1155 1 1475
2 1 1154 1 1474
2 1 833 1 1153
2 1 833 1 1473
2 1 1153 1 1473
2 1 832 1 1152
2 1 1215 1 1535
2 1 895 1 1215
2 1 895 1 1535
2 1 1214 1 1534
2 1 893 1 1213
2 1 1213 1 1533
2 1 893 1 1533
2 1 1212 1 1532
2 1 892 1 1212
2 1 892 1 1532
2 1 1211 1 1531
2 1 1210 1 1530
2 1 890 1 1210
2 1 890 1 1530
2 1 1018 1 1338
2 1 1018 1 1658
2 1 1338 1 1658
2 1 1208 1 1528
2 1 1207 1 1527
2 1 1014 1 1654
2 1 1204 1 1524
2 1 884 1 1204
2 1 884 1 1524
2 1 1329 1 1649
2 1 879 1 1199
2 1 877 1 1197
2 1 877 1 1517
2 1 1197 1 1517
2 1 1005 1 1325
2 1 1325 1 1645
2 1 1005 1 1645
2 1 874 1 1514
2 1 1194 1 1514
2 1 874 1 1194
2 1 873 1 1513
2 1 1192 1 1512
2 1 871 1 1511
2 1 871 1 1191
2 1 1191 1 1511
2 1 1188 1 1508
2 1 866 1 1186
2 1 1312 1 1632
2 1 992 1 1632
2 1 992 1 1312
2 1 1182 1 1502
2 1 861 1 1501
2 1 1755 1 2075
2 1 1308 1 1628
2 1 858 1 1178
2 1 858 1 1498
2 1 1178 1 1498
2 1 1752 1 2072
2 1 985 1 1625
2 1 853 1 1493
2 1 984 1 1624
2 1 851 1 1491
2 1 979 1 1619
2 1 852 1 1492
2 1 849 1 1489
2 1 1168 1 1488
2 1 1423 1 1743
2 1 848 1 1168
2 1 848 1 1488
2 1 1743 1 2063
2 1 1423 1 2063
2 1 975 1 1615
2 1 843 1 1483
2 1 841 1 1161
2 1 840 1 1480
2 1 1415 1 2055
2 1 838 1 1478
2 1 1158 1 1478
2 1 838 1 1158
2 1 1087 1 2047
2 1 767 1 1087
2 1 767 1 2047
2 1 1471 1 2111
2 1 1791 1 2111
2 1 1471 1 1791
2 1 959 1 2239
2 1 766 1 1086
2 1 765 1 1085
2 1 958 1 2238
2 1 1918 1 2238
2 1 958 1 1918
2 1 842 1 1162
2 1 1162 1 1482
2 1 842 1 1482
2 1 1917 1 2237
2 1 957 1 2237
2 1 957 1 1917
2 1 764 1 1084
2 1 956 1 2236
2 1 956 1 1916
2 1 1916 1 2236
2 1 763 1 2043
2 1 763 1 1083
2 1 1083 1 2043
2 1 762 1 1082
2 1 954 1 2234
2 1 1914 1 2234
2 1 954 1 1914
2 1 1465 1 2105
2 1 889 1 1529
2 1 953 1 2233
2 1 1080 1 2040
2 1 760 1 2040
2 1 760 1 1080
2 1 759 1 1079
2 1 1463 1 2103
2 1 1078 1 2038
2 1 758 1 2038
2 1 758 1 1078
2 1 951 1 1911
2 1 1462 1 2102
2 1 1462 1 1782
2 1 1782 1 2102
2 1 950 1 1910
2 1 1205 1 1525
2 1 1076 1 2036
2 1 756 1 2036
2 1 756 1 1076
2 1 949 1 2229
2 1 1460 1 1780
2 1 755 1 2035
2 1 1459 1 2099
2 1 1330 1 1650
2 1 1074 1 2034
2 1 947 1 2227
2 1 947 1 1907
2 1 1907 1 2227
2 1 1008 1 1648
2 1 1008 1 1328
2 1 1328 1 1648
2 1 881 1 1201
2 1 1201 1 1521
2 1 881 1 1521
2 1 752 1 2032
2 1 880 1 1200
2 1 880 1 1520
2 1 1200 1 1520
2 1 1070 1 2030
2 1 750 1 1070
2 1 750 1 2030
2 1 1069 1 2029
2 1 749 1 2029
2 1 749 1 1069
2 1 748 1 2028
2 1 1067 1 2027
2 1 940 1 1900
2 1 746 1 1066
2 1 746 1 2026
2 1 1066 1 2026
2 1 938 1 1898
2 1 745 1 1065
2 1 745 1 2025
2 1 1065 1 2025
2 1 937 1 2217
2 1 1769 1 2089
2 1 1449 1 2089
2 1 1449 1 1769
2 1 744 1 2024
2 1 744 1 1064
2 1 1064 1 2024
2 1 1063 1 2023
2 1 936 1 2216
2 1 936 1 1896
2 1 1896 1 2216
2 1 935 1 1895
2 1 1062 1 2022
2 1 742 1 2022
2 1 742 1 1062
2 1 1766 1 2086
2 1 934 1 1894
2 1 741 1 1061
2 1 1765 1 2085
2 1 1060 1 2020
2 1 933 1 2213
2 1 739 1 1059
2 1 1059 1 2019
2 1 739 1 2019
2 1 932 1 1892
2 1 932 1 2212
2 1 1892 1 2212
2 1 1058 1 2018
2 1 1890 1 2210
2 1 930 1 2210
2 1 930 1 1890
2 1 737 1 1057
2 1 1057 1 2017
2 1 737 1 2017
2 1 1441 1 1761
2 1 1441 1 2081
2 1 1761 1 2081
2 1 736 1 1056
2 1 1056 1 2016
2 1 736 1 2016
2 1 929 1 2209
2 1 929 1 1889
2 1 1889 1 2209
2 1 1888 1 2208
2 1 928 1 2208
2 1 928 1 1888
2 1 1310 1 1630
2 1 1759 1 2079
2 1 863 1 1503
2 1 1183 1 1503
2 1 863 1 1183
2 1 927 1 2207
2 1 1887 1 2207
2 1 927 1 1887
2 1 1054 1 2014
2 1 733 1 1053
2 1 1886 1 2206
2 1 1757 1 2077
2 1 1885 1 2205
2 1 925 1 2205
2 1 925 1 1885
2 1 732 1 2012
2 1 732 1 1052
2 1 1052 1 2012
2 1 924 1 1884
2 1 1884 1 2204
2 1 924 1 2204
2 1 1883 1 2203
2 1 923 1 2203
2 1 923 1 1883
2 1 986 1 1626
2 1 730 1 1050
2 1 1050 1 2010
2 1 730 1 2010
2 1 1882 1 2202
2 1 1049 1 2009
2 1 1433 1 2073
2 1 1433 1 1753
2 1 1753 1 2073
2 1 921 1 2201
2 1 728 1 2008
2 1 1303 1 1623
2 1 983 1 1303
2 1 983 1 1623
2 1 1176 1 1496
2 1 920 1 2200
2 1 1880 1 2200
2 1 920 1 1880
2 1 1879 1 2199
2 1 1751 1 2071
2 1 1431 1 2071
2 1 1431 1 1751
2 1 855 1 1495
2 1 1046 1 2006
2 1 1045 1 2005
2 1 1878 1 2198
2 1 917 1 1877
2 1 1877 1 2197
2 1 917 1 2197
2 1 916 1 1876
2 1 723 1 1043
2 1 1043 1 2003
2 1 723 1 2003
2 1 915 1 2195
2 1 915 1 1875
2 1 1875 1 2195
2 1 1874 1 2194
2 1 914 1 2194
2 1 914 1 1874
2 1 977 1 1617
2 1 850 1 1490
2 1 721 1 1041
2 1 1872 1 2192
2 1 912 1 2192
2 1 912 1 1872
2 1 911 1 2191
2 1 847 1 1487
2 1 1870 1 2190
2 1 973 1 1293
2 1 846 1 1166
2 1 846 1 1486
2 1 1166 1 1486
2 1 972 1 1612
2 1 1741 1 2061
2 1 1421 1 1741
2 1 1421 1 2061
2 1 845 1 1165
2 1 1868 1 2188
2 1 907 1 2187
2 1 1034 1 1994
2 1 906 1 2186
2 1 1866 1 2186
2 1 906 1 1866
2 1 713 1 1033
2 1 713 1 1993
2 1 1033 1 1993
2 1 905 1 1865
2 1 1032 1 1992
2 1 904 1 2184
2 1 1863 1 2183
2 1 903 1 1863
2 1 903 1 2183
2 1 839 1 1159
2 1 710 1 1990
2 1 710 1 1030
2 1 1030 1 1990
2 1 1286 1 1606
2 1 966 1 1606
2 1 966 1 1286
2 1 1284 1 1604
2 1 837 1 1157
2 1 901 1 2181
2 1 707 1 1987
2 1 707 1 1027
2 1 1027 1 1987
2 1 899 1 2179
2 1 1411 1 1731
2 1 1411 1 2051
2 1 1731 1 2051
2 1 706 1 1986
2 1 1026 1 1986
2 1 706 1 1026
2 1 898 1 2178
2 1 897 1 1857
2 1 704 1 1024
2 1 1024 1 1984
2 1 704 1 1984
