600 2240
2 1 1791 1 2111
2 1 1462 1 2102
2 1 1782 1 2102
2 1 1462 1 1782
2 1 1778 1 2098
2 1 1455 1 2095
2 1 1775 1 2095
2 1 1455 1 1775
2 1 1454 1 2094
2 1 1443 1 2083
2 1 1450 1 1770
2 1 1770 1 2090
2 1 1442 1 2082
2 1 1450 1 2090
2 1 1762 1 2082
2 1 1442 1 1762
2 1 1754 1 2074
2 1 1424 1 2064
2 1 1421 1 2061
2 1 1739 1 2059
2 1 1735 1 2055
2 1 1415 1 1735
2 1 1418 1 1738
2 1 1738 1 2058
2 1 1418 1 2058
2 1 1415 1 2055
2 1 1411 1 2051
2 1 1731 1 2051
2 1 1411 1 1731
2 1 975 1 1615
2 1 972 1 1612
2 1 1292 1 1612
2 1 972 1 1292
2 1 1342 1 1662
2 1 1468 1 1788
2 1 1019 1 1339
2 1 1019 1 1659
2 1 1339 1 1659
2 1 1015 1 1655
2 1 1335 1 1655
2 1 1413 1 1733
2 1 1015 1 1335
2 1 1013 1 1653
2 1 1461 1 1781
2 1 1012 1 1332
2 1 1331 1 1651
2 1 1011 1 1651
2 1 1011 1 1331
2 1 1315 1 1635
2 1 1314 1 1634
2 1 1446 1 1766
2 1 994 1 1314
2 1 994 1 1634
2 1 1312 1 1632
2 1 985 1 1625
2 1 1437 1 1757
2 1 1303 1 1623
2 1 977 1 1617
2 1 1297 1 1617
2 1 1020 1 1660
2 1 977 1 1297
2 1 1340 1 1660
2 1 1155 1 1475
2 1 894 1 1534
2 1 1283 1 1603
2 1 963 1 1603
2 1 963 1 1283
2 1 1214 1 1534
2 1 893 1 1213
2 1 894 1 1214
2 1 1020 1 1340
2 1 1210 1 1530
2 1 1018 1 1658
2 1 1338 1 1658
2 1 1018 1 1338
2 1 988 1 1628
2 1 1308 1 1628
2 1 988 1 1308
2 1 1463 1 1783
2 1 1783 1 2103
2 1 1463 1 2103
2 1 1306 1 1626
2 1 886 1 1206
2 1 886 1 1526
2 1 1206 1 1526
2 1 885 1 1525
2 1 1202 1 1522
2 1 1203 1 1523
2 1 883 1 1523
2 1 883 1 1203
2 1 1010 1 1650
2 1 1456 1 1776
2 1 879 1 1519
2 1 1199 1 1519
2 1 1776 1 2096
2 1 879 1 1199
2 1 1773 1 2093
2 1 1453 1 2093
2 1 1456 1 2096
2 1 1453 1 1773
2 1 1325 1 1645
2 1 878 1 1518
2 1 878 1 1198
2 1 1198 1 1518
2 1 1451 1 1771
2 1 1451 1 2091
2 1 1771 1 2091
2 1 874 1 1194
2 1 1001 1 1321
2 1 1194 1 1514
2 1 874 1 1514
2 1 1190 1 1510
2 1 1445 1 2085
2 1 868 1 1508
2 1 1188 1 1508
2 1 868 1 1188
2 1 867 1 1187
2 1 866 1 1506
2 1 865 1 1505
2 1 1185 1 1505
2 1 865 1 1185
2 1 993 1 1313
2 1 993 1 1633
2 1 1313 1 1633
2 1 1183 1 1503
2 1 1182 1 1502
2 1 1436 1 2076
2 1 962 1 1282
2 1 1179 1 1499
2 1 859 1 1179
2 1 859 1 1499
2 1 857 1 1497
2 1 1177 1 1497
2 1 857 1 1177
2 1 1304 1 1624
2 1 984 1 1624
2 1 984 1 1304
2 1 981 1 1621
2 1 1747 1 2067
2 1 1427 1 2067
2 1 1178 1 1498
2 1 1427 1 1747
2 1 980 1 1300
2 1 850 1 1490
2 1 848 1 1488
2 1 1743 1 2063
2 1 1166 1 1486
2 1 846 1 1166
2 1 846 1 1486
2 1 1420 1 1740
2 1 843 1 1163
2 1 854 1 1174
2 1 1162 1 1482
2 1 842 1 1482
2 1 842 1 1162
2 1 1416 1 2056
2 1 1416 1 1736
2 1 1736 1 2056
2 1 839 1 1479
2 1 836 1 1156
2 1 1023 1 1343
2 1 1343 1 1663
2 1 1158 1 1478
2 1 1023 1 1663
2 1 838 1 1478
2 1 1408 1 1728
2 1 838 1 1158
2 1 767 1 1087
2 1 766 1 2046
2 1 1086 1 2046
2 1 766 1 1086
2 1 958 1 2238
2 1 958 1 1918
2 1 1918 1 2238
2 1 765 1 1085
2 1 765 1 2045
2 1 1085 1 2045
2 1 957 1 1917
2 1 1084 1 2044
2 1 764 1 1084
2 1 764 1 2044
2 1 956 1 2236
2 1 956 1 1916
2 1 1916 1 2236
2 1 763 1 1083
2 1 763 1 2043
2 1 1083 1 2043
2 1 1467 1 2107
2 1 1467 1 1787
2 1 1787 1 2107
2 1 1915 1 2235
2 1 955 1 2235
2 1 955 1 1915
2 1 1082 1 2042
2 1 762 1 1082
2 1 762 1 2042
2 1 954 1 2234
2 1 954 1 1914
2 1 1914 1 2234
2 1 1785 1 2105
2 1 1913 1 2233
2 1 953 1 2233
2 1 953 1 1913
2 1 760 1 1080
2 1 1464 1 2104
2 1 1912 1 2232
2 1 1014 1 1654
2 1 1207 1 1527
2 1 758 1 1078
2 1 951 1 1911
2 1 1910 1 2230
2 1 1077 1 2037
2 1 949 1 2229
2 1 949 1 1909
2 1 1909 1 2229
2 1 1076 1 2036
2 1 948 1 2228
2 1 755 1 1075
2 1 1459 1 2099
2 1 1459 1 1779
2 1 1779 1 2099
2 1 1074 1 2034
2 1 1906 1 2226
2 1 946 1 2226
2 1 946 1 1906
2 1 1905 1 2225
2 1 945 1 2225
2 1 945 1 1905
2 1 1008 1 1328
2 1 881 1 1521
2 1 1904 1 2224
2 1 1327 1 1647
2 1 1007 1 1647
2 1 1007 1 1327
2 1 880 1 1200
2 1 751 1 1071
2 1 1071 1 2031
2 1 751 1 2031
2 1 1903 1 2223
2 1 942 1 1902
2 1 942 1 2222
2 1 1902 1 2222
2 1 877 1 1517
2 1 748 1 2028
2 1 1003 1 1323
2 1 1003 1 1643
2 1 1323 1 1643
2 1 876 1 1196
2 1 876 1 1516
2 1 1196 1 1516
2 1 747 1 2027
2 1 875 1 1195
2 1 1002 1 1642
2 1 745 1 2025
2 1 937 1 2217
2 1 1897 1 2217
2 1 937 1 1897
2 1 1193 1 1513
2 1 873 1 1193
2 1 873 1 1513
2 1 744 1 2024
2 1 1000 1 1640
2 1 1320 1 1640
2 1 1000 1 1320
2 1 999 1 1319
2 1 999 1 1639
2 1 1319 1 1639
2 1 1448 1 1768
2 1 743 1 2023
2 1 1767 1 2087
2 1 1447 1 1767
2 1 1447 1 2087
2 1 1062 1 2022
2 1 741 1 2021
2 1 1894 1 2214
2 1 1316 1 1636
2 1 869 1 1189
2 1 933 1 2213
2 1 740 1 1060
2 1 740 1 2020
2 1 1060 1 2020
2 1 739 1 2019
2 1 1059 1 2019
2 1 739 1 1059
2 1 931 1 1891
2 1 738 1 2018
2 1 1058 1 2018
2 1 738 1 1058
2 1 929 1 2209
2 1 736 1 2016
2 1 1760 1 2080
2 1 1055 1 2015
2 1 735 1 2015
2 1 735 1 1055
2 1 1888 1 2208
2 1 928 1 1888
2 1 928 1 2208
2 1 1759 1 2079
2 1 1439 1 1759
2 1 1439 1 2079
2 1 734 1 1054
2 1 1887 1 2207
2 1 1438 1 1758
2 1 1053 1 2013
2 1 733 1 2013
2 1 733 1 1053
2 1 926 1 2206
2 1 925 1 2205
2 1 925 1 1885
2 1 1885 1 2205
2 1 1307 1 1627
2 1 924 1 1884
2 1 924 1 2204
2 1 1884 1 2204
2 1 1051 1 2011
2 1 1435 1 2075
2 1 1755 1 2075
2 1 1435 1 1755
2 1 730 1 1050
2 1 730 1 2010
2 1 1050 1 2010
2 1 729 1 1049
2 1 922 1 1882
2 1 1882 1 2202
2 1 922 1 2202
2 1 921 1 2201
2 1 921 1 1881
2 1 1881 1 2201
2 1 1753 1 2073
2 1 728 1 1048
2 1 727 1 2007
2 1 1880 1 2200
2 1 920 1 2200
2 1 920 1 1880
2 1 982 1 1302
2 1 1175 1 1495
2 1 726 1 1046
2 1 1046 1 2006
2 1 726 1 2006
2 1 919 1 1879
2 1 1430 1 1750
2 1 1045 1 2005
2 1 724 1 2004
2 1 917 1 2197
2 1 979 1 1299
2 1 1299 1 1619
2 1 979 1 1619
2 1 916 1 1876
2 1 851 1 1171
2 1 1171 1 1491
2 1 851 1 1491
2 1 1298 1 1618
2 1 978 1 1298
2 1 978 1 1618
2 1 1042 1 2002
2 1 722 1 1042
2 1 722 1 2002
2 1 1746 1 2066
2 1 1169 1 1489
2 1 720 1 1040
2 1 1296 1 1616
2 1 976 1 1616
2 1 976 1 1296
2 1 913 1 2193
2 1 913 1 1873
2 1 1873 1 2193
2 1 719 1 1999
2 1 847 1 1167
2 1 847 1 1487
2 1 1167 1 1487
2 1 911 1 1871
2 1 718 1 1998
2 1 718 1 1038
2 1 1038 1 1998
2 1 1870 1 2190
2 1 717 1 1997
2 1 717 1 1037
2 1 1037 1 1997
2 1 909 1 2189
2 1 716 1 1996
2 1 1291 1 1611
2 1 844 1 1164
2 1 844 1 1484
2 1 1164 1 1484
2 1 1867 1 2187
2 1 1034 1 1994
2 1 714 1 1034
2 1 714 1 1994
2 1 906 1 1866
2 1 1866 1 2186
2 1 906 1 2186
2 1 905 1 1865
2 1 905 1 2185
2 1 1865 1 2185
2 1 968 1 1288
2 1 1417 1 2057
2 1 841 1 1481
2 1 712 1 1992
2 1 967 1 1607
2 1 967 1 1287
2 1 1287 1 1607
2 1 711 1 1031
2 1 1031 1 1991
2 1 711 1 1991
2 1 1030 1 1990
2 1 1414 1 1734
2 1 902 1 1862
2 1 902 1 2182
2 1 1862 1 2182
2 1 709 1 1989
2 1 709 1 1029
2 1 1029 1 1989
2 1 708 1 1028
2 1 1028 1 1988
2 1 708 1 1988
2 1 901 1 2181
2 1 1412 1 2052
2 1 900 1 2180
2 1 1027 1 1987
2 1 707 1 1027
2 1 707 1 1987
2 1 899 1 1859
2 1 898 1 1858
2 1 898 1 2178
2 1 1858 1 2178
2 1 1154 1 1474
2 1 834 1 1154
2 1 834 1 1474
2 1 961 1 1281
2 1 1281 1 1601
2 1 961 1 1601
2 1 1280 1 1600
2 1 833 1 1153
2 1 1409 1 1729
2 1 1857 1 2177
2 1 1856 1 2176
3 1 534 1 794 1 2074
3 1 534 1 794 1 1754
3 1 528 1 788 1 2068
3 1 443 1 1748 1 2068
3 1 554 1 814 1 2094
3 1 571 1 831 1 1791
3 1 396 1 1765 1 2085
3 1 410 1 883 1 1843
3 1 571 1 831 1 2111
3 1 410 1 1203 1 1843
3 1 466 1 1339 1 1979
3 1 428 1 1157 1 1797
3 1 482 1 1291 1 1931
3 1 346 1 739 1 1379
3 1 410 1 1523 1 1843
3 1 616 1 908 1 1228
3 1 560 1 820 1 2100
3 1 554 1 814 1 1454
3 1 366 1 759 1 1399
3 1 550 1 810 1 2090
3 1 466 1 1659 1 1979
3 1 396 1 1445 1 1765
3 1 482 1 1611 1 1931
3 1 535 1 731 1 1051
3 1 486 1 1615 1 1935
3 1 490 1 1875 1 2195
3 1 584 1 1260 1 2220
3 1 331 1 724 1 1364
3 1 581 1 1257 1 1897
3 1 413 1 886 1 1846
3 1 503 1 1632 1 1952
3 1 606 1 898 1 1218
3 1 518 1 778 1 1738
3 1 457 1 1650 1 1970
3 1 545 1 805 1 2085
3 1 518 1 778 1 1418
3 1 466 1 1019 1 1979
3 1 558 1 818 1 1778
3 1 351 1 1384 1 2024
3 1 637 1 929 1 1249
3 1 518 1 778 1 2058
3 1 623 1 1235 1 1875
3 1 351 1 744 1 1384
3 1 434 1 843 1 1803
3 1 545 1 805 1 1445
3 1 433 1 1482 1 1802
3 1 581 1 937 1 1257
3 1 429 1 1158 1 1798
3 1 461 1 1654 1 1974
3 1 448 1 1001 1 1961
3 1 606 1 1218 1 1858
3 1 490 1 979 1 1939
3 1 413 1 1526 1 1846
3 1 503 1 1312 1 1952
3 1 521 1 781 1 1421
3 1 429 1 838 1 1798
3 1 625 1 1237 1 2197
3 1 413 1 1206 1 1846
3 1 411 1 1780 1 2100
3 1 606 1 1218 1 2178
3 1 383 1 1352 1 1992
3 1 521 1 781 1 2061
3 1 519 1 715 1 1035
3 1 541 1 737 1 1057
3 1 436 1 1741 1 2061
3 1 613 1 1161 1 1481
3 1 369 1 1082 1 1402
3 1 491 1 916 1 2196
3 1 436 1 1421 1 1741
3 1 581 1 1257 1 2217
3 1 344 1 1057 1 1377
3 1 613 1 841 1 1161
3 1 550 1 810 1 1450
3 1 558 1 818 1 2098
3 1 611 1 1159 1 1479
3 1 543 1 803 1 2083
3 1 385 1 1498 1 1818
3 1 498 1 1883 1 2203
3 1 389 1 1502 1 1822
3 1 550 1 810 1 1770
3 1 430 1 839 1 1799
3 1 533 1 793 1 2073
3 1 555 1 815 1 1455
3 1 427 1 836 1 1796
3 1 467 1 1660 1 1980
3 1 429 1 1478 1 1798
3 1 467 1 1340 1 1980
3 1 523 1 783 1 1743
3 1 467 1 1020 1 1980
3 1 562 1 822 1 1462
3 1 562 1 822 1 1782
3 1 364 1 1077 1 1397
3 1 562 1 822 1 2102
3 1 542 1 802 1 2082
3 1 542 1 802 1 1762
3 1 542 1 802 1 1442
3 1 394 1 1443 1 1763
3 1 394 1 1763 1 2083
3 1 543 1 803 1 1443
3 1 555 1 815 1 2095
3 1 555 1 815 1 1775
3 1 405 1 1454 1 1774
3 1 405 1 1774 1 2094
3 1 578 1 1254 1 2214
3 1 354 1 1387 1 2027
3 1 435 1 1484 1 1804
3 1 539 1 799 1 1439
3 1 575 1 771 1 1731
3 1 367 1 1080 1 1400
3 1 364 1 1397 1 2037
3 1 563 1 823 1 2103
3 1 355 1 748 1 1388
3 1 435 1 844 1 1804
3 1 609 1 1221 1 2181
3 1 551 1 811 1 2091
3 1 638 1 930 1 1250
3 1 350 1 743 1 1383
3 1 362 1 1075 1 1395
3 1 343 1 736 1 1376
3 1 451 1 1324 1 1964
3 1 615 1 1227 1 1867
3 1 434 1 1163 1 1803
3 1 401 1 874 1 1834
3 1 559 1 819 1 1459
3 1 415 1 1784 1 2104
3 1 415 1 1464 1 1784
3 1 601 1 957 1 1277
3 1 401 1 1514 1 1834
3 1 401 1 1194 1 1834
3 1 546 1 742 1 1062
3 1 462 1 1015 1 1975
3 1 512 1 772 1 1412
3 1 462 1 1335 1 1975
3 1 577 1 1253 1 2213
3 1 578 1 1254 1 1894
3 1 490 1 1619 1 1939
3 1 480 1 1289 1 1929
3 1 494 1 919 1 2199
3 1 515 1 775 1 2055
3 1 483 1 908 1 2188
3 1 505 1 930 1 2210
3 1 424 1 833 1 1793
3 1 364 1 1333 1 1653
3 1 439 1 1424 1 1744
3 1 550 1 746 1 1066
3 1 490 1 1299 1 1939
3 1 556 1 816 1 1776
3 1 620 1 848 1 1168
3 1 560 1 756 1 1076
3 1 330 1 723 1 1363
3 1 512 1 772 1 2052
3 1 493 1 1878 1 2198
3 1 575 1 771 1 2051
3 1 435 1 1164 1 1804
3 1 427 1 1732 1 2052
3 1 427 1 1412 1 1732
3 1 575 1 771 1 1411
3 1 605 1 1217 1 2177
3 1 509 1 1318 1 1958
3 1 364 1 1013 1 1333
3 1 391 1 1184 1 1824
3 1 615 1 1227 1 2187
3 1 612 1 1160 1 1480
3 1 513 1 773 1 1413
