434 2240
2 1 1783 1 2103
2 1 1463 1 1783
2 1 1463 1 2103
2 1 1782 1 2102
2 1 1789 1 2109
2 1 1462 1 1782
2 1 1462 1 2102
2 1 1460 1 2100
2 1 1460 1 1780
2 1 1780 1 2100
2 1 1459 1 1779
2 1 1779 1 2099
2 1 1459 1 2099
2 1 1458 1 2098
2 1 1777 1 2097
2 1 1774 1 2094
2 1 1448 1 2088
2 1 1454 1 2094
2 1 1454 1 1774
2 1 1436 1 2076
2 1 1429 1 1749
2 1 1429 1 2069
2 1 1749 1 2069
2 1 1746 1 2066
2 1 1417 1 1737
2 1 1417 1 2057
2 1 1737 1 2057
2 1 1736 1 2056
2 1 1416 1 1736
2 1 1416 1 2056
2 1 1415 1 1735
2 1 1735 1 2055
2 1 1415 1 2055
2 1 1728 1 2048
2 1 1408 1 1728
2 1 1408 1 2048
2 1 968 1 1608
2 1 1413 1 1733
2 1 962 1 1282
2 1 964 1 1604
2 1 1409 1 1729
2 1 1280 1 1600
2 1 1023 1 1663
2 1 1471 1 1791
2 1 960 1 1280
2 1 960 1 1600
2 1 1022 1 1662
2 1 1470 1 1790
2 1 1020 1 1660
2 1 1466 1 1786
2 1 1465 1 1785
2 1 1018 1 1338
2 1 1338 1 1658
2 1 1018 1 1658
2 1 1336 1 1656
2 1 1016 1 1656
2 1 1337 1 1657
2 1 1016 1 1336
2 1 1015 1 1335
2 1 1334 1 1654
2 1 1014 1 1654
2 1 1014 1 1334
2 1 1333 1 1653
2 1 1011 1 1331
2 1 1017 1 1657
2 1 1017 1 1337
2 1 1010 1 1650
2 1 1010 1 1330
2 1 1330 1 1650
2 1 1314 1 1634
2 1 992 1 1632
2 1 1439 1 1759
2 1 1312 1 1632
2 1 992 1 1312
2 1 1310 1 1630
2 1 1308 1 1628
2 1 986 1 1306
2 1 1306 1 1626
2 1 986 1 1626
2 1 980 1 1300
2 1 980 1 1620
2 1 1300 1 1620
2 1 979 1 1619
2 1 978 1 1298
2 1 978 1 1618
2 1 1298 1 1618
2 1 895 1 1535
2 1 894 1 1214
2 1 893 1 1213
2 1 1468 1 2108
2 1 891 1 1211
2 1 891 1 1531
2 1 1211 1 1531
2 1 890 1 1210
2 1 889 1 1209
2 1 888 1 1208
2 1 1206 1 1526
2 1 886 1 1526
2 1 886 1 1206
2 1 885 1 1205
2 1 1205 1 1525
2 1 885 1 1525
2 1 884 1 1204
2 1 883 1 1523
2 1 1202 1 1522
2 1 882 1 1522
2 1 882 1 1202
2 1 881 1 1521
2 1 1009 1 1649
2 1 1329 1 1649
2 1 1009 1 1329
2 1 1455 1 1775
2 1 1453 1 2093
2 1 1005 1 1325
2 1 875 1 1195
2 1 1769 1 2089
2 1 1322 1 1642
2 1 1002 1 1322
2 1 1002 1 1642
2 1 872 1 1192
2 1 1192 1 1512
2 1 872 1 1512
2 1 1446 1 2086
2 1 871 1 1511
2 1 1318 1 1638
2 1 867 1 1187
2 1 866 1 1186
2 1 1185 1 1505
2 1 993 1 1313
2 1 1313 1 1633
2 1 993 1 1633
2 1 862 1 1182
2 1 1181 1 1501
2 1 1180 1 1500
2 1 859 1 1499
2 1 1179 1 1499
2 1 859 1 1179
2 1 1307 1 1627
2 1 1176 1 1496
2 1 984 1 1624
2 1 1304 1 1624
2 1 984 1 1304
2 1 1303 1 1623
2 1 983 1 1303
2 1 983 1 1623
2 1 1173 1 1493
2 1 852 1 1172
2 1 1171 1 1491
2 1 852 1 1492
2 1 1172 1 1492
2 1 849 1 1489
2 1 1744 1 2064
2 1 977 1 1617
2 1 977 1 1297
2 1 1170 1 1490
2 1 1297 1 1617
2 1 850 1 1490
2 1 850 1 1170
2 1 976 1 1616
2 1 1296 1 1616
2 1 976 1 1296
2 1 845 1 1485
2 1 1422 1 2062
2 1 845 1 1165
2 1 1165 1 1485
2 1 1740 1 2060
2 1 1420 1 1740
2 1 1420 1 2060
2 1 1742 1 2062
2 1 1422 1 1742
2 1 1419 1 2059
2 1 972 1 1292
2 1 840 1 1480
2 1 1160 1 1480
2 1 840 1 1160
2 1 839 1 1479
2 1 1734 1 2054
2 1 1414 1 2054
2 1 1414 1 1734
2 1 837 1 1157
2 1 1157 1 1477
2 1 837 1 1477
2 1 836 1 1156
2 1 896 1 2176
2 1 896 1 1856
2 1 1856 1 2176
2 1 1919 1 2239
2 1 959 1 2239
2 1 959 1 1919
2 1 1086 1 2046
2 1 766 1 1086
2 1 766 1 2046
2 1 958 1 2238
2 1 958 1 1918
2 1 1918 1 2238
2 1 765 1 2045
2 1 1085 1 2045
2 1 765 1 1085
2 1 957 1 2237
2 1 1917 1 2237
2 1 957 1 1917
2 1 764 1 2044
2 1 956 1 2236
2 1 1019 1 1339
2 1 1339 1 1659
2 1 1019 1 1659
2 1 892 1 1212
2 1 892 1 1532
2 1 1212 1 1532
2 1 1083 1 2043
2 1 954 1 2234
2 1 1914 1 2234
2 1 954 1 1914
2 1 1913 1 2233
2 1 953 1 2233
2 1 953 1 1913
2 1 1784 1 2104
2 1 1464 1 1784
2 1 1464 1 2104
2 1 952 1 1912
2 1 952 1 2232
2 1 1912 1 2232
2 1 759 1 1079
2 1 759 1 2039
2 1 1079 1 2039
2 1 758 1 1078
2 1 951 1 2231
2 1 950 1 2230
2 1 757 1 1077
2 1 1909 1 2229
2 1 949 1 1909
2 1 949 1 2229
2 1 1076 1 2036
2 1 756 1 1076
2 1 756 1 2036
2 1 948 1 1908
2 1 755 1 2035
2 1 755 1 1075
2 1 1075 1 2035
2 1 947 1 2227
2 1 754 1 1074
2 1 1906 1 2226
2 1 946 1 2226
2 1 946 1 1906
2 1 753 1 1073
2 1 945 1 1905
2 1 1327 1 1647
2 1 1456 1 1776
2 1 1456 1 2096
2 1 1776 1 2096
2 1 880 1 1520
2 1 1200 1 1520
2 1 880 1 1200
2 1 1904 1 2224
2 1 944 1 1904
2 1 944 1 2224
2 1 750 1 1070
2 1 1006 1 1646
2 1 1903 1 2223
2 1 749 1 2029
2 1 877 1 1197
2 1 1197 1 1517
2 1 877 1 1517
2 1 941 1 2221
2 1 876 1 1516
2 1 1196 1 1516
2 1 876 1 1196
2 1 747 1 1067
2 1 747 1 2027
2 1 1067 1 2027
2 1 1451 1 1771
2 1 1001 1 1321
2 1 1450 1 1770
2 1 1450 1 2090
2 1 1770 1 2090
2 1 938 1 2218
2 1 1000 1 1320
2 1 1193 1 1513
2 1 1064 1 2024
2 1 1896 1 2216
2 1 1063 1 2023
2 1 1447 1 2087
2 1 935 1 1895
2 1 742 1 2022
2 1 1317 1 1637
2 1 741 1 2021
2 1 996 1 1636
2 1 869 1 1509
2 1 869 1 1189
2 1 1189 1 1509
2 1 740 1 2020
2 1 868 1 1188
2 1 739 1 2019
2 1 1059 1 2019
2 1 739 1 1059
2 1 738 1 1058
2 1 1442 1 2082
2 1 1057 1 2017
2 1 737 1 2017
2 1 737 1 1057
2 1 1441 1 1761
2 1 929 1 1889
2 1 1055 1 2015
2 1 928 1 2208
2 1 734 1 2014
2 1 734 1 1054
2 1 1054 1 2014
2 1 1887 1 2207
2 1 1438 1 2078
2 1 926 1 1886
2 1 926 1 2206
2 1 1886 1 2206
2 1 733 1 2013
2 1 733 1 1053
2 1 1053 1 2013
2 1 1437 1 2077
2 1 732 1 1052
2 1 731 1 1051
2 1 1051 1 2011
2 1 731 1 2011
2 1 924 1 1884
2 1 923 1 1883
2 1 1754 1 2074
2 1 858 1 1178
2 1 922 1 1882
2 1 1049 1 2009
2 1 1753 1 2073
2 1 1048 1 2008
2 1 728 1 2008
2 1 728 1 1048
2 1 1881 1 2201
2 1 1752 1 2072
2 1 1432 1 1752
2 1 1432 1 2072
2 1 727 1 2007
2 1 920 1 1880
2 1 1880 1 2200
2 1 920 1 2200
2 1 1175 1 1495
2 1 726 1 2006
2 1 1879 1 2199
2 1 919 1 1879
2 1 919 1 2199
2 1 981 1 1301
2 1 1301 1 1621
2 1 981 1 1621
2 1 1750 1 2070
2 1 725 1 2005
2 1 725 1 1045
2 1 1045 1 2005
2 1 724 1 1044
2 1 1044 1 2004
2 1 724 1 2004
2 1 1877 1 2197
2 1 1876 1 2196
2 1 916 1 1876
2 1 916 1 2196
2 1 1748 1 2068
2 1 1428 1 1748
2 1 1428 1 2068
2 1 1043 1 2003
2 1 723 1 2003
2 1 723 1 1043
2 1 1042 1 2002
2 1 1875 1 2195
2 1 915 1 2195
2 1 915 1 1875
2 1 914 1 1874
2 1 721 1 2001
2 1 721 1 1041
2 1 1041 1 2001
2 1 913 1 1873
2 1 913 1 2193
2 1 1873 1 2193
2 1 1295 1 1615
2 1 912 1 2192
2 1 1871 1 2191
2 1 974 1 1614
2 1 847 1 1167
2 1 847 1 1487
2 1 1167 1 1487
2 1 718 1 1998
2 1 846 1 1486
2 1 1166 1 1486
2 1 846 1 1166
2 1 717 1 1037
2 1 717 1 1997
2 1 1037 1 1997
2 1 1869 1 2189
2 1 716 1 1996
2 1 908 1 1868
2 1 844 1 1484
2 1 1291 1 1611
2 1 971 1 1291
2 1 971 1 1611
2 1 715 1 1995
2 1 1867 1 2187
2 1 970 1 1290
2 1 843 1 1483
2 1 842 1 1482
2 1 1033 1 1993
2 1 712 1 1032
2 1 1864 1 2184
2 1 904 1 2184
2 1 904 1 1864
2 1 1031 1 1991
2 1 711 1 1031
2 1 711 1 1991
2 1 903 1 2183
2 1 1863 1 2183
2 1 903 1 1863
2 1 710 1 1990
2 1 902 1 2182
2 1 1862 1 2182
2 1 902 1 1862
2 1 965 1 1605
2 1 1285 1 1605
2 1 965 1 1285
2 1 838 1 1478
2 1 1029 1 1989
2 1 1861 1 2181
2 1 1028 1 1988
2 1 900 1 2180
2 1 1412 1 1732
2 1 899 1 2179
2 1 1859 1 2179
2 1 899 1 1859
2 1 898 1 1858
2 1 961 1 1281
2 1 834 1 1474
2 1 705 1 1025
2 1 1025 1 1985
2 1 705 1 1985
2 1 1024 1 1984
