437 2240
2 1 1461 1 2101
2 1 1779 1 2099
2 1 1459 1 1779
2 1 1459 1 2099
2 1 1778 1 2098
2 1 1776 1 2096
2 1 1454 1 1774
2 1 1454 1 2094
2 1 1774 1 2094
2 1 1453 1 1773
2 1 1773 1 2093
2 1 1453 1 2093
2 1 1771 1 2091
2 1 1451 1 2091
2 1 1451 1 1771
2 1 1450 1 2090
2 1 1767 1 2087
2 1 1447 1 1767
2 1 1447 1 2087
2 1 1758 1 2078
2 1 1438 1 1758
2 1 1438 1 2078
2 1 1434 1 2074
2 1 1434 1 1754
2 1 1754 1 2074
2 1 1752 1 2072
2 1 1429 1 2069
2 1 1748 1 2068
2 1 1428 1 2068
2 1 1428 1 1748
2 1 1427 1 1747
2 1 1427 1 2067
2 1 1747 1 2067
2 1 1746 1 2066
2 1 1426 1 2066
2 1 1426 1 1746
2 1 1411 1 2051
2 1 1290 1 1610
2 1 1281 1 1601
2 1 1023 1 1663
2 1 961 1 1281
2 1 961 1 1601
2 1 1343 1 1663
2 1 1023 1 1343
2 1 1017 1 1657
2 1 1337 1 1657
2 1 1017 1 1337
2 1 1012 1 1332
2 1 1331 1 1651
2 1 1011 1 1331
2 1 1011 1 1651
2 1 1329 1 1649
2 1 1002 1 1642
2 1 1004 1 1324
2 1 1322 1 1642
2 1 1002 1 1322
2 1 1320 1 1640
2 1 1444 1 1764
2 1 995 1 1635
2 1 1311 1 1631
2 1 989 1 1629
2 1 991 1 1311
2 1 991 1 1631
2 1 1437 1 1757
2 1 1308 1 1628
2 1 986 1 1306
2 1 986 1 1626
2 1 1306 1 1626
2 1 983 1 1303
2 1 1303 1 1623
2 1 983 1 1623
2 1 981 1 1301
2 1 1301 1 1621
2 1 981 1 1621
2 1 979 1 1299
2 1 1425 1 1745
2 1 1154 1 1474
2 1 834 1 1474
2 1 834 1 1154
2 1 1213 1 1533
2 1 1214 1 1534
2 1 1468 1 2108
2 1 1021 1 1661
2 1 1210 1 1530
2 1 1208 1 1528
2 1 1016 1 1656
2 1 1335 1 1655
2 1 1015 1 1655
2 1 1015 1 1335
2 1 884 1 1204
2 1 884 1 1524
2 1 1204 1 1524
2 1 1202 1 1522
2 1 882 1 1522
2 1 882 1 1202
2 1 1457 1 2097
2 1 883 1 1203
2 1 1010 1 1330
2 1 1330 1 1650
2 1 1010 1 1650
2 1 880 1 1520
2 1 1775 1 2095
2 1 1007 1 1327
2 1 1007 1 1647
2 1 1327 1 1647
2 1 878 1 1518
2 1 1198 1 1518
2 1 878 1 1198
2 1 877 1 1517
2 1 877 1 1197
2 1 1197 1 1517
2 1 876 1 1516
2 1 874 1 1514
2 1 873 1 1513
2 1 1193 1 1513
2 1 873 1 1193
2 1 870 1 1510
2 1 998 1 1318
2 1 998 1 1638
2 1 1318 1 1638
2 1 868 1 1188
2 1 861 1 1181
2 1 861 1 1501
2 1 1181 1 1501
2 1 857 1 1497
2 1 858 1 1178
2 1 1178 1 1498
2 1 858 1 1498
2 1 856 1 1176
2 1 1174 1 1494
2 1 852 1 1172
2 1 1172 1 1492
2 1 852 1 1492
2 1 851 1 1171
2 1 851 1 1491
2 1 1171 1 1491
2 1 850 1 1490
2 1 1170 1 1490
2 1 850 1 1170
2 1 849 1 1169
2 1 1169 1 1489
2 1 849 1 1489
2 1 1297 1 1617
2 1 1742 1 2062
2 1 1422 1 1742
2 1 1422 1 2062
2 1 845 1 1485
2 1 1165 1 1485
2 1 845 1 1165
2 1 1418 1 2058
2 1 1418 1 1738
2 1 1738 1 2058
2 1 968 1 1288
2 1 968 1 1608
2 1 1288 1 1608
2 1 841 1 1481
2 1 1161 1 1481
2 1 841 1 1161
2 1 1158 1 1478
2 1 837 1 1157
2 1 1285 1 1605
2 1 1728 1 2048
2 1 1087 1 2047
2 1 767 1 2047
2 1 767 1 1087
2 1 1471 1 2111
2 1 766 1 1086
2 1 1919 1 2239
2 1 959 1 2239
2 1 959 1 1919
2 1 1790 1 2110
2 1 1085 1 2045
2 1 765 1 1085
2 1 765 1 2045
2 1 958 1 1918
2 1 1469 1 2109
2 1 1469 1 1789
2 1 1789 1 2109
2 1 957 1 1917
2 1 1917 1 2237
2 1 957 1 2237
2 1 1339 1 1659
2 1 1212 1 1532
2 1 956 1 1916
2 1 1916 1 2236
2 1 956 1 2236
2 1 993 1 1313
2 1 1467 1 2107
2 1 1787 1 2107
2 1 1467 1 1787
2 1 891 1 1531
2 1 1018 1 1338
2 1 1018 1 1658
2 1 1338 1 1658
2 1 762 1 1082
2 1 1081 1 2041
2 1 1914 1 2234
2 1 1785 1 2105
2 1 953 1 1913
2 1 952 1 2232
2 1 951 1 1911
2 1 1014 1 1654
2 1 887 1 1207
2 1 758 1 2038
2 1 1013 1 1653
2 1 1013 1 1333
2 1 1333 1 1653
2 1 1206 1 1526
2 1 757 1 1077
2 1 1077 1 2037
2 1 757 1 2037
2 1 1076 1 2036
2 1 1075 1 2035
2 1 755 1 2035
2 1 755 1 1075
2 1 947 1 2227
2 1 1907 1 2227
2 1 947 1 1907
2 1 1074 1 2034
2 1 946 1 2226
2 1 753 1 2033
2 1 1905 1 2225
2 1 945 1 2225
2 1 945 1 1905
2 1 881 1 1521
2 1 881 1 1201
2 1 1201 1 1521
2 1 1328 1 1648
2 1 1008 1 1328
2 1 1008 1 1648
2 1 752 1 1072
2 1 752 1 2032
2 1 1072 1 2032
2 1 1326 1 1646
2 1 879 1 1199
2 1 879 1 1519
2 1 1199 1 1519
2 1 943 1 2223
2 1 750 1 1070
2 1 749 1 2029
2 1 749 1 1069
2 1 1069 1 2029
2 1 1901 1 2221
2 1 941 1 1901
2 1 941 1 2221
2 1 748 1 1068
2 1 748 1 2028
2 1 1068 1 2028
2 1 1452 1 1772
2 1 940 1 2220
2 1 747 1 1067
2 1 1067 1 2027
2 1 747 1 2027
2 1 746 1 1066
2 1 1066 1 2026
2 1 746 1 2026
2 1 939 1 2219
2 1 938 1 2218
2 1 1898 1 2218
2 1 938 1 1898
2 1 1065 1 2025
2 1 1769 1 2089
2 1 1449 1 2089
2 1 1449 1 1769
2 1 937 1 1897
2 1 744 1 2024
2 1 744 1 1064
2 1 1064 1 2024
2 1 1448 1 2088
2 1 1768 1 2088
2 1 1448 1 1768
2 1 743 1 1063
2 1 936 1 1896
2 1 1896 1 2216
2 1 936 1 2216
2 1 742 1 1062
2 1 742 1 2022
2 1 1062 1 2022
2 1 1895 1 2215
2 1 935 1 2215
2 1 935 1 1895
2 1 1446 1 1766
2 1 1446 1 2086
2 1 1766 1 2086
2 1 934 1 1894
2 1 934 1 2214
2 1 1894 1 2214
2 1 1189 1 1509
2 1 1296 1 1616
2 1 740 1 1060
2 1 1893 1 2213
2 1 933 1 1893
2 1 933 1 2213
2 1 1892 1 2212
2 1 931 1 2211
2 1 1314 1 1634
2 1 994 1 1314
2 1 994 1 1634
2 1 738 1 1058
2 1 1058 1 2018
2 1 738 1 2018
2 1 1762 1 2082
2 1 1185 1 1505
2 1 992 1 1632
2 1 1889 1 2209
2 1 929 1 2209
2 1 929 1 1889
2 1 1056 1 2016
2 1 1440 1 2080
2 1 1440 1 1760
2 1 1760 1 2080
2 1 1888 1 2208
2 1 990 1 1310
2 1 1183 1 1503
2 1 734 1 1054
2 1 1054 1 2014
2 1 734 1 2014
2 1 1887 1 2207
2 1 927 1 2207
2 1 927 1 1887
2 1 733 1 1053
2 1 925 1 1885
2 1 925 1 2205
2 1 1885 1 2205
2 1 1052 1 2012
2 1 924 1 2204
2 1 1884 1 2204
2 1 924 1 1884
2 1 731 1 1051
2 1 731 1 2011
2 1 1051 1 2011
2 1 730 1 1050
2 1 1050 1 2010
2 1 730 1 2010
2 1 922 1 1882
2 1 921 1 2201
2 1 728 1 1048
2 1 920 1 2200
2 1 919 1 2199
2 1 982 1 1622
2 1 1431 1 2071
2 1 855 1 1175
2 1 855 1 1495
2 1 1175 1 1495
2 1 726 1 1046
2 1 1430 1 1750
2 1 1044 1 2004
2 1 917 1 2197
2 1 916 1 1876
2 1 723 1 1043
2 1 915 1 2195
2 1 1042 1 2002
2 1 914 1 1874
2 1 1874 1 2194
2 1 914 1 2194
2 1 721 1 1041
2 1 913 1 2193
2 1 720 1 2000
2 1 912 1 2192
2 1 1872 1 2192
2 1 912 1 1872
2 1 848 1 1168
2 1 1295 1 1615
2 1 975 1 1615
2 1 975 1 1295
2 1 1743 1 2063
2 1 847 1 1167
2 1 1871 1 2191
2 1 1037 1 1997
2 1 717 1 1037
2 1 717 1 1997
2 1 973 1 1293
2 1 973 1 1613
2 1 1293 1 1613
2 1 1870 1 2190
2 1 1421 1 1741
2 1 1741 1 2061
2 1 1421 1 2061
2 1 716 1 1996
2 1 1164 1 1484
2 1 715 1 1035
2 1 1035 1 1995
2 1 715 1 1995
2 1 971 1 1611
2 1 908 1 2188
2 1 1419 1 1739
2 1 714 1 1994
2 1 1289 1 1609
2 1 969 1 1289
2 1 969 1 1609
2 1 906 1 2186
2 1 1033 1 1993
2 1 713 1 1033
2 1 713 1 1993
2 1 1417 1 2057
2 1 1737 1 2057
2 1 1417 1 1737
2 1 712 1 1992
2 1 1287 1 1607
2 1 967 1 1287
2 1 967 1 1607
2 1 1160 1 1480
2 1 1864 1 2184
2 1 904 1 2184
2 1 904 1 1864
2 1 1735 1 2055
2 1 1415 1 1735
2 1 1415 1 2055
2 1 839 1 1479
2 1 1286 1 1606
2 1 1030 1 1990
2 1 710 1 1990
2 1 710 1 1030
2 1 709 1 1989
2 1 709 1 1029
2 1 1029 1 1989
2 1 1862 1 2182
2 1 1733 1 2053
2 1 1283 1 1603
2 1 1027 1 1987
2 1 707 1 1987
2 1 707 1 1027
2 1 1156 1 1476
2 1 900 1 2180
2 1 1860 1 2180
2 1 900 1 1860
2 1 706 1 1986
2 1 1026 1 1986
2 1 706 1 1026
2 1 1409 1 1729
2 1 1409 1 2049
2 1 1729 1 2049
2 1 1153 1 1473
2 1 833 1 1153
2 1 833 1 1473
2 1 897 1 1857
2 1 1856 1 2176
