428 2240
2 1 1456 1 2096
2 1 1446 1 1766
2 1 1453 1 2093
2 1 1446 1 2086
2 1 1766 1 2086
2 1 1438 1 2078
2 1 1773 1 2093
2 1 1453 1 1773
2 1 1758 1 2078
2 1 1433 1 2073
2 1 1438 1 1758
2 1 1433 1 1753
2 1 1753 1 2073
2 1 1432 1 2072
2 1 1752 1 2072
2 1 1432 1 1752
2 1 1431 1 2071
2 1 1427 1 2067
2 1 1427 1 1747
2 1 1747 1 2067
2 1 1746 1 2066
2 1 1426 1 1746
2 1 1426 1 2066
2 1 1425 1 2065
2 1 1414 1 2054
2 1 1733 1 2053
2 1 1412 1 2052
2 1 1412 1 1732
2 1 1732 1 2052
2 1 1408 1 2048
2 1 1728 1 2048
2 1 1408 1 1728
2 1 1417 1 1737
2 1 968 1 1608
2 1 1286 1 1606
2 1 965 1 1285
2 1 964 1 1284
2 1 1284 1 1604
2 1 964 1 1604
2 1 1411 1 1731
2 1 962 1 1602
2 1 960 1 1280
2 1 1023 1 1343
2 1 1471 1 1791
2 1 1469 1 1789
2 1 1455 1 1775
2 1 1328 1 1648
2 1 1002 1 1642
2 1 1002 1 1322
2 1 1322 1 1642
2 1 1318 1 1638
2 1 990 1 1630
2 1 1310 1 1630
2 1 990 1 1310
2 1 1308 1 1628
2 1 1439 1 1759
2 1 988 1 1628
2 1 988 1 1308
2 1 986 1 1626
2 1 835 1 1475
2 1 835 1 1155
2 1 1155 1 1475
2 1 834 1 1154
2 1 895 1 1535
2 1 1213 1 1533
2 1 892 1 1212
2 1 1787 1 2107
2 1 1020 1 1660
2 1 1019 1 1659
2 1 889 1 1529
2 1 889 1 1209
2 1 1209 1 1529
2 1 1464 1 1784
2 1 1780 1 2100
2 1 1460 1 2100
2 1 1460 1 1780
2 1 883 1 1523
2 1 1203 1 1523
2 1 883 1 1203
2 1 1778 1 2098
2 1 1458 1 2098
2 1 1458 1 1778
2 1 881 1 1521
2 1 1774 1 2094
2 1 1454 1 1774
2 1 1199 1 1519
2 1 879 1 1519
2 1 1454 1 2094
2 1 1007 1 1647
2 1 1007 1 1327
2 1 879 1 1199
2 1 1327 1 1647
2 1 1197 1 1517
2 1 877 1 1197
2 1 877 1 1517
2 1 876 1 1516
2 1 876 1 1196
2 1 1196 1 1516
2 1 1003 1 1323
2 1 1450 1 1770
2 1 873 1 1193
2 1 1191 1 1511
2 1 1190 1 1510
2 1 1189 1 1509
2 1 869 1 1189
2 1 869 1 1509
2 1 1317 1 1637
2 1 997 1 1637
2 1 997 1 1317
2 1 996 1 1316
2 1 996 1 1636
2 1 1316 1 1636
2 1 863 1 1183
2 1 989 1 1629
2 1 861 1 1501
2 1 989 1 1309
2 1 1309 1 1629
2 1 1177 1 1497
2 1 857 1 1497
2 1 857 1 1177
2 1 1176 1 1496
2 1 856 1 1496
2 1 856 1 1176
2 1 1175 1 1495
2 1 1749 1 2069
2 1 855 1 1495
2 1 855 1 1175
2 1 982 1 1302
2 1 982 1 1622
2 1 1302 1 1622
2 1 1171 1 1491
2 1 1170 1 1490
2 1 850 1 1170
2 1 850 1 1490
2 1 1169 1 1489
2 1 849 1 1489
2 1 849 1 1169
2 1 1424 1 1744
2 1 976 1 1616
2 1 976 1 1296
2 1 1296 1 1616
2 1 844 1 1164
2 1 972 1 1612
2 1 972 1 1292
2 1 1292 1 1612
2 1 1165 1 1485
2 1 1419 1 1739
2 1 971 1 1291
2 1 1418 1 1738
2 1 840 1 1160
2 1 1159 1 1479
2 1 837 1 1477
2 1 841 1 1161
2 1 836 1 1156
2 1 1156 1 1476
2 1 836 1 1476
2 1 959 1 2239
2 1 1086 1 2046
2 1 1790 1 2110
2 1 1470 1 1790
2 1 1470 1 2110
2 1 958 1 1918
2 1 1918 1 2238
2 1 958 1 2238
2 1 765 1 1085
2 1 765 1 2045
2 1 1085 1 2045
2 1 764 1 1084
2 1 957 1 1917
2 1 1917 1 2237
2 1 957 1 2237
2 1 1468 1 1788
2 1 1788 1 2108
2 1 1468 1 2108
2 1 956 1 1916
2 1 956 1 2236
2 1 1916 1 2236
2 1 1018 1 1658
2 1 1018 1 1338
2 1 1338 1 1658
2 1 955 1 2235
2 1 1915 1 2235
2 1 955 1 1915
2 1 1914 1 2234
2 1 890 1 1530
2 1 1017 1 1337
2 1 888 1 1208
2 1 887 1 1207
2 1 1014 1 1654
2 1 1334 1 1654
2 1 1014 1 1334
2 1 758 1 2038
2 1 886 1 1206
2 1 757 1 2037
2 1 1013 1 1333
2 1 1333 1 1653
2 1 1013 1 1653
2 1 1332 1 1652
2 1 1012 1 1332
2 1 1012 1 1652
2 1 884 1 1204
2 1 1075 1 2035
2 1 1011 1 1331
2 1 1459 1 1779
2 1 1459 1 2099
2 1 1779 1 2099
2 1 754 1 2034
2 1 1202 1 1522
2 1 753 1 2033
2 1 753 1 1073
2 1 1073 1 2033
2 1 946 1 1906
2 1 946 1 2226
2 1 1906 1 2226
2 1 1905 1 2225
2 1 1072 1 2032
2 1 752 1 1072
2 1 752 1 2032
2 1 1071 1 2031
2 1 751 1 1071
2 1 751 1 2031
2 1 878 1 1198
2 1 942 1 2222
2 1 749 1 2029
2 1 1069 1 2029
2 1 749 1 1069
2 1 748 1 1068
2 1 1772 1 2092
2 1 940 1 2220
2 1 940 1 1900
2 1 1900 1 2220
2 1 747 1 2027
2 1 747 1 1067
2 1 1067 1 2027
2 1 1451 1 1771
2 1 939 1 2219
2 1 939 1 1899
2 1 1899 1 2219
2 1 1321 1 1641
2 1 1065 1 2025
2 1 938 1 1898
2 1 938 1 2218
2 1 1898 1 2218
2 1 1449 1 1769
2 1 1897 1 2217
2 1 744 1 2024
2 1 1448 1 1768
2 1 1768 1 2088
2 1 1448 1 2088
2 1 743 1 1063
2 1 743 1 2023
2 1 1063 1 2023
2 1 936 1 2216
2 1 1447 1 2087
2 1 742 1 1062
2 1 1895 1 2215
2 1 741 1 1061
2 1 1061 1 2021
2 1 741 1 2021
2 1 934 1 1894
2 1 1893 1 2213
2 1 933 1 2213
2 1 933 1 1893
2 1 1892 1 2212
2 1 932 1 2212
2 1 932 1 1892
2 1 868 1 1188
2 1 995 1 1315
2 1 995 1 1635
2 1 1315 1 1635
2 1 1443 1 1763
2 1 994 1 1634
2 1 1314 1 1634
2 1 994 1 1314
2 1 738 1 2018
2 1 1891 1 2211
2 1 1313 1 1633
2 1 737 1 2017
2 1 992 1 1312
2 1 1312 1 1632
2 1 992 1 1632
2 1 1185 1 1505
2 1 1311 1 1631
2 1 991 1 1631
2 1 991 1 1311
2 1 1184 1 1504
2 1 735 1 2015
2 1 1055 1 2015
2 1 735 1 1055
2 1 1887 1 2207
2 1 734 1 1054
2 1 734 1 2014
2 1 1054 1 2014
2 1 926 1 1886
2 1 926 1 2206
2 1 1886 1 2206
2 1 733 1 1053
2 1 733 1 2013
2 1 1053 1 2013
2 1 1885 1 2205
2 1 925 1 1885
2 1 925 1 2205
2 1 732 1 2012
2 1 860 1 1180
2 1 860 1 1500
2 1 1180 1 1500
2 1 924 1 1884
2 1 731 1 2011
2 1 1051 1 2011
2 1 731 1 1051
2 1 1305 1 1625
2 1 858 1 1498
2 1 729 1 1049
2 1 728 1 2008
2 1 728 1 1048
2 1 1048 1 2008
2 1 920 1 2200
2 1 1047 1 2007
2 1 1879 1 2199
2 1 919 1 1879
2 1 919 1 2199
2 1 918 1 1878
2 1 1430 1 2070
2 1 854 1 1174
2 1 854 1 1494
2 1 1174 1 1494
2 1 725 1 2005
2 1 981 1 1301
2 1 980 1 1300
2 1 1428 1 1748
2 1 1748 1 2068
2 1 1428 1 2068
2 1 852 1 1492
2 1 1043 1 2003
2 1 722 1 1042
2 1 722 1 2002
2 1 1042 1 2002
2 1 1875 1 2195
2 1 914 1 1874
2 1 914 1 2194
2 1 1874 1 2194
2 1 721 1 2001
2 1 721 1 1041
2 1 1041 1 2001
2 1 913 1 2193
2 1 1873 1 2193
2 1 913 1 1873
2 1 720 1 2000
2 1 912 1 1872
2 1 1168 1 1488
2 1 848 1 1488
2 1 848 1 1168
2 1 719 1 1999
2 1 975 1 1295
2 1 1871 1 2191
2 1 974 1 1294
2 1 1294 1 1614
2 1 974 1 1614
2 1 847 1 1167
2 1 1293 1 1613
2 1 1742 1 2062
2 1 1422 1 2062
2 1 1422 1 1742
2 1 846 1 1166
2 1 1037 1 1997
2 1 716 1 1036
2 1 1036 1 1996
2 1 716 1 1996
2 1 908 1 1868
2 1 1290 1 1610
2 1 970 1 1610
2 1 970 1 1290
2 1 714 1 1994
2 1 907 1 1867
2 1 842 1 1162
2 1 1289 1 1609
2 1 969 1 1609
2 1 969 1 1289
2 1 713 1 1033
2 1 1033 1 1993
2 1 713 1 1993
2 1 1865 1 2185
2 1 712 1 1992
2 1 1032 1 1992
2 1 712 1 1032
2 1 1416 1 1736
2 1 1736 1 2056
2 1 1416 1 2056
2 1 904 1 2184
2 1 711 1 1991
2 1 711 1 1031
2 1 1031 1 1991
2 1 710 1 1030
2 1 710 1 1990
2 1 1030 1 1990
2 1 1863 1 2183
2 1 903 1 1863
2 1 903 1 2183
2 1 902 1 1862
2 1 709 1 1989
2 1 1029 1 1989
2 1 709 1 1029
2 1 901 1 1861
2 1 900 1 1860
2 1 900 1 2180
2 1 1860 1 2180
2 1 707 1 1027
2 1 899 1 1859
2 1 899 1 2179
2 1 1859 1 2179
2 1 706 1 1026
2 1 1026 1 1986
2 1 706 1 1986
2 1 1410 1 1730
2 1 1730 1 2050
2 1 1410 1 2050
2 1 1858 1 2178
2 1 898 1 1858
2 1 898 1 2178
2 1 705 1 1025
2 1 1729 1 2049
2 1 704 1 1024
2 1 896 1 2176
2 1 1856 1 2176
2 1 896 1 1856
2 1 897 1 1857
2 1 897 1 2177
2 1 1857 1 2177
