504 2240
2 1 1780 1 2100
2 1 1460 1 2100
2 1 1460 1 1780
2 1 1458 1 2098
2 1 1778 1 2098
2 1 1459 1 2099
2 1 1779 1 2099
2 1 1458 1 1778
2 1 1777 1 2097
2 1 1459 1 1779
2 1 1457 1 2097
2 1 1457 1 1777
2 1 1776 1 2096
2 1 1456 1 2096
2 1 1456 1 1776
2 1 1455 1 1775
2 1 1455 1 2095
2 1 1775 1 2095
2 1 1774 1 2094
2 1 1434 1 1754
2 1 1434 1 2074
2 1 1754 1 2074
2 1 1433 1 2073
2 1 1745 1 2065
2 1 1418 1 1738
2 1 1418 1 2058
2 1 1738 1 2058
2 1 1417 1 1737
2 1 1737 1 2057
2 1 1417 1 2057
2 1 1416 1 2056
2 1 1731 1 2051
2 1 1411 1 1731
2 1 1413 1 2053
2 1 1411 1 2051
2 1 1733 1 2053
2 1 1413 1 1733
2 1 1410 1 1730
2 1 1410 1 2050
2 1 1730 1 2050
2 1 974 1 1294
2 1 974 1 1614
2 1 1294 1 1614
2 1 960 1 1600
2 1 960 1 1280
2 1 1280 1 1600
2 1 1021 1 1661
2 1 1019 1 1339
2 1 1019 1 1659
2 1 1339 1 1659
2 1 1341 1 1661
2 1 1021 1 1341
2 1 1467 1 1787
2 1 1012 1 1652
2 1 1010 1 1330
2 1 1331 1 1651
2 1 1009 1 1329
2 1 1329 1 1649
2 1 1011 1 1651
2 1 1009 1 1649
2 1 1011 1 1331
2 1 1007 1 1647
2 1 1006 1 1646
2 1 1453 1 1773
2 1 1004 1 1644
2 1 1443 1 1763
2 1 1314 1 1634
2 1 1311 1 1631
2 1 992 1 1312
2 1 991 1 1631
2 1 991 1 1311
2 1 1310 1 1630
2 1 1312 1 1632
2 1 990 1 1310
2 1 990 1 1630
2 1 992 1 1632
2 1 1308 1 1628
2 1 1436 1 1756
2 1 1307 1 1627
2 1 981 1 1301
2 1 979 1 1299
2 1 1298 1 1618
2 1 978 1 1298
2 1 978 1 1618
2 1 976 1 1616
2 1 1296 1 1616
2 1 976 1 1296
2 1 1155 1 1475
2 1 834 1 1474
2 1 833 1 1473
2 1 1408 1 2048
2 1 1408 1 1728
2 1 1728 1 2048
2 1 1022 1 1662
2 1 1465 1 1785
2 1 890 1 1210
2 1 1337 1 1657
2 1 1017 1 1657
2 1 1017 1 1337
2 1 1782 1 2102
2 1 885 1 1205
2 1 1205 1 1525
2 1 895 1 1535
2 1 885 1 1525
2 1 1204 1 1524
2 1 883 1 1523
2 1 882 1 1522
2 1 881 1 1521
2 1 880 1 1520
2 1 1200 1 1520
2 1 880 1 1200
2 1 879 1 1519
2 1 1198 1 1518
2 1 878 1 1518
2 1 1452 1 2092
2 1 878 1 1198
2 1 1197 1 1517
2 1 877 1 1517
2 1 1452 1 1772
2 1 1772 1 2092
2 1 1005 1 1325
2 1 877 1 1197
2 1 1195 1 1515
2 1 875 1 1195
2 1 875 1 1515
2 1 1449 1 2089
2 1 1322 1 1642
2 1 1768 1 2088
2 1 1448 1 2088
2 1 1448 1 1768
2 1 1447 1 2087
2 1 1766 1 2086
2 1 1446 1 1766
2 1 1446 1 2086
2 1 867 1 1187
2 1 867 1 1507
2 1 1764 1 2084
2 1 1187 1 1507
2 1 1185 1 1505
2 1 864 1 1184
2 1 863 1 1183
2 1 1182 1 1502
2 1 1181 1 1501
2 1 858 1 1178
2 1 857 1 1497
2 1 1175 1 1495
2 1 1174 1 1494
2 1 1171 1 1491
2 1 1170 1 1490
2 1 1744 1 2064
2 1 977 1 1297
2 1 1297 1 1617
2 1 977 1 1617
2 1 972 1 1612
2 1 847 1 1167
2 1 1167 1 1487
2 1 847 1 1487
2 1 1292 1 1612
2 1 972 1 1292
2 1 842 1 1162
2 1 1160 1 1480
2 1 1735 1 2055
2 1 1161 1 1481
2 1 1415 1 2055
2 1 1415 1 1735
2 1 840 1 1160
2 1 840 1 1480
2 1 968 1 1608
2 1 841 1 1161
2 1 841 1 1481
2 1 967 1 1287
2 1 836 1 1476
2 1 767 1 1087
2 1 1087 1 2047
2 1 767 1 2047
2 1 1919 1 2239
2 1 1086 1 2046
2 1 1470 1 1790
2 1 958 1 2238
2 1 958 1 1918
2 1 1918 1 2238
2 1 1020 1 1660
2 1 764 1 1084
2 1 1084 1 2044
2 1 764 1 2044
2 1 957 1 1917
2 1 957 1 2237
2 1 1917 1 2237
2 1 1468 1 1788
2 1 1916 1 2236
2 1 1083 1 2043
2 1 955 1 2235
2 1 955 1 1915
2 1 1915 1 2235
2 1 954 1 2234
2 1 954 1 1914
2 1 1914 1 2234
2 1 761 1 2041
2 1 953 1 2233
2 1 1913 1 2233
2 1 953 1 1913
2 1 889 1 1209
2 1 1016 1 1656
2 1 1912 1 2232
2 1 1335 1 1655
2 1 1015 1 1655
2 1 1015 1 1335
2 1 887 1 1527
2 1 1014 1 1334
2 1 1014 1 1654
2 1 1334 1 1654
2 1 886 1 1206
2 1 757 1 1077
2 1 1909 1 2229
2 1 1076 1 2036
2 1 755 1 2035
2 1 1075 1 2035
2 1 755 1 1075
2 1 948 1 1908
2 1 947 1 2227
2 1 1907 1 2227
2 1 947 1 1907
2 1 754 1 1074
2 1 1074 1 2034
2 1 754 1 2034
2 1 1906 1 2226
2 1 946 1 2226
2 1 946 1 1906
2 1 1073 1 2033
2 1 945 1 2225
2 1 944 1 1904
2 1 944 1 2224
2 1 1904 1 2224
2 1 751 1 1071
2 1 1903 1 2223
2 1 943 1 1903
2 1 943 1 2223
2 1 750 1 1070
2 1 942 1 2222
2 1 749 1 1069
2 1 941 1 1901
2 1 941 1 2221
2 1 1901 1 2221
2 1 1900 1 2220
2 1 940 1 2220
2 1 940 1 1900
2 1 1003 1 1323
2 1 1771 1 2091
2 1 1451 1 1771
2 1 1451 1 2091
2 1 1194 1 1514
2 1 745 1 2025
2 1 938 1 2218
2 1 873 1 1193
2 1 1000 1 1320
2 1 1192 1 1512
2 1 872 1 1192
2 1 872 1 1512
2 1 1319 1 1639
2 1 743 1 2023
2 1 1895 1 2215
2 1 871 1 1191
2 1 1191 1 1511
2 1 871 1 1511
2 1 742 1 2022
2 1 1318 1 1638
2 1 998 1 1638
2 1 998 1 1318
2 1 870 1 1510
2 1 870 1 1190
2 1 1190 1 1510
2 1 997 1 1317
2 1 1317 1 1637
2 1 997 1 1637
2 1 1445 1 1765
2 1 869 1 1189
2 1 869 1 1509
2 1 1189 1 1509
2 1 1893 1 2213
2 1 740 1 2020
2 1 739 1 1059
2 1 739 1 2019
2 1 1059 1 2019
2 1 738 1 2018
2 1 930 1 2210
2 1 1313 1 1633
2 1 993 1 1633
2 1 993 1 1313
2 1 1762 1 2082
2 1 1442 1 1762
2 1 1442 1 2082
2 1 866 1 1186
2 1 737 1 1057
2 1 737 1 2017
2 1 1057 1 2017
2 1 1056 1 2016
2 1 736 1 1056
2 1 736 1 2016
2 1 735 1 2015
2 1 735 1 1055
2 1 1055 1 2015
2 1 1439 1 1759
2 1 1759 1 2079
2 1 1439 1 2079
2 1 734 1 1054
2 1 1053 1 2013
2 1 733 1 1053
2 1 733 1 2013
2 1 926 1 2206
2 1 1437 1 2077
2 1 732 1 1052
2 1 925 1 1885
2 1 731 1 2011
2 1 731 1 1051
2 1 1051 1 2011
2 1 924 1 1884
2 1 923 1 1883
2 1 1883 1 2203
2 1 923 1 2203
2 1 1050 1 2010
2 1 730 1 2010
2 1 730 1 1050
2 1 922 1 1882
2 1 729 1 1049
2 1 1881 1 2201
2 1 921 1 1881
2 1 921 1 2201
2 1 728 1 2008
2 1 1303 1 1623
2 1 1752 1 2072
2 1 856 1 1496
2 1 856 1 1176
2 1 1176 1 1496
2 1 920 1 1880
2 1 727 1 1047
2 1 726 1 1046
2 1 1879 1 2199
2 1 1750 1 2070
2 1 918 1 1878
2 1 980 1 1300
2 1 1173 1 1493
2 1 1429 1 1749
2 1 917 1 1877
2 1 917 1 2197
2 1 1877 1 2197
2 1 1428 1 2068
2 1 1043 1 2003
2 1 723 1 2003
2 1 723 1 1043
2 1 1876 1 2196
2 1 1427 1 2067
2 1 1042 1 2002
2 1 915 1 1875
2 1 1426 1 1746
2 1 721 1 1041
2 1 721 1 2001
2 1 1041 1 2001
2 1 720 1 2000
2 1 913 1 2193
2 1 913 1 1873
2 1 1873 1 2193
2 1 912 1 2192
2 1 1168 1 1488
2 1 848 1 1488
2 1 848 1 1168
2 1 975 1 1295
2 1 975 1 1615
2 1 1295 1 1615
2 1 1039 1 1999
2 1 719 1 1999
2 1 719 1 1039
2 1 1871 1 2191
2 1 718 1 1998
2 1 910 1 1870
2 1 846 1 1486
2 1 973 1 1613
2 1 1293 1 1613
2 1 973 1 1293
2 1 717 1 1037
2 1 716 1 1996
2 1 844 1 1164
2 1 908 1 1868
2 1 715 1 1995
2 1 970 1 1610
2 1 1034 1 1994
2 1 714 1 1994
2 1 714 1 1034
2 1 713 1 1993
2 1 1033 1 1993
2 1 713 1 1033
2 1 905 1 2185
2 1 1032 1 1992
2 1 712 1 1992
2 1 712 1 1032
2 1 904 1 2184
2 1 1159 1 1479
2 1 839 1 1159
2 1 839 1 1479
2 1 903 1 1863
2 1 1862 1 2182
2 1 965 1 1285
2 1 1414 1 1734
2 1 1414 1 2054
2 1 1734 1 2054
2 1 838 1 1478
2 1 838 1 1158
2 1 1158 1 1478
2 1 709 1 1989
2 1 709 1 1029
2 1 1029 1 1989
2 1 1028 1 1988
2 1 1861 1 2181
2 1 1732 1 2052
2 1 1412 1 1732
2 1 1412 1 2052
2 1 1860 1 2180
2 1 900 1 2180
2 1 900 1 1860
2 1 707 1 1027
2 1 1026 1 1986
2 1 706 1 1026
2 1 706 1 1986
2 1 899 1 2179
2 1 899 1 1859
2 1 1859 1 2179
2 1 1858 1 2178
2 1 898 1 2178
2 1 898 1 1858
2 1 705 1 1985
2 1 1025 1 1985
2 1 705 1 1025
2 1 897 1 2177
2 1 1409 1 1729
2 1 704 1 1984
2 1 896 1 1856
2 1 896 1 2176
2 1 1856 1 2176
3 1 575 1 771 1 1731
3 1 593 1 1269 1 1909
3 1 593 1 1269 1 2229
3 1 517 1 777 1 1417
3 1 425 1 834 1 1794
3 1 419 1 1212 1 1852
3 1 346 1 1059 1 1379
3 1 638 1 930 1 1250
3 1 517 1 777 1 2057
3 1 555 1 815 1 1775
3 1 619 1 1231 1 2191
3 1 555 1 815 1 2095
3 1 388 1 1181 1 1821
3 1 491 1 1300 1 1940
3 1 538 1 798 1 2078
3 1 421 1 1214 1 1854
3 1 491 1 980 1 1940
3 1 471 1 1600 1 1920
3 1 527 1 787 1 2067
3 1 388 1 1501 1 1821
3 1 544 1 804 1 2084
3 1 555 1 815 1 1455
3 1 394 1 1187 1 1827
3 1 498 1 1307 1 1947
3 1 613 1 1225 1 2185
3 1 498 1 1627 1 1947
3 1 544 1 804 1 1764
3 1 585 1 941 1 1261
3 1 585 1 1261 1 1901
3 1 557 1 817 1 1457
3 1 517 1 777 1 1737
3 1 585 1 1261 1 2221
3 1 607 1 899 1 1219
3 1 618 1 1230 1 1870
3 1 543 1 803 1 1763
3 1 444 1 1173 1 1813
3 1 509 1 1894 1 2214
3 1 350 1 1383 1 2023
3 1 350 1 743 1 1383
3 1 501 1 1310 1 1950
3 1 587 1 1263 1 2223
3 1 404 1 1197 1 1837
3 1 618 1 910 1 1230
3 1 382 1 1351 1 1991
3 1 626 1 918 1 1238
3 1 363 1 1396 1 2036
3 1 513 1 773 1 2053
3 1 580 1 1256 1 1896
3 1 398 1 1767 1 2087
3 1 578 1 1254 1 1894
3 1 398 1 1447 1 1767
3 1 371 1 764 1 1404
3 1 605 1 1217 1 2177
3 1 397 1 1190 1 1830
3 1 639 1 1251 1 2211
3 1 394 1 867 1 1827
3 1 624 1 1236 1 2196
3 1 511 1 1896 1 2216
3 1 575 1 771 1 1411
3 1 389 1 1758 1 2078
3 1 425 1 1474 1 1794
3 1 471 1 1280 1 1920
3 1 595 1 1207 1 1527
3 1 471 1 960 1 1920
3 1 574 1 770 1 2050
3 1 574 1 770 1 1730
3 1 483 1 1868 1 2188
