425 2240
2 1 1467 1 2107
2 1 1785 1 2105
2 1 1787 1 2107
2 1 1467 1 1787
2 1 1456 1 1776
2 1 1450 1 2090
2 1 1450 1 1770
2 1 1770 1 2090
2 1 1447 1 2087
2 1 1456 1 2096
2 1 1776 1 2096
2 1 1767 1 2087
2 1 1447 1 1767
2 1 1444 1 1764
2 1 1444 1 2084
2 1 1764 1 2084
2 1 1435 1 1755
2 1 1435 1 2075
2 1 1755 1 2075
2 1 1434 1 2074
2 1 1429 1 1749
2 1 1749 1 2069
2 1 1429 1 2069
2 1 1285 1 1605
2 1 1732 1 2052
2 1 1284 1 1604
2 1 1283 1 1603
2 1 967 1 1607
2 1 967 1 1287
2 1 1744 1 2064
2 1 1287 1 1607
2 1 1020 1 1340
2 1 1281 1 1601
2 1 1019 1 1659
2 1 1424 1 2064
2 1 1424 1 1744
2 1 1414 1 1734
2 1 1466 1 1786
2 1 1337 1 1657
2 1 1017 1 1657
2 1 1017 1 1337
2 1 1007 1 1647
2 1 1005 1 1645
2 1 1452 1 1772
2 1 1003 1 1323
2 1 1005 1 1325
2 1 1325 1 1645
2 1 1001 1 1321
2 1 1321 1 1641
2 1 1001 1 1641
2 1 999 1 1319
2 1 1446 1 1766
2 1 1317 1 1637
2 1 993 1 1633
2 1 1311 1 1631
2 1 1313 1 1633
2 1 991 1 1631
2 1 991 1 1311
2 1 1309 1 1629
2 1 988 1 1628
2 1 993 1 1313
2 1 1308 1 1628
2 1 988 1 1308
2 1 987 1 1307
2 1 986 1 1626
2 1 1306 1 1626
2 1 986 1 1306
2 1 977 1 1297
2 1 1155 1 1475
2 1 835 1 1155
2 1 835 1 1475
2 1 1154 1 1474
2 1 1409 1 2049
2 1 1409 1 1729
2 1 1729 1 2049
2 1 1152 1 1472
2 1 832 1 1152
2 1 832 1 1472
2 1 1343 1 1663
2 1 1023 1 1343
2 1 1023 1 1663
2 1 1212 1 1532
2 1 1211 1 1531
2 1 890 1 1530
2 1 890 1 1210
2 1 1210 1 1530
2 1 889 1 1209
2 1 888 1 1528
2 1 1208 1 1528
2 1 888 1 1208
2 1 1783 1 2103
2 1 1016 1 1336
2 1 1336 1 1656
2 1 1016 1 1656
2 1 1015 1 1655
2 1 1335 1 1655
2 1 1015 1 1335
2 1 885 1 1205
2 1 1458 1 1778
2 1 1778 1 2098
2 1 1458 1 2098
2 1 1777 1 2097
2 1 1459 1 2099
2 1 880 1 1520
2 1 1779 1 2099
2 1 1459 1 1779
2 1 880 1 1200
2 1 1200 1 1520
2 1 1199 1 1519
2 1 879 1 1519
2 1 1198 1 1518
2 1 1453 1 1773
2 1 876 1 1196
2 1 1451 1 1771
2 1 879 1 1199
2 1 874 1 1194
2 1 870 1 1510
2 1 998 1 1318
2 1 871 1 1511
2 1 1188 1 1508
2 1 1441 1 1761
2 1 1441 1 2081
2 1 1761 1 2081
2 1 864 1 1504
2 1 1184 1 1504
2 1 864 1 1184
2 1 1180 1 1500
2 1 859 1 1179
2 1 858 1 1178
2 1 1178 1 1498
2 1 858 1 1498
2 1 857 1 1497
2 1 1177 1 1497
2 1 857 1 1177
2 1 985 1 1625
2 1 985 1 1305
2 1 1305 1 1625
2 1 1751 1 2071
2 1 1304 1 1624
2 1 853 1 1173
2 1 851 1 1171
2 1 851 1 1491
2 1 1748 1 2068
2 1 1171 1 1491
2 1 1428 1 1748
2 1 978 1 1618
2 1 1428 1 2068
2 1 978 1 1298
2 1 1298 1 1618
2 1 1168 1 1488
2 1 1167 1 1487
2 1 847 1 1487
2 1 847 1 1167
2 1 1422 1 2062
2 1 1421 1 2061
2 1 844 1 1484
2 1 971 1 1611
2 1 971 1 1291
2 1 1291 1 1611
2 1 1415 1 1735
2 1 838 1 1158
2 1 837 1 1157
2 1 1156 1 1476
2 1 1856 1 2176
2 1 1408 1 1728
2 1 767 1 1087
2 1 767 1 2047
2 1 1087 1 2047
2 1 1471 1 2111
2 1 1791 1 2111
2 1 1471 1 1791
2 1 766 1 2046
2 1 959 1 2239
2 1 959 1 1919
2 1 1919 1 2239
2 1 1341 1 1661
2 1 765 1 1085
2 1 958 1 2238
2 1 1918 1 2238
2 1 958 1 1918
2 1 1789 1 2109
2 1 1469 1 2109
2 1 1469 1 1789
2 1 1084 1 2044
2 1 764 1 2044
2 1 764 1 1084
2 1 1917 1 2237
2 1 1788 1 2108
2 1 763 1 1083
2 1 1916 1 2236
2 1 956 1 1916
2 1 956 1 2236
2 1 1082 1 2042
2 1 955 1 2235
2 1 1914 1 2234
2 1 954 1 2234
2 1 954 1 1914
2 1 761 1 1081
2 1 761 1 2041
2 1 1081 1 2041
2 1 953 1 1913
2 1 953 1 2233
2 1 1913 1 2233
2 1 760 1 1080
2 1 952 1 1912
2 1 952 1 2232
2 1 1912 1 2232
2 1 951 1 1911
2 1 951 1 2231
2 1 1911 1 2231
2 1 1014 1 1654
2 1 1014 1 1334
2 1 1334 1 1654
2 1 1910 1 2230
2 1 886 1 1526
2 1 757 1 1077
2 1 1013 1 1333
2 1 1781 1 2101
2 1 756 1 2036
2 1 1204 1 1524
2 1 755 1 2035
2 1 948 1 2228
2 1 1908 1 2228
2 1 948 1 1908
2 1 1010 1 1330
2 1 1330 1 1650
2 1 1010 1 1650
2 1 754 1 2034
2 1 1906 1 2226
2 1 1009 1 1329
2 1 882 1 1522
2 1 753 1 2033
2 1 1008 1 1648
2 1 881 1 1521
2 1 752 1 1072
2 1 1904 1 2224
2 1 1071 1 2031
2 1 1455 1 1775
2 1 1775 1 2095
2 1 1455 1 2095
2 1 943 1 2223
2 1 750 1 1070
2 1 750 1 2030
2 1 1070 1 2030
2 1 749 1 2029
2 1 1902 1 2222
2 1 942 1 2222
2 1 942 1 1902
2 1 941 1 1901
2 1 877 1 1517
2 1 1068 1 2028
2 1 1324 1 1644
2 1 1004 1 1324
2 1 1004 1 1644
2 1 875 1 1195
2 1 939 1 2219
2 1 873 1 1193
2 1 1193 1 1513
2 1 873 1 1513
2 1 1449 1 1769
2 1 937 1 2217
2 1 744 1 2024
2 1 1064 1 2024
2 1 744 1 1064
2 1 743 1 1063
2 1 1896 1 2216
2 1 935 1 1895
2 1 1062 1 2022
2 1 934 1 1894
2 1 1894 1 2214
2 1 934 1 2214
2 1 741 1 2021
2 1 1765 1 2085
2 1 1445 1 2085
2 1 1445 1 1765
2 1 869 1 1189
2 1 933 1 2213
2 1 933 1 1893
2 1 1893 1 2213
2 1 740 1 2020
2 1 740 1 1060
2 1 1060 1 2020
2 1 867 1 1507
2 1 867 1 1187
2 1 1187 1 1507
2 1 1443 1 1763
2 1 931 1 2211
2 1 931 1 1891
2 1 1891 1 2211
2 1 1314 1 1634
2 1 738 1 1058
2 1 1890 1 2210
2 1 929 1 1889
2 1 1889 1 2209
2 1 929 1 2209
2 1 865 1 1185
2 1 1056 1 2016
2 1 992 1 1632
2 1 1312 1 1632
2 1 992 1 1312
2 1 1888 1 2208
2 1 1440 1 1760
2 1 990 1 1310
2 1 1439 1 1759
2 1 734 1 2014
2 1 734 1 1054
2 1 1054 1 2014
2 1 927 1 2207
2 1 733 1 1053
2 1 1437 1 2077
2 1 732 1 2012
2 1 1052 1 2012
2 1 732 1 1052
2 1 925 1 2205
2 1 731 1 1051
2 1 924 1 1884
2 1 923 1 2203
2 1 730 1 1050
2 1 1050 1 2010
2 1 730 1 2010
2 1 1882 1 2202
2 1 922 1 1882
2 1 922 1 2202
2 1 729 1 2009
2 1 729 1 1049
2 1 1049 1 2009
2 1 921 1 1881
2 1 1752 1 2072
2 1 856 1 1496
2 1 920 1 1880
2 1 1303 1 1623
2 1 1302 1 1622
2 1 1175 1 1495
2 1 1174 1 1494
2 1 854 1 1494
2 1 854 1 1174
2 1 725 1 1045
2 1 981 1 1621
2 1 916 1 1876
2 1 1876 1 2196
2 1 916 1 2196
2 1 979 1 1299
2 1 1172 1 1492
2 1 852 1 1172
2 1 852 1 1492
2 1 723 1 2003
2 1 1043 1 2003
2 1 723 1 1043
2 1 1875 1 2195
2 1 1427 1 1747
2 1 722 1 1042
2 1 722 1 2002
2 1 1042 1 2002
2 1 1426 1 2066
2 1 914 1 1874
2 1 914 1 2194
2 1 1874 1 2194
2 1 1745 1 2065
2 1 1169 1 1489
2 1 720 1 1040
2 1 1039 1 1999
2 1 719 1 1039
2 1 719 1 1999
2 1 1872 1 2192
2 1 1423 1 2063
2 1 911 1 2191
2 1 718 1 1998
2 1 973 1 1613
2 1 1293 1 1613
2 1 973 1 1293
2 1 1166 1 1486
2 1 910 1 1870
2 1 1165 1 1485
2 1 845 1 1485
2 1 845 1 1165
2 1 1292 1 1612
2 1 972 1 1292
2 1 972 1 1612
2 1 1036 1 1996
2 1 716 1 1996
2 1 716 1 1036
2 1 843 1 1163
2 1 907 1 2187
2 1 714 1 1994
2 1 969 1 1609
2 1 1738 1 2058
2 1 713 1 1993
2 1 1161 1 1481
2 1 1032 1 1992
2 1 712 1 1992
2 1 712 1 1032
2 1 1863 1 2183
2 1 903 1 1863
2 1 903 1 2183
2 1 839 1 1159
2 1 966 1 1286
2 1 1030 1 1990
2 1 710 1 1030
2 1 710 1 1990
2 1 1862 1 2182
2 1 1029 1 1989
2 1 1733 1 2053
2 1 1413 1 1733
2 1 1413 1 2053
2 1 1861 1 2181
2 1 901 1 1861
2 1 901 1 2181
2 1 1028 1 1988
2 1 708 1 1988
2 1 708 1 1028
2 1 707 1 1027
2 1 707 1 1987
2 1 1027 1 1987
2 1 900 1 2180
2 1 1859 1 2179
2 1 899 1 1859
2 1 899 1 2179
2 1 706 1 1986
2 1 1026 1 1986
2 1 706 1 1026
2 1 898 1 1858
2 1 960 1 1280
2 1 1024 1 1984
2 1 704 1 1984
2 1 704 1 1024
