518 2240
2 1 1786 1 2106
2 1 1465 1 2105
2 1 1465 1 1785
2 1 1785 1 2105
2 1 1775 1 2095
2 1 1455 1 1775
2 1 1455 1 2095
2 1 1773 1 2093
2 1 1453 1 1773
2 1 1453 1 2093
2 1 1772 1 2092
2 1 1445 1 2085
2 1 1445 1 1765
2 1 1765 1 2085
2 1 1764 1 2084
2 1 1441 1 2081
2 1 1755 1 2075
2 1 1435 1 1755
2 1 1435 1 2075
2 1 1432 1 2072
2 1 1752 1 2072
2 1 1432 1 1752
2 1 1742 1 2062
2 1 1423 1 2063
2 1 1743 1 2063
2 1 1424 1 1744
2 1 1412 1 1732
2 1 1423 1 1743
2 1 1744 1 2064
2 1 1424 1 2064
2 1 1732 1 2052
2 1 1412 1 2052
2 1 1410 1 1730
2 1 1730 1 2050
2 1 1410 1 2050
2 1 974 1 1294
2 1 975 1 1615
2 1 975 1 1295
2 1 1295 1 1615
2 1 1421 1 1741
2 1 1417 1 1737
2 1 965 1 1285
2 1 965 1 1605
2 1 1285 1 1605
2 1 961 1 1281
2 1 1281 1 1601
2 1 961 1 1601
2 1 1020 1 1660
2 1 1020 1 1340
2 1 1340 1 1660
2 1 1019 1 1339
2 1 1339 1 1659
2 1 1019 1 1659
2 1 1467 1 1787
2 1 1018 1 1338
2 1 1338 1 1658
2 1 1018 1 1658
2 1 1454 1 1774
2 1 1005 1 1645
2 1 1448 1 1768
2 1 996 1 1316
2 1 996 1 1636
2 1 1316 1 1636
2 1 1315 1 1635
2 1 1313 1 1633
2 1 992 1 1312
2 1 992 1 1632
2 1 1312 1 1632
2 1 1309 1 1629
2 1 989 1 1629
2 1 988 1 1308
2 1 1311 1 1631
2 1 987 1 1307
2 1 989 1 1309
2 1 985 1 1625
2 1 835 1 1155
2 1 835 1 1475
2 1 1155 1 1475
2 1 1154 1 1474
2 1 982 1 1302
2 1 1302 1 1622
2 1 982 1 1622
2 1 1152 1 1472
2 1 1023 1 1663
2 1 1343 1 1663
2 1 1023 1 1343
2 1 1213 1 1533
2 1 1212 1 1532
2 1 1209 1 1529
2 1 889 1 1209
2 1 889 1 1529
2 1 1017 1 1657
2 1 1017 1 1337
2 1 1337 1 1657
2 1 1461 1 1781
2 1 886 1 1526
2 1 1461 1 2101
2 1 886 1 1206
2 1 1781 1 2101
2 1 1206 1 1526
2 1 1460 1 2100
2 1 1780 1 2100
2 1 1460 1 1780
2 1 1333 1 1653
2 1 1013 1 1333
2 1 1013 1 1653
2 1 1202 1 1522
2 1 1776 1 2096
2 1 1456 1 1776
2 1 1456 1 2096
2 1 1009 1 1329
2 1 1199 1 1519
2 1 879 1 1199
2 1 879 1 1519
2 1 1198 1 1518
2 1 878 1 1518
2 1 877 1 1197
2 1 878 1 1198
2 1 1196 1 1516
2 1 876 1 1196
2 1 876 1 1516
2 1 1324 1 1644
2 1 1770 1 2090
2 1 1323 1 1643
2 1 873 1 1513
2 1 873 1 1193
2 1 1193 1 1513
2 1 868 1 1508
2 1 1188 1 1508
2 1 868 1 1188
2 1 1187 1 1507
2 1 867 1 1187
2 1 867 1 1507
2 1 1186 1 1506
2 1 1185 1 1505
2 1 865 1 1505
2 1 865 1 1185
2 1 864 1 1184
2 1 863 1 1183
2 1 862 1 1182
2 1 1184 1 1504
2 1 864 1 1504
2 1 1181 1 1501
2 1 858 1 1498
2 1 1306 1 1626
2 1 1176 1 1496
2 1 1175 1 1495
2 1 855 1 1495
2 1 855 1 1175
2 1 853 1 1173
2 1 1428 1 1748
2 1 1300 1 1620
2 1 980 1 1300
2 1 980 1 1620
2 1 1425 1 2065
2 1 1168 1 1488
2 1 848 1 1168
2 1 848 1 1488
2 1 847 1 1487
2 1 1166 1 1486
2 1 846 1 1486
2 1 846 1 1166
2 1 845 1 1485
2 1 844 1 1164
2 1 1739 1 2059
2 1 1418 1 1738
2 1 1291 1 1611
2 1 841 1 1161
2 1 1286 1 1606
2 1 840 1 1160
2 1 959 1 2239
2 1 1342 1 1662
2 1 1022 1 1342
2 1 1022 1 1662
2 1 895 1 1215
2 1 1341 1 1661
2 1 1790 1 2110
2 1 894 1 1214
2 1 765 1 2045
2 1 1085 1 2045
2 1 765 1 1085
2 1 1469 1 1789
2 1 1469 1 2109
2 1 1789 1 2109
2 1 1084 1 2044
2 1 764 1 1084
2 1 764 1 2044
2 1 763 1 1083
2 1 956 1 2236
2 1 956 1 1916
2 1 1916 1 2236
2 1 955 1 2235
2 1 1915 1 2235
2 1 955 1 1915
2 1 762 1 1082
2 1 1082 1 2042
2 1 762 1 2042
2 1 1914 1 2234
2 1 954 1 1914
2 1 954 1 2234
2 1 761 1 2041
2 1 761 1 1081
2 1 1081 1 2041
2 1 1913 1 2233
2 1 953 1 1913
2 1 953 1 2233
2 1 760 1 2040
2 1 1464 1 2104
2 1 888 1 1208
2 1 1208 1 1528
2 1 888 1 1528
2 1 1912 1 2232
2 1 952 1 1912
2 1 952 1 2232
2 1 1079 1 2039
2 1 759 1 2039
2 1 759 1 1079
2 1 758 1 1078
2 1 950 1 1910
2 1 885 1 1525
2 1 1012 1 1652
2 1 1908 1 2228
2 1 1011 1 1331
2 1 884 1 1524
2 1 1204 1 1524
2 1 884 1 1204
2 1 1459 1 2099
2 1 1779 1 2099
2 1 1459 1 1779
2 1 883 1 1523
2 1 883 1 1203
2 1 1203 1 1523
2 1 1010 1 1650
2 1 754 1 1074
2 1 1458 1 2098
2 1 1777 1 2097
2 1 1201 1 1521
2 1 945 1 1905
2 1 1007 1 1327
2 1 751 1 2031
2 1 1071 1 2031
2 1 751 1 1071
2 1 1904 1 2224
2 1 1070 1 2030
2 1 942 1 2222
2 1 942 1 1902
2 1 1902 1 2222
2 1 749 1 1069
2 1 941 1 2221
2 1 941 1 1901
2 1 1901 1 2221
2 1 1068 1 2028
2 1 748 1 1068
2 1 748 1 2028
2 1 1900 1 2220
2 1 940 1 2220
2 1 940 1 1900
2 1 747 1 2027
2 1 939 1 1899
2 1 1899 1 2219
2 1 939 1 2219
2 1 1002 1 1642
2 1 1002 1 1322
2 1 1322 1 1642
2 1 875 1 1515
2 1 1001 1 1321
2 1 1321 1 1641
2 1 1001 1 1641
2 1 1065 1 2025
2 1 744 1 1064
2 1 744 1 2024
2 1 1064 1 2024
2 1 743 1 2023
2 1 935 1 2215
2 1 935 1 1895
2 1 1895 1 2215
2 1 998 1 1638
2 1 1318 1 1638
2 1 998 1 1318
2 1 871 1 1191
2 1 742 1 2022
2 1 997 1 1317
2 1 997 1 1637
2 1 1317 1 1637
2 1 741 1 2021
2 1 1061 1 2021
2 1 741 1 1061
2 1 932 1 2212
2 1 1892 1 2212
2 1 932 1 1892
2 1 1059 1 2019
2 1 1763 1 2083
2 1 1443 1 1763
2 1 1443 1 2083
2 1 931 1 2211
2 1 1891 1 2211
2 1 931 1 1891
2 1 738 1 2018
2 1 738 1 1058
2 1 1058 1 2018
2 1 1057 1 2017
2 1 737 1 1057
2 1 737 1 2017
2 1 930 1 1890
2 1 930 1 2210
2 1 1890 1 2210
2 1 736 1 1056
2 1 928 1 1888
2 1 735 1 1055
2 1 1887 1 2207
2 1 927 1 1887
2 1 927 1 2207
2 1 734 1 1054
2 1 1438 1 2078
2 1 1438 1 1758
2 1 1758 1 2078
2 1 926 1 2206
2 1 733 1 1053
2 1 1437 1 2077
2 1 1757 1 2077
2 1 1437 1 1757
2 1 732 1 2012
2 1 1052 1 2012
2 1 732 1 1052
2 1 1885 1 2205
2 1 925 1 1885
2 1 925 1 2205
2 1 1756 1 2076
2 1 731 1 1051
2 1 924 1 1884
2 1 1884 1 2204
2 1 924 1 2204
2 1 730 1 1050
2 1 1050 1 2010
2 1 730 1 2010
2 1 1883 1 2203
2 1 923 1 2203
2 1 923 1 1883
2 1 1882 1 2202
2 1 922 1 1882
2 1 922 1 2202
2 1 1434 1 1754
2 1 984 1 1624
2 1 1433 1 1753
2 1 1433 1 2073
2 1 1753 1 2073
2 1 728 1 2008
2 1 1048 1 2008
2 1 728 1 1048
2 1 921 1 2201
2 1 921 1 1881
2 1 1881 1 2201
2 1 727 1 1047
2 1 727 1 2007
2 1 1047 1 2007
2 1 1879 1 2199
2 1 919 1 2199
2 1 919 1 1879
2 1 918 1 1878
2 1 854 1 1494
2 1 981 1 1301
2 1 1749 1 2069
2 1 1172 1 1492
2 1 979 1 1619
2 1 916 1 2196
2 1 851 1 1171
2 1 722 1 2002
2 1 978 1 1298
2 1 1746 1 2066
2 1 850 1 1170
2 1 721 1 2001
2 1 976 1 1296
2 1 1169 1 1489
2 1 720 1 1040
2 1 1039 1 1999
2 1 911 1 2191
2 1 1038 1 1998
2 1 718 1 1038
2 1 718 1 1998
2 1 910 1 1870
2 1 910 1 2190
2 1 1870 1 2190
2 1 717 1 1037
2 1 717 1 1997
2 1 1037 1 1997
2 1 909 1 2189
2 1 716 1 1036
2 1 1036 1 1996
2 1 716 1 1996
2 1 1420 1 2060
2 1 1868 1 2188
2 1 908 1 2188
2 1 908 1 1868
2 1 907 1 1867
2 1 1289 1 1609
2 1 969 1 1609
2 1 969 1 1289
2 1 842 1 1482
2 1 713 1 1033
2 1 1032 1 1992
2 1 904 1 1864
2 1 904 1 2184
2 1 1864 1 2184
2 1 1416 1 1736
2 1 1031 1 1991
2 1 711 1 1031
2 1 711 1 1991
2 1 1415 1 2055
2 1 1030 1 1990
2 1 1863 1 2183
2 1 903 1 2183
2 1 903 1 1863
2 1 709 1 1989
2 1 902 1 1862
2 1 964 1 1284
2 1 1028 1 1988
2 1 901 1 1861
2 1 1731 1 2051
2 1 1411 1 1731
2 1 1411 1 2051
2 1 1859 1 2179
2 1 899 1 1859
2 1 899 1 2179
2 1 1026 1 1986
2 1 706 1 1986
2 1 706 1 1026
2 1 1858 1 2178
2 1 898 1 1858
2 1 898 1 2178
2 1 897 1 2177
2 1 1857 1 2177
2 1 897 1 1857
2 1 1729 1 2049
2 1 833 1 1473
2 1 1153 1 1473
2 1 833 1 1153
2 1 960 1 1600
2 1 1280 1 1600
2 1 960 1 1280
2 1 1024 1 1984
2 1 704 1 1984
2 1 704 1 1024
2 1 1856 1 2176
3 1 452 1 1005 1 1965
3 1 614 1 1226 1 2186
3 1 599 1 955 1 1275
3 1 583 1 1259 1 2219
3 1 583 1 939 1 1259
3 1 452 1 1645 1 1965
3 1 603 1 959 1 1279
3 1 603 1 1279 1 2239
3 1 332 1 1045 1 1365
3 1 583 1 1259 1 1899
3 1 389 1 862 1 1822
3 1 562 1 822 1 2102
3 1 566 1 826 1 2106
3 1 380 1 1349 1 1989
3 1 459 1 1652 1 1972
3 1 500 1 1309 1 1949
3 1 500 1 989 1 1949
3 1 392 1 1441 1 1761
3 1 566 1 826 1 1786
3 1 525 1 785 1 1425
3 1 392 1 1761 1 2081
3 1 541 1 801 1 2081
3 1 525 1 785 1 2065
3 1 631 1 1179 1 1499
3 1 555 1 815 1 2095
3 1 555 1 815 1 1775
3 1 541 1 801 1 1441
3 1 588 1 1264 1 2224
3 1 540 1 800 1 1760
3 1 555 1 815 1 1455
3 1 481 1 1610 1 1930
3 1 505 1 1314 1 1954
3 1 579 1 1255 1 1895
3 1 544 1 804 1 1764
3 1 542 1 802 1 2082
3 1 339 1 1052 1 1372
3 1 455 1 1328 1 1968
3 1 531 1 791 1 2071
3 1 579 1 935 1 1255
3 1 588 1 1200 1 1520
3 1 459 1 1012 1 1972
3 1 349 1 1382 1 2022
3 1 399 1 1192 1 1832
3 1 579 1 1255 1 2215
3 1 434 1 1483 1 1803
3 1 406 1 879 1 1839
3 1 425 1 1154 1 1794
3 1 501 1 1310 1 1950
3 1 504 1 1313 1 1953
3 1 493 1 1622 1 1942
3 1 544 1 804 1 2084
3 1 343 1 1056 1 1376
3 1 574 1 770 1 1410
3 1 626 1 918 1 1238
3 1 593 1 885 1 1205
3 1 565 1 825 1 1465
3 1 605 1 1217 1 2177
3 1 627 1 919 1 1239
3 1 352 1 1385 1 2025
3 1 616 1 1228 1 2188
3 1 365 1 1078 1 1398
3 1 614 1 1162 1 1482
3 1 404 1 877 1 1837
3 1 482 1 907 1 2187
3 1 503 1 928 1 2208
3 1 556 1 752 1 2032
3 1 586 1 942 1 1262
3 1 393 1 1186 1 1826
3 1 503 1 1888 1 2208
3 1 606 1 1218 1 2178
3 1 471 1 960 1 1920
3 1 349 1 742 1 1382
3 1 504 1 1633 1 1953
3 1 322 1 715 1 1355
3 1 519 1 779 1 1739
