432 2240
2 1 1466 1 1786
2 1 1786 1 2106
2 1 1466 1 2106
2 1 1463 1 1783
2 1 1463 1 2103
2 1 1783 1 2103
2 1 1774 1 2094
2 1 1454 1 2094
2 1 1773 1 2093
2 1 1454 1 1774
2 1 1766 1 2086
2 1 1446 1 2086
2 1 1446 1 1766
2 1 1445 1 1765
2 1 1445 1 2085
2 1 1765 1 2085
2 1 1753 1 2073
2 1 1433 1 2073
2 1 1433 1 1753
2 1 1432 1 2072
2 1 1748 1 2068
2 1 1428 1 1748
2 1 1428 1 2068
2 1 1743 1 2063
2 1 1423 1 2063
2 1 1426 1 1746
2 1 1423 1 1743
2 1 1746 1 2066
2 1 1742 1 2062
2 1 1422 1 1742
2 1 1426 1 2066
2 1 1422 1 2062
2 1 1731 1 2051
2 1 1416 1 1736
2 1 1412 1 1732
2 1 1471 1 1791
2 1 1340 1 1660
2 1 1020 1 1340
2 1 1020 1 1660
2 1 1018 1 1338
2 1 1018 1 1658
2 1 1022 1 1342
2 1 1016 1 1336
2 1 1338 1 1658
2 1 1013 1 1653
2 1 1013 1 1333
2 1 1333 1 1653
2 1 1007 1 1647
2 1 1327 1 1647
2 1 1456 1 1776
2 1 1007 1 1327
2 1 1005 1 1645
2 1 998 1 1318
2 1 1442 1 1762
2 1 985 1 1625
2 1 985 1 1305
2 1 1305 1 1625
2 1 1439 1 1759
2 1 979 1 1299
2 1 990 1 1310
2 1 979 1 1619
2 1 1299 1 1619
2 1 1297 1 1617
2 1 977 1 1297
2 1 977 1 1617
2 1 835 1 1155
2 1 834 1 1474
2 1 1409 1 2049
2 1 1282 1 1602
2 1 893 1 1213
2 1 1211 1 1531
2 1 1210 1 1530
2 1 1729 1 2049
2 1 1409 1 1729
2 1 1781 1 2101
2 1 1334 1 1654
2 1 1014 1 1654
2 1 1014 1 1334
2 1 884 1 1204
2 1 884 1 1524
2 1 1204 1 1524
2 1 886 1 1206
2 1 1011 1 1331
2 1 889 1 1529
2 1 1206 1 1526
2 1 1455 1 2095
2 1 886 1 1526
2 1 878 1 1518
2 1 889 1 1209
2 1 1198 1 1518
2 1 1209 1 1529
2 1 1283 1 1603
2 1 963 1 1283
2 1 963 1 1603
2 1 878 1 1198
2 1 877 1 1517
2 1 876 1 1196
2 1 876 1 1516
2 1 1196 1 1516
2 1 1324 1 1644
2 1 1450 1 2090
2 1 1323 1 1643
2 1 1003 1 1643
2 1 1003 1 1323
2 1 1769 1 2089
2 1 1449 1 1769
2 1 1449 1 2089
2 1 871 1 1191
2 1 1448 1 1768
2 1 1190 1 1510
2 1 869 1 1189
2 1 869 1 1509
2 1 1189 1 1509
2 1 1764 1 2084
2 1 1317 1 1637
2 1 997 1 1317
2 1 997 1 1637
2 1 1763 1 2083
2 1 1443 1 1763
2 1 1443 1 2083
2 1 996 1 1316
2 1 1441 1 1761
2 1 864 1 1184
2 1 1311 1 1631
2 1 1435 1 1755
2 1 856 1 1176
2 1 1304 1 1624
2 1 1176 1 1496
2 1 983 1 1623
2 1 856 1 1496
2 1 1186 1 1506
2 1 853 1 1173
2 1 852 1 1172
2 1 980 1 1620
2 1 980 1 1300
2 1 1300 1 1620
2 1 866 1 1186
2 1 1169 1 1489
2 1 1167 1 1487
2 1 846 1 1486
2 1 1294 1 1614
2 1 973 1 1613
2 1 849 1 1489
2 1 849 1 1169
2 1 1419 1 1739
2 1 1419 1 2059
2 1 1739 1 2059
2 1 1160 1 1480
2 1 866 1 1506
2 1 1414 1 2054
2 1 1413 1 2053
2 1 1733 1 2053
2 1 1413 1 1733
2 1 836 1 1156
2 1 767 1 1087
2 1 1023 1 1663
2 1 1470 1 1790
2 1 832 1 1472
2 1 1156 1 1476
2 1 836 1 1476
2 1 766 1 2046
2 1 958 1 2238
2 1 1085 1 2045
2 1 765 1 1085
2 1 765 1 2045
2 1 1917 1 2237
2 1 1469 1 1789
2 1 1084 1 2044
2 1 764 1 2044
2 1 764 1 1084
2 1 1468 1 2108
2 1 1468 1 1788
2 1 1788 1 2108
2 1 1083 1 2043
2 1 956 1 2236
2 1 956 1 1916
2 1 1916 1 2236
2 1 1082 1 2042
2 1 762 1 1082
2 1 762 1 2042
2 1 955 1 2235
2 1 955 1 1915
2 1 1915 1 2235
2 1 1081 1 2041
2 1 954 1 1914
2 1 953 1 2233
2 1 1913 1 2233
2 1 953 1 1913
2 1 760 1 2040
2 1 1335 1 1655
2 1 1464 1 1784
2 1 888 1 1208
2 1 1912 1 2232
2 1 952 1 1912
2 1 952 1 2232
2 1 1079 1 2039
2 1 758 1 1078
2 1 950 1 2230
2 1 1910 1 2230
2 1 950 1 1910
2 1 949 1 1909
2 1 885 1 1205
2 1 756 1 1076
2 1 1012 1 1332
2 1 1459 1 1779
2 1 1780 1 2100
2 1 1908 1 2228
2 1 755 1 2035
2 1 1010 1 1330
2 1 1010 1 1650
2 1 1330 1 1650
2 1 1203 1 1523
2 1 947 1 2227
2 1 1906 1 2226
2 1 1329 1 1649
2 1 1009 1 1329
2 1 1009 1 1649
2 1 1778 1 2098
2 1 1458 1 1778
2 1 1458 1 2098
2 1 882 1 1202
2 1 1073 1 2033
2 1 753 1 2033
2 1 753 1 1073
2 1 752 1 2032
2 1 752 1 1072
2 1 1072 1 2032
2 1 1905 1 2225
2 1 944 1 1904
2 1 1904 1 2224
2 1 944 1 2224
2 1 943 1 2223
2 1 943 1 1903
2 1 1903 1 2223
2 1 1006 1 1646
2 1 879 1 1199
2 1 1070 1 2030
2 1 750 1 1070
2 1 750 1 2030
2 1 749 1 2029
2 1 1069 1 2029
2 1 749 1 1069
2 1 1901 1 2221
2 1 941 1 2221
2 1 941 1 1901
2 1 1068 1 2028
2 1 748 1 2028
2 1 748 1 1068
2 1 1900 1 2220
2 1 940 1 1900
2 1 940 1 2220
2 1 939 1 1899
2 1 1001 1 1321
2 1 873 1 1193
2 1 1193 1 1513
2 1 873 1 1513
2 1 872 1 1512
2 1 1192 1 1512
2 1 872 1 1192
2 1 743 1 2023
2 1 1063 1 2023
2 1 743 1 1063
2 1 1447 1 1767
2 1 1767 1 2087
2 1 1447 1 2087
2 1 1895 1 2215
2 1 1062 1 2022
2 1 741 1 1061
2 1 1061 1 2021
2 1 741 1 2021
2 1 934 1 2214
2 1 933 1 1893
2 1 1893 1 2213
2 1 933 1 2213
2 1 868 1 1508
2 1 1892 1 2212
2 1 932 1 2212
2 1 932 1 1892
2 1 867 1 1187
2 1 867 1 1507
2 1 1187 1 1507
2 1 738 1 1058
2 1 1890 1 2210
2 1 929 1 1889
2 1 929 1 2209
2 1 1889 1 2209
2 1 992 1 1632
2 1 992 1 1312
2 1 1312 1 1632
2 1 865 1 1185
2 1 736 1 2016
2 1 736 1 1056
2 1 1056 1 2016
2 1 1888 1 2208
2 1 735 1 1055
2 1 1055 1 2015
2 1 735 1 2015
2 1 927 1 2207
2 1 734 1 2014
2 1 926 1 1886
2 1 926 1 2206
2 1 1886 1 2206
2 1 862 1 1182
2 1 1053 1 2013
2 1 989 1 1309
2 1 1757 1 2077
2 1 1437 1 1757
2 1 1437 1 2077
2 1 732 1 2012
2 1 987 1 1307
2 1 1180 1 1500
2 1 731 1 2011
2 1 924 1 2204
2 1 986 1 1626
2 1 986 1 1306
2 1 1306 1 1626
2 1 730 1 1050
2 1 1882 1 2202
2 1 1049 1 2009
2 1 729 1 1049
2 1 729 1 2009
2 1 921 1 1881
2 1 920 1 2200
2 1 920 1 1880
2 1 1880 1 2200
2 1 727 1 2007
2 1 1302 1 1622
2 1 1751 1 2071
2 1 1175 1 1495
2 1 855 1 1175
2 1 855 1 1495
2 1 919 1 1879
2 1 726 1 2006
2 1 1174 1 1494
2 1 725 1 1045
2 1 724 1 1044
2 1 916 1 2196
2 1 916 1 1876
2 1 1876 1 2196
2 1 915 1 1875
2 1 1875 1 2195
2 1 915 1 2195
2 1 978 1 1298
2 1 851 1 1491
2 1 1042 1 2002
2 1 722 1 2002
2 1 722 1 1042
2 1 721 1 2001
2 1 1041 1 2001
2 1 721 1 1041
2 1 1874 1 2194
2 1 1745 1 2065
2 1 1425 1 2065
2 1 1425 1 1745
2 1 913 1 2193
2 1 913 1 1873
2 1 1873 1 2193
2 1 720 1 1040
2 1 1744 1 2064
2 1 1039 1 1999
2 1 719 1 1039
2 1 719 1 1999
2 1 1872 1 2192
2 1 912 1 1872
2 1 912 1 2192
2 1 1038 1 1998
2 1 1871 1 2191
2 1 718 1 1038
2 1 911 1 2191
2 1 718 1 1998
2 1 911 1 1871
2 1 910 1 2190
2 1 717 1 1997
2 1 909 1 2189
2 1 1869 1 2189
2 1 909 1 1869
2 1 845 1 1485
2 1 1165 1 1485
2 1 845 1 1165
2 1 972 1 1292
2 1 844 1 1164
2 1 971 1 1611
2 1 715 1 1995
2 1 843 1 1483
2 1 1163 1 1483
2 1 843 1 1163
2 1 970 1 1290
2 1 1290 1 1610
2 1 970 1 1610
2 1 1866 1 2186
2 1 1289 1 1609
2 1 969 1 1289
2 1 969 1 1609
2 1 1162 1 1482
2 1 842 1 1482
2 1 842 1 1162
2 1 712 1 1992
2 1 712 1 1032
2 1 1032 1 1992
2 1 968 1 1288
2 1 903 1 2183
2 1 839 1 1159
2 1 710 1 1990
2 1 966 1 1286
2 1 838 1 1158
2 1 709 1 1989
2 1 964 1 1604
2 1 1284 1 1604
2 1 964 1 1284
2 1 1028 1 1988
2 1 708 1 1988
2 1 708 1 1028
2 1 1157 1 1477
2 1 837 1 1477
2 1 837 1 1157
2 1 707 1 1027
2 1 899 1 2179
2 1 1859 1 2179
2 1 899 1 1859
2 1 706 1 1986
2 1 1026 1 1986
2 1 706 1 1026
2 1 1730 1 2050
2 1 898 1 2178
2 1 898 1 1858
2 1 1858 1 2178
2 1 705 1 1985
2 1 1153 1 1473
2 1 704 1 1984
2 1 1857 1 2177
2 1 897 1 1857
2 1 897 1 2177
