696 2240
2 1 1465 1 1785
2 1 1785 1 2105
2 1 1465 1 2105
2 1 1462 1 2102
2 1 1782 1 2102
2 1 1462 1 1782
2 1 1778 1 2098
2 1 1458 1 2098
2 1 1458 1 1778
2 1 1777 1 2097
2 1 1457 1 1777
2 1 1457 1 2097
2 1 1456 1 2096
2 1 1455 1 2095
2 1 1773 1 2093
2 1 1766 1 2086
2 1 1446 1 2086
2 1 1446 1 1766
2 1 1439 1 2079
2 1 1755 1 2075
2 1 1438 1 2078
2 1 1758 1 2078
2 1 1757 1 2077
2 1 1437 1 2077
2 1 1437 1 1757
2 1 1435 1 1755
2 1 1435 1 2075
2 1 1434 1 1754
2 1 1434 1 2074
2 1 1754 1 2074
2 1 1438 1 1758
2 1 1418 1 2058
2 1 1418 1 1738
2 1 1738 1 2058
2 1 1737 1 2057
2 1 1417 1 2057
2 1 1431 1 1751
2 1 1751 1 2071
2 1 1417 1 1737
2 1 1735 1 2055
2 1 1431 1 2071
2 1 1415 1 2055
2 1 1415 1 1735
2 1 1414 1 2054
2 1 1413 1 2053
2 1 1733 1 2053
2 1 1413 1 1733
2 1 1411 1 1731
2 1 1731 1 2051
2 1 1411 1 2051
2 1 970 1 1610
2 1 970 1 1290
2 1 1290 1 1610
2 1 1286 1 1606
2 1 1416 1 1736
2 1 965 1 1605
2 1 1468 1 1788
2 1 1013 1 1653
2 1 1461 1 1781
2 1 1011 1 1331
2 1 1006 1 1646
2 1 1449 1 1769
2 1 1448 1 1768
2 1 999 1 1639
2 1 1317 1 1637
2 1 997 1 1317
2 1 997 1 1637
2 1 1312 1 1632
2 1 992 1 1312
2 1 992 1 1632
2 1 990 1 1310
2 1 987 1 1307
2 1 988 1 1308
2 1 982 1 1622
2 1 982 1 1302
2 1 1302 1 1622
2 1 834 1 1474
2 1 1154 1 1474
2 1 962 1 1602
2 1 961 1 1281
2 1 834 1 1154
2 1 1281 1 1601
2 1 961 1 1601
2 1 1789 1 2109
2 1 1787 1 2107
2 1 1212 1 1532
2 1 892 1 1532
2 1 892 1 1212
2 1 1786 1 2106
2 1 1339 1 1659
2 1 1019 1 1659
2 1 1019 1 1339
2 1 889 1 1529
2 1 886 1 1206
2 1 885 1 1525
2 1 1459 1 2099
2 1 882 1 1522
2 1 1332 1 1652
2 1 881 1 1521
2 1 1336 1 1656
2 1 880 1 1520
2 1 1012 1 1652
2 1 1012 1 1332
2 1 879 1 1199
2 1 879 1 1519
2 1 1016 1 1656
2 1 1199 1 1519
2 1 878 1 1518
2 1 1198 1 1518
2 1 878 1 1198
2 1 877 1 1197
2 1 1004 1 1324
2 1 1450 1 2090
2 1 1770 1 2090
2 1 1450 1 1770
2 1 873 1 1513
2 1 1193 1 1513
2 1 873 1 1193
2 1 1000 1 1640
2 1 1000 1 1320
2 1 1320 1 1640
2 1 1016 1 1336
2 1 872 1 1192
2 1 870 1 1190
2 1 869 1 1189
2 1 869 1 1509
2 1 1189 1 1509
2 1 996 1 1316
2 1 1316 1 1636
2 1 996 1 1636
2 1 1443 1 1763
2 1 1315 1 1635
2 1 995 1 1635
2 1 995 1 1315
2 1 865 1 1185
2 1 1440 1 1760
2 1 1440 1 2080
2 1 1760 1 2080
2 1 863 1 1503
2 1 1183 1 1503
2 1 863 1 1183
2 1 862 1 1182
2 1 862 1 1502
2 1 1182 1 1502
2 1 861 1 1181
2 1 861 1 1501
2 1 1181 1 1501
2 1 860 1 1500
2 1 1178 1 1498
2 1 858 1 1498
2 1 858 1 1178
2 1 1433 1 1753
2 1 1433 1 2073
2 1 1753 1 2073
2 1 856 1 1176
2 1 856 1 1496
2 1 1176 1 1496
2 1 1430 1 1750
2 1 853 1 1173
2 1 1162 1 1482
2 1 841 1 1481
2 1 841 1 1161
2 1 1161 1 1481
2 1 840 1 1480
2 1 839 1 1159
2 1 838 1 1478
2 1 836 1 1156
2 1 1156 1 1476
2 1 836 1 1476
2 1 1023 1 1343
2 1 837 1 1477
2 1 1471 1 1791
2 1 1342 1 1662
2 1 895 1 1215
2 1 1022 1 1342
2 1 1022 1 1662
2 1 1021 1 1341
2 1 1470 1 2110
2 1 765 1 2045
2 1 1918 1 2238
2 1 1213 1 1533
2 1 1020 1 1660
2 1 1340 1 1660
2 1 1020 1 1340
2 1 1084 1 2044
2 1 1916 1 2236
2 1 763 1 2043
2 1 1915 1 2235
2 1 955 1 1915
2 1 955 1 2235
2 1 1338 1 1658
2 1 1018 1 1658
2 1 1018 1 1338
2 1 891 1 1211
2 1 762 1 2042
2 1 890 1 1530
2 1 890 1 1210
2 1 1210 1 1530
2 1 1914 1 2234
2 1 1337 1 1657
2 1 761 1 1081
2 1 761 1 2041
2 1 1081 1 2041
2 1 1913 1 2233
2 1 760 1 2040
2 1 952 1 2232
2 1 1015 1 1335
2 1 1335 1 1655
2 1 1015 1 1655
2 1 888 1 1528
2 1 759 1 2039
2 1 887 1 1207
2 1 1078 1 2038
2 1 758 1 1078
2 1 758 1 2038
2 1 757 1 1077
2 1 757 1 2037
2 1 1077 1 2037
2 1 1909 1 2229
2 1 949 1 2229
2 1 949 1 1909
2 1 756 1 1076
2 1 1460 1 1780
2 1 1460 1 2100
2 1 1780 1 2100
2 1 1908 1 2228
2 1 948 1 1908
2 1 948 1 2228
2 1 755 1 2035
2 1 1010 1 1650
2 1 1074 1 2034
2 1 947 1 2227
2 1 947 1 1907
2 1 1907 1 2227
2 1 1073 1 2033
2 1 945 1 1905
2 1 945 1 2225
2 1 1905 1 2225
2 1 752 1 1072
2 1 944 1 2224
2 1 944 1 1904
2 1 1904 1 2224
2 1 751 1 2031
2 1 1071 1 2031
2 1 751 1 1071
2 1 943 1 1903
2 1 1070 1 2030
2 1 942 1 1902
2 1 941 1 1901
2 1 1900 1 2220
2 1 940 1 1900
2 1 940 1 2220
2 1 1452 1 1772
2 1 1772 1 2092
2 1 1452 1 2092
2 1 1196 1 1516
2 1 876 1 1196
2 1 876 1 1516
2 1 1003 1 1323
2 1 1002 1 1322
2 1 1195 1 1515
2 1 1451 1 1771
2 1 1899 1 2219
2 1 1001 1 1321
2 1 1065 1 2025
2 1 1898 1 2218
2 1 1897 1 2217
2 1 1064 1 2024
2 1 744 1 1064
2 1 744 1 2024
2 1 936 1 2216
2 1 743 1 2023
2 1 935 1 1895
2 1 1895 1 2215
2 1 935 1 2215
2 1 1318 1 1638
2 1 998 1 1318
2 1 998 1 1638
2 1 871 1 1191
2 1 1062 1 2022
2 1 742 1 1062
2 1 742 1 2022
2 1 1061 1 2021
2 1 741 1 2021
2 1 741 1 1061
2 1 933 1 1893
2 1 933 1 2213
2 1 1893 1 2213
2 1 740 1 1060
2 1 740 1 2020
2 1 1060 1 2020
2 1 932 1 2212
2 1 931 1 1891
2 1 994 1 1634
2 1 994 1 1314
2 1 1314 1 1634
2 1 867 1 1187
2 1 738 1 2018
2 1 1890 1 2210
2 1 737 1 2017
2 1 1057 1 2017
2 1 737 1 1057
2 1 736 1 2016
2 1 991 1 1631
2 1 864 1 1184
2 1 1055 1 2015
2 1 735 1 2015
2 1 735 1 1055
2 1 734 1 2014
2 1 734 1 1054
2 1 1054 1 2014
2 1 1053 1 2013
2 1 1885 1 2205
2 1 925 1 1885
2 1 925 1 2205
2 1 732 1 1052
2 1 1756 1 2076
2 1 1436 1 2076
2 1 1436 1 1756
2 1 924 1 1884
2 1 924 1 2204
2 1 1884 1 2204
2 1 1051 1 2011
2 1 730 1 1050
2 1 1883 1 2203
2 1 923 1 1883
2 1 923 1 2203
2 1 1882 1 2202
2 1 922 1 2202
2 1 922 1 1882
2 1 1177 1 1497
2 1 857 1 1177
2 1 857 1 1497
2 1 921 1 1881
2 1 921 1 2201
2 1 1881 1 2201
2 1 728 1 2008
2 1 728 1 1048
2 1 1048 1 2008
2 1 1432 1 2072
2 1 1432 1 1752
2 1 1752 1 2072
2 1 1880 1 2200
2 1 727 1 1047
2 1 919 1 2199
2 1 1878 1 2198
2 1 918 1 1878
2 1 918 1 2198
2 1 854 1 1494
2 1 1174 1 1494
2 1 854 1 1174
2 1 1045 1 2005
2 1 981 1 1301
2 1 1877 1 2197
2 1 723 1 2003
2 1 979 1 1619
2 1 979 1 1299
2 1 1299 1 1619
2 1 916 1 1876
2 1 978 1 1618
2 1 978 1 1298
2 1 1298 1 1618
2 1 1427 1 1747
2 1 722 1 2002
2 1 1426 1 1746
2 1 977 1 1617
2 1 1041 1 2001
2 1 721 1 1041
2 1 721 1 2001
2 1 1874 1 2194
2 1 1873 1 2193
2 1 848 1 1488
2 1 1168 1 1488
2 1 848 1 1168
2 1 975 1 1615
2 1 719 1 1999
2 1 847 1 1167
2 1 974 1 1294
2 1 974 1 1614
2 1 1294 1 1614
2 1 718 1 1998
2 1 846 1 1166
2 1 973 1 1613
2 1 973 1 1293
2 1 1293 1 1613
2 1 1292 1 1612
2 1 972 1 1612
2 1 972 1 1292
2 1 845 1 1165
2 1 1165 1 1485
2 1 845 1 1485
2 1 971 1 1611
2 1 1291 1 1611
2 1 971 1 1291
2 1 844 1 1164
2 1 1035 1 1995
2 1 1739 1 2059
2 1 714 1 1034
2 1 714 1 1994
2 1 1034 1 1994
2 1 713 1 1033
2 1 1033 1 1993
2 1 713 1 1993
2 1 906 1 2186
2 1 1865 1 2185
2 1 905 1 1865
2 1 905 1 2185
2 1 712 1 1992
2 1 712 1 1032
2 1 1032 1 1992
2 1 904 1 1864
2 1 1864 1 2184
2 1 904 1 2184
2 1 1031 1 1991
2 1 711 1 1031
2 1 711 1 1991
2 1 903 1 1863
2 1 1863 1 2183
2 1 903 1 2183
2 1 710 1 1990
2 1 710 1 1030
2 1 1030 1 1990
2 1 902 1 1862
2 1 902 1 2182
2 1 1862 1 2182
2 1 1029 1 1989
2 1 709 1 1029
2 1 709 1 1989
2 1 901 1 1861
2 1 1732 1 2052
2 1 900 1 2180
2 1 900 1 1860
2 1 1860 1 2180
2 1 707 1 1027
2 1 706 1 1986
2 1 1026 1 1986
2 1 706 1 1026
2 1 899 1 2179
2 1 1859 1 2179
2 1 899 1 1859
2 1 898 1 2178
2 1 898 1 1858
2 1 1858 1 2178
2 1 1410 1 2050
2 1 1410 1 1730
2 1 1730 1 2050
2 1 1409 1 1729
2 1 1153 1 1473
2 1 704 1 1984
2 1 897 1 1857
2 1 897 1 2177
2 1 1857 1 2177
3 1 531 1 791 1 1431
3 1 632 1 860 1 1180
3 1 569 1 829 1 1789
3 1 558 1 754 1 2034
3 1 600 1 1276 1 1916
3 1 600 1 1276 1 2236
3 1 489 1 1298 1 1938
3 1 506 1 931 1 2211
3 1 556 1 816 1 2096
3 1 556 1 816 1 1456
3 1 422 1 895 1 1855
3 1 588 1 1264 1 2224
3 1 558 1 818 1 2098
3 1 489 1 978 1 1938
3 1 596 1 1272 1 2232
3 1 632 1 1180 1 1500
3 1 407 1 1776 1 2096
3 1 407 1 1456 1 1776
3 1 569 1 829 1 2109
3 1 480 1 1289 1 1929
3 1 469 1 1662 1 1982
3 1 593 1 1269 1 2229
3 1 538 1 798 1 1758
3 1 596 1 952 1 1272
3 1 603 1 1279 1 1919
3 1 639 1 1251 1 1891
3 1 470 1 1919 1 2239
3 1 373 1 1406 1 2046
3 1 619 1 1231 1 1871
3 1 506 1 1891 1 2211
3 1 553 1 813 1 1773
3 1 383 1 968 1 1288
3 1 616 1 1228 1 1868
3 1 486 1 1871 1 2191
3 1 593 1 1269 1 1909
3 1 336 1 1305 1 1625
3 1 546 1 806 1 1766
3 1 553 1 813 1 2093
3 1 582 1 1258 1 1898
3 1 483 1 1868 1 2188
3 1 593 1 949 1 1269
3 1 490 1 1619 1 1939
3 1 397 1 870 1 1830
3 1 546 1 806 1 1446
3 1 479 1 968 1 1928
3 1 521 1 717 1 1997
3 1 547 1 807 1 1447
3 1 522 1 782 1 2062
3 1 369 1 762 1 1402
3 1 639 1 931 1 1251
3 1 546 1 806 1 2086
3 1 497 1 1306 1 1946
3 1 450 1 1323 1 1963
3 1 579 1 1255 1 1895
3 1 588 1 944 1 1264
3 1 537 1 797 1 2077
3 1 406 1 1775 1 2095
3 1 330 1 723 1 1363
3 1 342 1 1375 1 2015
3 1 538 1 798 1 1438
3 1 440 1 1745 1 2065
3 1 537 1 797 1 1757
3 1 537 1 797 1 1437
3 1 562 1 822 1 2102
3 1 602 1 1278 1 2238
3 1 322 1 1355 1 1995
3 1 422 1 1215 1 1855
3 1 555 1 815 1 1455
3 1 499 1 988 1 1948
3 1 562 1 822 1 1782
3 1 539 1 799 1 1439
3 1 562 1 822 1 1462
3 1 538 1 798 1 2078
3 1 558 1 818 1 1778
3 1 612 1 1224 1 1864
3 1 558 1 818 1 1458
3 1 535 1 795 1 2075
3 1 565 1 825 1 1785
3 1 535 1 795 1 1435
3 1 577 1 933 1 1253
3 1 478 1 1287 1 1927
3 1 406 1 1455 1 1775
3 1 514 1 774 1 2054
3 1 565 1 825 1 1465
3 1 429 1 1414 1 1734
3 1 577 1 1253 1 1893
3 1 577 1 1253 1 2213
3 1 382 1 1031 1 1351
3 1 535 1 795 1 1755
3 1 557 1 817 1 2097
3 1 555 1 815 1 2095
3 1 565 1 825 1 2105
3 1 390 1 1759 1 2079
3 1 390 1 1439 1 1759
3 1 557 1 817 1 1777
3 1 557 1 817 1 1457
3 1 539 1 799 1 2079
3 1 321 1 1034 1 1354
3 1 516 1 776 1 1736
3 1 375 1 960 1 1280
3 1 436 1 845 1 1805
3 1 606 1 898 1 1218
3 1 516 1 776 1 1416
3 1 513 1 773 1 1733
3 1 426 1 1475 1 1795
3 1 515 1 775 1 1735
3 1 584 1 940 1 1260
3 1 512 1 772 1 2052
3 1 608 1 900 1 1220
3 1 512 1 772 1 1732
3 1 608 1 1220 1 2180
3 1 513 1 773 1 1413
3 1 513 1 773 1 2053
3 1 606 1 1218 1 2178
3 1 379 1 1028 1 1348
3 1 608 1 1220 1 1860
3 1 324 1 1357 1 1997
3 1 579 1 935 1 1255
3 1 378 1 1027 1 1347
3 1 579 1 1255 1 2215
3 1 432 1 1161 1 1801
3 1 512 1 708 1 1028
3 1 607 1 1219 1 2179
3 1 607 1 1155 1 1475
3 1 525 1 785 1 2065
3 1 550 1 810 1 1450
3 1 609 1 901 1 1221
3 1 385 1 1498 1 1818
3 1 326 1 1295 1 1615
3 1 609 1 1221 1 1861
3 1 427 1 836 1 1796
3 1 378 1 707 1 1347
3 1 487 1 912 1 2192
3 1 369 1 1402 1 2042
3 1 523 1 783 1 1423
3 1 432 1 1481 1 1801
3 1 378 1 1283 1 1603
3 1 583 1 1259 1 1899
3 1 524 1 784 1 1424
3 1 427 1 1476 1 1796
3 1 419 1 1532 1 1852
3 1 423 1 1408 1 1728
3 1 576 1 1252 1 2212
3 1 627 1 1175 1 1495
3 1 397 1 1190 1 1830
3 1 402 1 1515 1 1835
3 1 439 1 1424 1 1744
3 1 435 1 844 1 1804
3 1 550 1 810 1 1770
3 1 606 1 1218 1 1858
3 1 394 1 867 1 1827
3 1 609 1 1157 1 1477
3 1 404 1 1197 1 1837
3 1 584 1 1260 1 1900
3 1 450 1 1003 1 1963
3 1 470 1 1023 1 1983
3 1 518 1 778 1 1418
3 1 496 1 1625 1 1945
3 1 551 1 811 1 1771
3 1 449 1 1002 1 1962
3 1 432 1 841 1 1801
3 1 438 1 847 1 1807
3 1 519 1 715 1 1035
3 1 550 1 810 1 2090
3 1 427 1 1156 1 1796
3 1 610 1 902 1 1222
3 1 402 1 1195 1 1835
3 1 572 1 768 1 1408
3 1 584 1 1260 1 2220
3 1 438 1 1167 1 1807
3 1 578 1 1254 1 1894
3 1 398 1 871 1 1831
3 1 366 1 1399 1 2039
3 1 589 1 1201 1 1521
3 1 602 1 1278 1 1918
3 1 421 1 1214 1 1854
3 1 361 1 1074 1 1394
3 1 488 1 977 1 1937
3 1 385 1 1178 1 1818
3 1 519 1 715 1 1995
3 1 596 1 1208 1 1528
3 1 576 1 932 1 1252
3 1 631 1 1179 1 1499
3 1 488 1 1617 1 1937
3 1 548 1 808 1 1448
3 1 568 1 764 1 2044
3 1 374 1 1407 1 2047
3 1 607 1 899 1 1219
3 1 326 1 975 1 1295
3 1 387 1 1500 1 1820
3 1 607 1 1219 1 1859
3 1 571 1 767 1 2047
3 1 433 1 1482 1 1802
3 1 553 1 749 1 1069
3 1 498 1 987 1 1947
3 1 375 1 1344 1 1984
3 1 508 1 1317 1 1957
3 1 385 1 858 1 1818
3 1 470 1 1343 1 1983
3 1 486 1 1615 1 1935
3 1 449 1 1322 1 1962
3 1 389 1 1502 1 1822
3 1 418 1 891 1 1851
3 1 634 1 926 1 1246
3 1 322 1 1035 1 1355
3 1 454 1 1903 1 2223
3 1 444 1 853 1 1813
3 1 575 1 771 1 1411
3 1 627 1 1239 1 2199
3 1 377 1 1026 1 1346
3 1 372 1 765 1 1405
3 1 399 1 872 1 1832
3 1 545 1 805 1 1765
3 1 575 1 771 1 1731
3 1 575 1 771 1 2051
3 1 377 1 706 1 1346
3 1 598 1 1274 1 1914
3 1 515 1 775 1 1415
3 1 405 1 1454 1 1774
3 1 610 1 838 1 1158
3 1 326 1 1359 1 1999
3 1 581 1 1257 1 2217
3 1 514 1 774 1 1414
3 1 407 1 1520 1 1840
3 1 591 1 947 1 1267
3 1 624 1 1236 1 1876
3 1 435 1 1164 1 1804
3 1 454 1 943 1 2223
3 1 548 1 808 1 1768
3 1 454 1 1007 1 1967
3 1 568 1 764 1 1084
3 1 430 1 839 1 1799
3 1 590 1 882 1 1202
3 1 604 1 1216 1 2176
3 1 377 1 1346 1 1986
3 1 476 1 965 1 1925
3 1 458 1 1331 1 1971
3 1 540 1 800 1 1440
3 1 570 1 766 1 2046
3 1 533 1 793 1 1753
3 1 394 1 1187 1 1827
3 1 620 1 912 1 1232
3 1 372 1 1405 1 2045
3 1 583 1 1259 1 2219
