613 2240
2 1 1461 1 1781
2 1 1781 1 2101
2 1 1783 1 2103
2 1 1461 1 2101
2 1 1460 1 2100
2 1 1780 1 2100
2 1 1460 1 1780
2 1 1457 1 1777
2 1 1777 1 2097
2 1 1457 1 2097
2 1 1456 1 2096
2 1 1451 1 2091
2 1 1767 1 2087
2 1 1447 1 2087
2 1 1447 1 1767
2 1 1444 1 1764
2 1 1764 1 2084
2 1 1444 1 2084
2 1 1442 1 2082
2 1 1440 1 1760
2 1 1440 1 2080
2 1 1760 1 2080
2 1 1759 1 2079
2 1 1758 1 2078
2 1 1438 1 2078
2 1 1438 1 1758
2 1 1436 1 2076
2 1 1746 1 2066
2 1 1739 1 2059
2 1 1419 1 2059
2 1 1419 1 1739
2 1 1412 1 2052
2 1 1728 1 2048
2 1 974 1 1294
2 1 974 1 1614
2 1 1290 1 1610
2 1 968 1 1288
2 1 1294 1 1614
2 1 968 1 1608
2 1 1288 1 1608
2 1 1286 1 1606
2 1 965 1 1285
2 1 1284 1 1604
2 1 961 1 1601
2 1 961 1 1281
2 1 1281 1 1601
2 1 1469 1 1789
2 1 1342 1 1662
2 1 1020 1 1660
2 1 1337 1 1657
2 1 1017 1 1657
2 1 1017 1 1337
2 1 1016 1 1656
2 1 1015 1 1335
2 1 1008 1 1648
2 1 1013 1 1653
2 1 1333 1 1653
2 1 1007 1 1647
2 1 1013 1 1333
2 1 1011 1 1331
2 1 1331 1 1651
2 1 1011 1 1651
2 1 1454 1 1774
2 1 1324 1 1644
2 1 1004 1 1324
2 1 1004 1 1644
2 1 1452 1 1772
2 1 1006 1 1326
2 1 1006 1 1646
2 1 1326 1 1646
2 1 1002 1 1642
2 1 1449 1 1769
2 1 1000 1 1640
2 1 1445 1 1765
2 1 996 1 1636
2 1 995 1 1635
2 1 1315 1 1635
2 1 995 1 1315
2 1 1443 1 1763
2 1 1314 1 1634
2 1 994 1 1634
2 1 994 1 1314
2 1 993 1 1313
2 1 993 1 1633
2 1 1313 1 1633
2 1 1312 1 1632
2 1 1311 1 1631
2 1 1309 1 1629
2 1 983 1 1623
2 1 1303 1 1623
2 1 983 1 1303
2 1 1430 1 1750
2 1 1298 1 1618
2 1 976 1 1296
2 1 835 1 1475
2 1 835 1 1155
2 1 1155 1 1475
2 1 1282 1 1602
2 1 1154 1 1474
2 1 834 1 1154
2 1 834 1 1474
2 1 962 1 1602
2 1 962 1 1282
2 1 895 1 1535
2 1 1214 1 1534
2 1 1468 1 2108
2 1 1788 1 2108
2 1 1468 1 1788
2 1 1021 1 1661
2 1 1023 1 1663
2 1 1343 1 1663
2 1 1023 1 1343
2 1 891 1 1531
2 1 890 1 1530
2 1 890 1 1210
2 1 1210 1 1530
2 1 889 1 1529
2 1 1208 1 1528
2 1 887 1 1527
2 1 886 1 1526
2 1 1206 1 1526
2 1 886 1 1206
2 1 884 1 1524
2 1 1779 1 2099
2 1 1459 1 2099
2 1 1459 1 1779
2 1 882 1 1522
2 1 881 1 1201
2 1 880 1 1520
2 1 1199 1 1519
2 1 879 1 1199
2 1 879 1 1519
2 1 1196 1 1516
2 1 874 1 1514
2 1 874 1 1194
2 1 1194 1 1514
2 1 1768 1 2088
2 1 1001 1 1641
2 1 1001 1 1321
2 1 1321 1 1641
2 1 871 1 1511
2 1 1190 1 1510
2 1 870 1 1190
2 1 870 1 1510
2 1 1189 1 1509
2 1 868 1 1188
2 1 867 1 1187
2 1 1187 1 1507
2 1 867 1 1507
2 1 866 1 1186
2 1 865 1 1185
2 1 865 1 1505
2 1 1185 1 1505
2 1 1184 1 1504
2 1 863 1 1503
2 1 862 1 1502
2 1 1437 1 1757
2 1 859 1 1179
2 1 1179 1 1499
2 1 859 1 1499
2 1 987 1 1627
2 1 1176 1 1496
2 1 1174 1 1494
2 1 1748 1 2068
2 1 1301 1 1621
2 1 1170 1 1490
2 1 1171 1 1491
2 1 851 1 1491
2 1 850 1 1170
2 1 850 1 1490
2 1 851 1 1171
2 1 849 1 1489
2 1 849 1 1169
2 1 1169 1 1489
2 1 1165 1 1485
2 1 1164 1 1484
2 1 1163 1 1483
2 1 842 1 1162
2 1 1162 1 1482
2 1 842 1 1482
2 1 1161 1 1481
2 1 1289 1 1609
2 1 969 1 1289
2 1 969 1 1609
2 1 1157 1 1477
2 1 1156 1 1476
2 1 1087 1 2047
2 1 1791 1 2111
2 1 959 1 1919
2 1 1919 1 2239
2 1 959 1 2239
2 1 766 1 1086
2 1 1790 1 2110
2 1 1918 1 2238
2 1 958 1 1918
2 1 958 1 2238
2 1 764 1 2044
2 1 765 1 2045
2 1 1085 1 2045
2 1 765 1 1085
2 1 957 1 1917
2 1 1917 1 2237
2 1 957 1 2237
2 1 1339 1 1659
2 1 892 1 1212
2 1 956 1 2236
2 1 1916 1 2236
2 1 956 1 1916
2 1 763 1 1083
2 1 1083 1 2043
2 1 763 1 2043
2 1 1082 1 2042
2 1 762 1 1082
2 1 762 1 2042
2 1 954 1 1914
2 1 1465 1 2105
2 1 1080 1 2040
2 1 759 1 2039
2 1 759 1 1079
2 1 1079 1 2039
2 1 952 1 1912
2 1 951 1 1911
2 1 1078 1 2038
2 1 1910 1 2230
2 1 950 1 2230
2 1 950 1 1910
2 1 1782 1 2102
2 1 1462 1 2102
2 1 1462 1 1782
2 1 757 1 2037
2 1 757 1 1077
2 1 1077 1 2037
2 1 1076 1 2036
2 1 1909 1 2229
2 1 949 1 2229
2 1 949 1 1909
2 1 1908 1 2228
2 1 948 1 1908
2 1 948 1 2228
2 1 883 1 1523
2 1 947 1 2227
2 1 947 1 1907
2 1 1907 1 2227
2 1 753 1 1073
2 1 945 1 1905
2 1 1905 1 2225
2 1 945 1 2225
2 1 944 1 2224
2 1 1904 1 2224
2 1 944 1 1904
2 1 751 1 1071
2 1 943 1 1903
2 1 1070 1 2030
2 1 942 1 2222
2 1 942 1 1902
2 1 1902 1 2222
2 1 1453 1 1773
2 1 1453 1 2093
2 1 1773 1 2093
2 1 941 1 2221
2 1 1068 1 2028
2 1 1067 1 2027
2 1 1900 1 2220
2 1 940 1 1900
2 1 940 1 2220
2 1 1899 1 2219
2 1 939 1 1899
2 1 939 1 2219
2 1 746 1 1066
2 1 746 1 2026
2 1 1066 1 2026
2 1 938 1 1898
2 1 1065 1 2025
2 1 937 1 1897
2 1 936 1 1896
2 1 936 1 2216
2 1 1896 1 2216
2 1 999 1 1639
2 1 999 1 1319
2 1 1319 1 1639
2 1 1766 1 2086
2 1 934 1 2214
2 1 741 1 1061
2 1 933 1 2213
2 1 932 1 2212
2 1 739 1 2019
2 1 739 1 1059
2 1 1059 1 2019
2 1 931 1 2211
2 1 930 1 1890
2 1 1890 1 2210
2 1 930 1 2210
2 1 1057 1 2017
2 1 1761 1 2081
2 1 1441 1 1761
2 1 1441 1 2081
2 1 735 1 1055
2 1 928 1 2208
2 1 1888 1 2208
2 1 928 1 1888
2 1 1887 1 2207
2 1 927 1 1887
2 1 927 1 2207
2 1 734 1 1054
2 1 926 1 2206
2 1 1886 1 2206
2 1 926 1 1886
2 1 861 1 1501
2 1 1885 1 2205
2 1 925 1 1885
2 1 925 1 2205
2 1 1052 1 2012
2 1 732 1 2012
2 1 732 1 1052
2 1 1051 1 2011
2 1 731 1 1051
2 1 731 1 2011
2 1 1435 1 2075
2 1 1754 1 2074
2 1 1178 1 1498
2 1 1433 1 2073
2 1 1177 1 1497
2 1 1048 1 2008
2 1 984 1 1304
2 1 1304 1 1624
2 1 984 1 1624
2 1 1432 1 1752
2 1 1432 1 2072
2 1 1752 1 2072
2 1 1431 1 2071
2 1 1175 1 1495
2 1 982 1 1622
2 1 1302 1 1622
2 1 982 1 1302
2 1 919 1 2199
2 1 919 1 1879
2 1 1879 1 2199
2 1 1300 1 1620
2 1 1429 1 2069
2 1 853 1 1173
2 1 1877 1 2197
2 1 917 1 2197
2 1 917 1 1877
2 1 724 1 2004
2 1 1299 1 1619
2 1 1043 1 2003
2 1 723 1 2003
2 1 723 1 1043
2 1 722 1 2002
2 1 722 1 1042
2 1 1042 1 2002
2 1 721 1 1041
2 1 913 1 2193
2 1 720 1 2000
2 1 848 1 1168
2 1 912 1 1872
2 1 1295 1 1615
2 1 719 1 1039
2 1 719 1 1999
2 1 1039 1 1999
2 1 1423 1 2063
2 1 1293 1 1613
2 1 1037 1 1997
2 1 1741 1 2061
2 1 1421 1 1741
2 1 1421 1 2061
2 1 716 1 1036
2 1 716 1 1996
2 1 1036 1 1996
2 1 1420 1 2060
2 1 1035 1 1995
2 1 715 1 1995
2 1 715 1 1035
2 1 908 1 1868
2 1 908 1 2188
2 1 1868 1 2188
2 1 1034 1 1994
2 1 714 1 1034
2 1 714 1 1994
2 1 906 1 2186
2 1 1418 1 2058
2 1 713 1 1033
2 1 1033 1 1993
2 1 713 1 1993
2 1 905 1 1865
2 1 1287 1 1607
2 1 840 1 1160
2 1 1160 1 1480
2 1 840 1 1480
2 1 904 1 1864
2 1 1030 1 1990
2 1 710 1 1030
2 1 710 1 1990
2 1 1863 1 2183
2 1 1734 1 2054
2 1 709 1 1029
2 1 902 1 1862
2 1 708 1 1988
2 1 1028 1 1988
2 1 708 1 1028
2 1 901 1 2181
2 1 1027 1 1987
2 1 707 1 1027
2 1 707 1 1987
2 1 900 1 1860
2 1 899 1 1859
2 1 706 1 1026
2 1 706 1 1986
2 1 1026 1 1986
2 1 1410 1 2050
2 1 1410 1 1730
2 1 1730 1 2050
2 1 705 1 1985
2 1 960 1 1280
2 1 1280 1 1600
2 1 960 1 1600
2 1 1729 1 2049
2 1 1153 1 1473
2 1 1024 1 1984
2 1 704 1 1024
2 1 704 1 1984
2 1 1856 1 2176
2 1 897 1 2177
2 1 1857 1 2177
2 1 897 1 1857
3 1 551 1 811 1 1451
3 1 551 1 811 1 2091
3 1 585 1 877 1 1197
3 1 435 1 1420 1 1740
3 1 566 1 826 1 2106
3 1 402 1 1451 1 1771
3 1 427 1 1732 1 2052
3 1 432 1 1737 1 2057
3 1 517 1 777 1 2057
3 1 512 1 772 1 1412
3 1 520 1 780 1 2060
3 1 402 1 1771 1 2091
3 1 483 1 1612 1 1932
3 1 563 1 823 1 1783
3 1 532 1 728 1 2008
3 1 607 1 899 1 1219
3 1 482 1 1611 1 1931
3 1 561 1 821 1 1781
3 1 607 1 1219 1 1859
3 1 564 1 824 1 2104
3 1 434 1 1163 1 1803
3 1 417 1 1786 1 2106
3 1 478 1 1607 1 1927
3 1 478 1 1287 1 1927
3 1 561 1 821 1 1461
3 1 524 1 784 1 2064
3 1 474 1 1859 1 2179
3 1 415 1 1784 1 2104
3 1 634 1 1182 1 1502
3 1 582 1 938 1 1258
3 1 561 1 821 1 2101
3 1 560 1 820 1 1460
3 1 563 1 823 1 2103
3 1 560 1 820 1 1780
3 1 547 1 807 1 2087
3 1 597 1 1209 1 1529
3 1 376 1 1345 1 1985
3 1 547 1 807 1 1767
3 1 560 1 820 1 2100
3 1 426 1 1731 1 2051
3 1 474 1 899 1 2179
3 1 341 1 1054 1 1374
3 1 432 1 1161 1 1801
3 1 575 1 771 1 2051
3 1 544 1 804 1 1444
3 1 458 1 1651 1 1971
3 1 418 1 1787 1 2107
3 1 458 1 1011 1 1971
3 1 606 1 898 1 1218
3 1 451 1 1324 1 1964
3 1 422 1 895 1 1855
3 1 567 1 827 1 2107
3 1 394 1 1187 1 1827
3 1 473 1 898 1 2178
3 1 597 1 953 1 1273
3 1 605 1 1217 1 2177
3 1 321 1 714 1 1354
3 1 394 1 1507 1 1827
3 1 321 1 1034 1 1354
3 1 458 1 1331 1 1971
3 1 556 1 816 1 2096
3 1 554 1 814 1 1454
3 1 519 1 779 1 1739
3 1 462 1 1335 1 1975
3 1 451 1 1004 1 1964
3 1 375 1 1024 1 1344
3 1 451 1 1644 1 1964
3 1 556 1 816 1 1456
3 1 404 1 877 1 1837
3 1 481 1 1290 1 1930
3 1 407 1 1456 1 1776
3 1 557 1 817 1 1457
3 1 557 1 817 1 1777
3 1 639 1 1251 1 2211
3 1 582 1 1258 1 1898
3 1 470 1 1343 1 1983
3 1 587 1 1263 1 1903
3 1 554 1 814 1 1774
3 1 465 1 954 1 2234
3 1 557 1 817 1 2097
3 1 407 1 1776 1 2096
3 1 591 1 883 1 1203
3 1 351 1 744 1 1384
3 1 502 1 1631 1 1951
3 1 339 1 1052 1 1372
3 1 558 1 754 1 1074
3 1 599 1 891 1 1211
3 1 427 1 1156 1 1796
3 1 611 1 1223 1 1863
3 1 514 1 774 1 1734
3 1 481 1 1610 1 1930
3 1 604 1 1152 1 1472
3 1 632 1 1244 1 2204
3 1 361 1 1074 1 1394
3 1 375 1 1344 1 1984
3 1 453 1 1006 1 1966
3 1 526 1 786 1 1746
3 1 335 1 1048 1 1368
3 1 447 1 1496 1 1816
3 1 470 1 1663 1 1983
3 1 479 1 1864 1 2184
3 1 470 1 1023 1 1983
3 1 402 1 875 1 1835
3 1 460 1 1013 1 1973
3 1 639 1 931 1 1251
3 1 547 1 807 1 1447
3 1 325 1 718 1 1358
3 1 544 1 804 1 2084
3 1 544 1 804 1 1764
3 1 388 1 861 1 1821
3 1 455 1 1008 1 1968
3 1 420 1 1533 1 1853
3 1 598 1 1274 1 1914
3 1 477 1 1606 1 1926
3 1 518 1 778 1 2058
3 1 477 1 1286 1 1926
3 1 612 1 904 1 1224
3 1 429 1 1478 1 1798
3 1 565 1 825 1 2105
3 1 408 1 1201 1 1841
3 1 418 1 1531 1 1851
3 1 519 1 779 1 2059
3 1 394 1 867 1 1827
3 1 479 1 904 1 2184
3 1 570 1 830 1 1790
3 1 593 1 1205 1 1525
3 1 613 1 1225 1 1865
3 1 587 1 943 1 1263
3 1 449 1 1898 1 2218
3 1 600 1 1276 1 1916
3 1 382 1 1031 1 1351
3 1 408 1 881 1 1841
3 1 355 1 1388 1 2028
3 1 469 1 1662 1 1982
3 1 612 1 1224 1 1864
3 1 515 1 711 1 1031
3 1 519 1 779 1 1419
3 1 592 1 1204 1 1524
3 1 431 1 1480 1 1800
3 1 388 1 1501 1 1821
3 1 630 1 922 1 1242
3 1 573 1 769 1 1729
3 1 532 1 728 1 1048
3 1 605 1 897 1 1217
3 1 375 1 704 1 1344
3 1 579 1 1255 1 2215
3 1 621 1 913 1 1233
3 1 447 1 1176 1 1816
3 1 529 1 725 1 2005
3 1 588 1 1200 1 1520
3 1 512 1 772 1 2052
3 1 595 1 951 1 1271
3 1 604 1 1216 1 1856
3 1 412 1 1525 1 1845
3 1 570 1 830 1 2110
3 1 598 1 954 1 1274
3 1 350 1 1063 1 1383
3 1 635 1 1183 1 1503
3 1 323 1 1292 1 1612
3 1 573 1 769 1 2049
3 1 371 1 1340 1 1660
3 1 444 1 1173 1 1813
3 1 378 1 1027 1 1347
3 1 428 1 1733 1 2053
3 1 622 1 914 1 1234
3 1 538 1 798 1 1758
3 1 608 1 1220 1 1860
3 1 436 1 1165 1 1805
3 1 378 1 1347 1 1987
3 1 559 1 819 1 1779
3 1 549 1 745 1 1065
3 1 604 1 1216 1 2176
3 1 592 1 884 1 1204
3 1 477 1 1862 1 2182
3 1 541 1 737 1 1057
3 1 583 1 875 1 1195
3 1 372 1 1341 1 1661
3 1 320 1 1353 1 1993
3 1 358 1 1007 1 1327
3 1 345 1 1058 1 1378
3 1 514 1 774 1 2054
3 1 387 1 1756 1 2076
3 1 596 1 1272 1 1912
3 1 463 1 1016 1 1976
3 1 495 1 984 1 1944
3 1 476 1 965 1 1925
3 1 430 1 1159 1 1799
3 1 336 1 729 1 1369
