527 2240
2 1 1791 1 2111
2 1 1470 1 2110
2 1 1462 1 1782
2 1 1462 1 2102
2 1 1782 1 2102
2 1 1460 1 2100
2 1 1460 1 1780
2 1 1780 1 2100
2 1 1455 1 2095
2 1 1450 1 1770
2 1 1450 1 2090
2 1 1770 1 2090
2 1 1448 1 2088
2 1 1449 1 2089
2 1 1439 1 1759
2 1 1439 1 2079
2 1 1759 1 2079
2 1 1758 1 2078
2 1 1430 1 2070
2 1 1749 1 2069
2 1 1429 1 1749
2 1 1429 1 2069
2 1 1427 1 2067
2 1 1740 1 2060
2 1 1420 1 2060
2 1 1420 1 1740
2 1 1419 1 2059
2 1 1739 1 2059
2 1 1419 1 1739
2 1 1737 1 2057
2 1 1417 1 2057
2 1 1417 1 1737
2 1 1728 1 2048
2 1 1408 1 1728
2 1 1292 1 1612
2 1 972 1 1612
2 1 1408 1 2048
2 1 972 1 1292
2 1 1291 1 1611
2 1 968 1 1288
2 1 968 1 1608
2 1 1288 1 1608
2 1 1416 1 1736
2 1 967 1 1607
2 1 1287 1 1607
2 1 967 1 1287
2 1 965 1 1605
2 1 963 1 1283
2 1 1410 1 1730
2 1 961 1 1601
2 1 1280 1 1600
2 1 960 1 1280
2 1 960 1 1600
2 1 1023 1 1663
2 1 1023 1 1343
2 1 1343 1 1663
2 1 1468 1 1788
2 1 1015 1 1655
2 1 1328 1 1648
2 1 1322 1 1642
2 1 1321 1 1641
2 1 995 1 1315
2 1 1315 1 1635
2 1 995 1 1635
2 1 981 1 1301
2 1 981 1 1621
2 1 1301 1 1621
2 1 996 1 1636
2 1 996 1 1316
2 1 1316 1 1636
2 1 980 1 1620
2 1 1297 1 1617
2 1 977 1 1297
2 1 977 1 1617
2 1 1411 1 1731
2 1 1731 1 2051
2 1 1411 1 2051
2 1 834 1 1154
2 1 834 1 1474
2 1 1154 1 1474
2 1 832 1 1152
2 1 1789 1 2109
2 1 895 1 1535
2 1 1022 1 1662
2 1 894 1 1534
2 1 894 1 1214
2 1 1214 1 1534
2 1 892 1 1532
2 1 1466 1 2106
2 1 1786 1 2106
2 1 1466 1 1786
2 1 1019 1 1659
2 1 1019 1 1339
2 1 1339 1 1659
2 1 1465 1 2105
2 1 888 1 1528
2 1 1206 1 1526
2 1 1334 1 1654
2 1 1014 1 1334
2 1 1014 1 1654
2 1 1331 1 1651
2 1 881 1 1201
2 1 879 1 1199
2 1 1005 1 1325
2 1 1198 1 1518
2 1 878 1 1518
2 1 1006 1 1326
2 1 878 1 1198
2 1 1326 1 1646
2 1 1006 1 1646
2 1 1453 1 1773
2 1 1325 1 1645
2 1 1005 1 1645
2 1 875 1 1195
2 1 873 1 1193
2 1 1193 1 1513
2 1 873 1 1513
2 1 872 1 1192
2 1 872 1 1512
2 1 1192 1 1512
2 1 1767 1 2087
2 1 1320 1 1640
2 1 1446 1 2086
2 1 1446 1 1766
2 1 1766 1 2086
2 1 869 1 1509
2 1 1188 1 1508
2 1 1185 1 1505
2 1 1440 1 2080
2 1 993 1 1633
2 1 1313 1 1633
2 1 993 1 1313
2 1 863 1 1503
2 1 1310 1 1630
2 1 862 1 1182
2 1 862 1 1502
2 1 1182 1 1502
2 1 1756 1 2076
2 1 989 1 1629
2 1 1309 1 1629
2 1 989 1 1309
2 1 1178 1 1498
2 1 985 1 1625
2 1 857 1 1177
2 1 1305 1 1625
2 1 985 1 1305
2 1 1431 1 2071
2 1 984 1 1304
2 1 854 1 1494
2 1 1173 1 1493
2 1 853 1 1173
2 1 853 1 1493
2 1 1172 1 1492
2 1 852 1 1492
2 1 852 1 1172
2 1 851 1 1491
2 1 849 1 1169
2 1 1423 1 1743
2 1 846 1 1166
2 1 843 1 1483
2 1 1163 1 1483
2 1 843 1 1163
2 1 850 1 1490
2 1 842 1 1162
2 1 1162 1 1482
2 1 842 1 1482
2 1 841 1 1161
2 1 840 1 1480
2 1 838 1 1158
2 1 1286 1 1606
2 1 966 1 1286
2 1 966 1 1606
2 1 1413 1 1733
2 1 896 1 1856
2 1 767 1 2047
2 1 767 1 1087
2 1 1087 1 2047
2 1 959 1 2239
2 1 766 1 2046
2 1 1086 1 2046
2 1 766 1 1086
2 1 1918 1 2238
2 1 958 1 2238
2 1 958 1 1918
2 1 1213 1 1533
2 1 893 1 1213
2 1 893 1 1533
2 1 957 1 1917
2 1 764 1 1084
2 1 1916 1 2236
2 1 1915 1 2235
2 1 955 1 2235
2 1 955 1 1915
2 1 889 1 1209
2 1 889 1 1529
2 1 1209 1 1529
2 1 1913 1 2233
2 1 1080 1 2040
2 1 1464 1 2104
2 1 1784 1 2104
2 1 1464 1 1784
2 1 759 1 1079
2 1 1079 1 2039
2 1 759 1 2039
2 1 1783 1 2103
2 1 1463 1 1783
2 1 1463 1 2103
2 1 758 1 1078
2 1 758 1 2038
2 1 1078 1 2038
2 1 951 1 2231
2 1 950 1 1910
2 1 950 1 2230
2 1 1910 1 2230
2 1 1909 1 2229
2 1 949 1 1909
2 1 949 1 2229
2 1 885 1 1525
2 1 1461 1 1781
2 1 1076 1 2036
2 1 1908 1 2228
2 1 1907 1 2227
2 1 947 1 2227
2 1 947 1 1907
2 1 1010 1 1650
2 1 1459 1 2099
2 1 883 1 1523
2 1 1203 1 1523
2 1 883 1 1203
2 1 754 1 2034
2 1 1009 1 1649
2 1 944 1 2224
2 1 1007 1 1647
2 1 880 1 1200
2 1 1071 1 2031
2 1 751 1 2031
2 1 751 1 1071
2 1 1070 1 2030
2 1 1004 1 1324
2 1 1197 1 1517
2 1 748 1 2028
2 1 1900 1 2220
2 1 1003 1 1323
2 1 1003 1 1643
2 1 1323 1 1643
2 1 876 1 1196
2 1 1067 1 2027
2 1 1451 1 2091
2 1 1771 1 2091
2 1 1451 1 1771
2 1 1066 1 2026
2 1 746 1 2026
2 1 746 1 1066
2 1 745 1 1065
2 1 1898 1 2218
2 1 938 1 2218
2 1 938 1 1898
2 1 937 1 2217
2 1 1897 1 2217
2 1 937 1 1897
2 1 744 1 1064
2 1 1064 1 2024
2 1 744 1 2024
2 1 936 1 1896
2 1 743 1 2023
2 1 1318 1 1638
2 1 871 1 1511
2 1 1191 1 1511
2 1 871 1 1191
2 1 1894 1 2214
2 1 997 1 1317
2 1 997 1 1637
2 1 1317 1 1637
2 1 1190 1 1510
2 1 870 1 1510
2 1 870 1 1190
2 1 741 1 1061
2 1 1765 1 2085
2 1 1445 1 2085
2 1 1445 1 1765
2 1 1060 1 2020
2 1 740 1 2020
2 1 740 1 1060
2 1 1059 1 2019
2 1 932 1 1892
2 1 1892 1 2212
2 1 932 1 2212
2 1 1443 1 2083
2 1 1058 1 2018
2 1 738 1 1058
2 1 738 1 2018
2 1 931 1 1891
2 1 1442 1 1762
2 1 1762 1 2082
2 1 1442 1 2082
2 1 737 1 2017
2 1 1057 1 2017
2 1 737 1 1057
2 1 930 1 1890
2 1 1761 1 2081
2 1 1441 1 1761
2 1 1441 1 2081
2 1 736 1 2016
2 1 929 1 2209
2 1 1889 1 2209
2 1 929 1 1889
2 1 991 1 1631
2 1 1184 1 1504
2 1 735 1 2015
2 1 735 1 1055
2 1 1055 1 2015
2 1 928 1 2208
2 1 1888 1 2208
2 1 928 1 1888
2 1 926 1 1886
2 1 1886 1 2206
2 1 926 1 2206
2 1 733 1 2013
2 1 925 1 2205
2 1 861 1 1501
2 1 988 1 1628
2 1 1307 1 1627
2 1 987 1 1627
2 1 987 1 1307
2 1 1180 1 1500
2 1 860 1 1180
2 1 860 1 1500
2 1 1883 1 2203
2 1 1179 1 1499
2 1 859 1 1499
2 1 859 1 1179
2 1 1050 1 2010
2 1 730 1 2010
2 1 730 1 1050
2 1 729 1 1049
2 1 1049 1 2009
2 1 729 1 2009
2 1 1753 1 2073
2 1 1433 1 1753
2 1 1433 1 2073
2 1 921 1 2201
2 1 983 1 1303
2 1 1176 1 1496
2 1 727 1 2007
2 1 920 1 2200
2 1 1880 1 2200
2 1 920 1 1880
2 1 1046 1 2006
2 1 1045 1 2005
2 1 725 1 2005
2 1 725 1 1045
2 1 917 1 1877
2 1 724 1 1044
2 1 1044 1 2004
2 1 724 1 2004
2 1 1876 1 2196
2 1 916 1 1876
2 1 916 1 2196
2 1 723 1 1043
2 1 723 1 2003
2 1 1043 1 2003
2 1 915 1 1875
2 1 722 1 1042
2 1 1042 1 2002
2 1 722 1 2002
2 1 721 1 1041
2 1 721 1 2001
2 1 1041 1 2001
2 1 1425 1 2065
2 1 913 1 2193
2 1 913 1 1873
2 1 1873 1 2193
2 1 911 1 1871
2 1 974 1 1614
2 1 1294 1 1614
2 1 974 1 1294
2 1 847 1 1167
2 1 1038 1 1998
2 1 718 1 1998
2 1 718 1 1038
2 1 1870 1 2190
2 1 717 1 1037
2 1 1741 1 2061
2 1 1421 1 2061
2 1 1421 1 1741
2 1 1036 1 1996
2 1 909 1 1869
2 1 908 1 1868
2 1 1868 1 2188
2 1 908 1 2188
2 1 1867 1 2187
2 1 907 1 2187
2 1 907 1 1867
2 1 1034 1 1994
2 1 714 1 1034
2 1 714 1 1994
2 1 906 1 2186
2 1 906 1 1866
2 1 1866 1 2186
2 1 1033 1 1993
2 1 905 1 2185
2 1 905 1 1865
2 1 1865 1 2185
2 1 712 1 1992
2 1 1032 1 1992
2 1 712 1 1032
2 1 904 1 1864
2 1 904 1 2184
2 1 1864 1 2184
2 1 1031 1 1991
2 1 711 1 1991
2 1 711 1 1031
2 1 903 1 1863
2 1 1863 1 2183
2 1 903 1 2183
2 1 902 1 2182
2 1 902 1 1862
2 1 1862 1 2182
2 1 1028 1 1988
2 1 708 1 1988
2 1 708 1 1028
2 1 1157 1 1477
2 1 901 1 1861
2 1 1732 1 2052
2 1 1412 1 1732
2 1 1412 1 2052
2 1 962 1 1282
2 1 962 1 1602
2 1 1282 1 1602
2 1 1155 1 1475
2 1 1026 1 1986
2 1 706 1 1026
2 1 706 1 1986
2 1 899 1 2179
2 1 1858 1 2178
2 1 1025 1 1985
2 1 897 1 2177
2 1 1024 1 1984
3 1 549 1 809 1 1449
3 1 549 1 809 1 2089
3 1 573 1 705 1 1025
3 1 616 1 1164 1 1484
3 1 564 1 824 1 1464
3 1 481 1 970 1 1930
3 1 542 1 802 1 1442
3 1 492 1 1621 1 1941
3 1 582 1 1194 1 1514
3 1 517 1 777 1 2057
3 1 455 1 1648 1 1968
3 1 517 1 777 1 1417
3 1 612 1 904 1 1224
3 1 468 1 1341 1 1981
3 1 506 1 1635 1 1955
3 1 482 1 1611 1 1931
3 1 494 1 983 1 1943
3 1 499 1 1884 1 2204
3 1 471 1 1280 1 1920
3 1 517 1 777 1 1737
3 1 571 1 831 1 1791
3 1 571 1 831 1 2111
3 1 560 1 820 1 1780
3 1 588 1 944 1 1264
3 1 486 1 911 1 2191
3 1 632 1 1244 1 1884
3 1 588 1 1264 1 2224
3 1 635 1 863 1 1183
3 1 635 1 1183 1 1503
3 1 486 1 1871 1 2191
3 1 490 1 1619 1 1939
3 1 619 1 1231 1 1871
3 1 562 1 822 1 1462
3 1 506 1 995 1 1955
3 1 560 1 820 1 1460
3 1 619 1 911 1 1231
3 1 560 1 820 1 2100
3 1 612 1 1224 1 2184
3 1 562 1 822 1 2102
3 1 325 1 718 1 1358
3 1 562 1 822 1 1782
3 1 612 1 1224 1 1864
3 1 539 1 799 1 2079
3 1 555 1 815 1 2095
3 1 355 1 748 1 1388
3 1 426 1 1155 1 1795
3 1 406 1 1455 1 1775
3 1 379 1 1348 1 1988
3 1 584 1 1260 1 2220
3 1 438 1 1167 1 1807
3 1 421 1 1790 1 2110
3 1 584 1 1260 1 1900
3 1 421 1 1470 1 1790
3 1 361 1 754 1 1394
3 1 406 1 1775 1 2095
3 1 555 1 815 1 1455
3 1 577 1 1253 1 2213
3 1 506 1 1315 1 1955
3 1 570 1 830 1 1470
3 1 570 1 830 1 2110
3 1 539 1 799 1 1439
3 1 388 1 1757 1 2077
3 1 321 1 970 1 1290
3 1 379 1 1028 1 1348
3 1 426 1 1475 1 1795
3 1 539 1 799 1 1759
3 1 324 1 1037 1 1357
3 1 399 1 1448 1 1768
3 1 538 1 798 1 1758
3 1 399 1 1768 1 2088
3 1 404 1 1517 1 1837
3 1 550 1 810 1 1450
3 1 633 1 861 1 1181
3 1 498 1 1627 1 1947
3 1 486 1 975 1 1935
3 1 538 1 798 1 2078
3 1 550 1 810 1 1770
3 1 550 1 810 1 2090
3 1 400 1 1769 1 2089
3 1 575 1 771 1 2051
3 1 400 1 1449 1 1769
3 1 548 1 808 1 2088
3 1 326 1 975 1 1295
3 1 548 1 808 1 1448
3 1 438 1 847 1 1807
3 1 400 1 1193 1 1833
3 1 578 1 1254 1 1894
3 1 612 1 840 1 1160
3 1 339 1 988 1 1308
