438 2240
2 1 1467 1 2107
2 1 1465 1 2105
2 1 1785 1 2105
2 1 1465 1 1785
2 1 1781 1 2101
2 1 1461 1 2101
2 1 1461 1 1781
2 1 1773 1 2093
2 1 1459 1 2099
2 1 1451 1 2091
2 1 1451 1 1771
2 1 1779 1 2099
2 1 1771 1 2091
2 1 1445 1 2085
2 1 1446 1 2086
2 1 1768 1 2088
2 1 1445 1 1765
2 1 1459 1 1779
2 1 1765 1 2085
2 1 1444 1 2084
2 1 1764 1 2084
2 1 1444 1 1764
2 1 1442 1 2082
2 1 1426 1 1746
2 1 1759 1 2079
2 1 1746 1 2066
2 1 1426 1 2066
2 1 1741 1 2061
2 1 1421 1 2061
2 1 1421 1 1741
2 1 1439 1 1759
2 1 1420 1 2060
2 1 1740 1 2060
2 1 1420 1 1740
2 1 1738 1 2058
2 1 1439 1 2079
2 1 1735 1 2055
2 1 1414 1 1734
2 1 1734 1 2054
2 1 1414 1 2054
2 1 1408 1 1728
2 1 1408 1 2048
2 1 1728 1 2048
2 1 1294 1 1614
2 1 1291 1 1611
2 1 971 1 1291
2 1 971 1 1611
2 1 1288 1 1608
2 1 1285 1 1605
2 1 965 1 1285
2 1 965 1 1605
2 1 975 1 1615
2 1 1412 1 1732
2 1 1023 1 1343
2 1 1023 1 1663
2 1 1343 1 1663
2 1 1340 1 1660
2 1 1464 1 1784
2 1 1470 1 1790
2 1 1011 1 1331
2 1 1331 1 1651
2 1 1011 1 1651
2 1 1005 1 1325
2 1 1005 1 1645
2 1 1325 1 1645
2 1 1323 1 1643
2 1 1003 1 1643
2 1 1003 1 1323
2 1 1321 1 1641
2 1 1001 1 1641
2 1 1001 1 1321
2 1 1319 1 1639
2 1 1318 1 1638
2 1 999 1 1639
2 1 999 1 1319
2 1 1315 1 1635
2 1 989 1 1629
2 1 1313 1 1633
2 1 1307 1 1627
2 1 1432 1 1752
2 1 985 1 1305
2 1 981 1 1621
2 1 978 1 1618
2 1 977 1 1617
2 1 977 1 1297
2 1 1297 1 1617
2 1 976 1 1616
2 1 1730 1 2050
2 1 963 1 1603
2 1 833 1 1153
2 1 833 1 1473
2 1 1471 1 2111
2 1 1153 1 1473
2 1 960 1 1280
2 1 983 1 1303
2 1 894 1 1534
2 1 1021 1 1661
2 1 891 1 1531
2 1 1786 1 2106
2 1 1209 1 1529
2 1 889 1 1529
2 1 889 1 1209
2 1 888 1 1528
2 1 1015 1 1655
2 1 1015 1 1335
2 1 1335 1 1655
2 1 884 1 1524
2 1 1203 1 1523
2 1 881 1 1201
2 1 882 1 1202
2 1 1202 1 1522
2 1 882 1 1522
2 1 1009 1 1649
2 1 1008 1 1648
2 1 1008 1 1328
2 1 1328 1 1648
2 1 1198 1 1518
2 1 877 1 1197
2 1 876 1 1516
2 1 876 1 1196
2 1 1196 1 1516
2 1 875 1 1195
2 1 1449 1 2089
2 1 1002 1 1642
2 1 1194 1 1514
2 1 1322 1 1642
2 1 1002 1 1322
2 1 874 1 1514
2 1 872 1 1512
2 1 874 1 1194
2 1 872 1 1192
2 1 1192 1 1512
2 1 871 1 1191
2 1 1191 1 1511
2 1 871 1 1511
2 1 1190 1 1510
2 1 868 1 1508
2 1 1188 1 1508
2 1 868 1 1188
2 1 869 1 1509
2 1 869 1 1189
2 1 1189 1 1509
2 1 1316 1 1636
2 1 996 1 1316
2 1 996 1 1636
2 1 1186 1 1506
2 1 862 1 1502
2 1 862 1 1182
2 1 1182 1 1502
2 1 990 1 1630
2 1 990 1 1310
2 1 1310 1 1630
2 1 1437 1 1757
2 1 860 1 1180
2 1 1178 1 1498
2 1 856 1 1496
2 1 1749 1 2069
2 1 850 1 1490
2 1 849 1 1489
2 1 849 1 1169
2 1 1169 1 1489
2 1 852 1 1172
2 1 852 1 1492
2 1 1172 1 1492
2 1 847 1 1167
2 1 1167 1 1487
2 1 847 1 1487
2 1 1164 1 1484
2 1 844 1 1164
2 1 844 1 1484
2 1 972 1 1292
2 1 841 1 1161
2 1 1161 1 1481
2 1 841 1 1481
2 1 969 1 1609
2 1 1289 1 1609
2 1 969 1 1289
2 1 1736 1 2056
2 1 1159 1 1479
2 1 839 1 1159
2 1 839 1 1479
2 1 838 1 1478
2 1 1413 1 1733
2 1 959 1 1919
2 1 1919 1 2239
2 1 959 1 2239
2 1 1022 1 1342
2 1 895 1 1215
2 1 895 1 1535
2 1 1215 1 1535
2 1 766 1 1086
2 1 1086 1 2046
2 1 766 1 2046
2 1 1085 1 2045
2 1 1789 1 2109
2 1 1469 1 1789
2 1 1469 1 2109
2 1 957 1 2237
2 1 764 1 2044
2 1 1212 1 1532
2 1 1916 1 2236
2 1 956 1 2236
2 1 956 1 1916
2 1 763 1 1083
2 1 762 1 2042
2 1 1337 1 1657
2 1 890 1 1530
2 1 1210 1 1530
2 1 890 1 1210
2 1 954 1 1914
2 1 1913 1 2233
2 1 760 1 1080
2 1 952 1 1912
2 1 952 1 2232
2 1 1912 1 2232
2 1 1079 1 2039
2 1 1463 1 2103
2 1 951 1 1911
2 1 951 1 2231
2 1 1911 1 2231
2 1 1013 1 1653
2 1 1206 1 1526
2 1 757 1 2037
2 1 757 1 1077
2 1 1077 1 2037
2 1 950 1 1910
2 1 1909 1 2229
2 1 948 1 2228
2 1 1908 1 2228
2 1 948 1 1908
2 1 1460 1 2100
2 1 755 1 1075
2 1 754 1 1074
2 1 946 1 2226
2 1 946 1 1906
2 1 1906 1 2226
2 1 1073 1 2033
2 1 1457 1 2097
2 1 945 1 1905
2 1 1327 1 1647
2 1 1007 1 1327
2 1 1007 1 1647
2 1 1200 1 1520
2 1 944 1 1904
2 1 1006 1 1646
2 1 1326 1 1646
2 1 1006 1 1326
2 1 1069 1 2029
2 1 748 1 2028
2 1 1068 1 2028
2 1 748 1 1068
2 1 940 1 2220
2 1 1067 1 2027
2 1 747 1 1067
2 1 747 1 2027
2 1 939 1 1899
2 1 746 1 1066
2 1 746 1 2026
2 1 1066 1 2026
2 1 938 1 2218
2 1 873 1 1193
2 1 937 1 1897
2 1 1897 1 2217
2 1 937 1 2217
2 1 1064 1 2024
2 1 743 1 1063
2 1 1447 1 1767
2 1 1447 1 2087
2 1 1767 1 2087
2 1 935 1 2215
2 1 742 1 1062
2 1 741 1 2021
2 1 1061 1 2021
2 1 741 1 1061
2 1 934 1 2214
2 1 933 1 1893
2 1 740 1 1060
2 1 740 1 2020
2 1 1060 1 2020
2 1 932 1 1892
2 1 932 1 2212
2 1 1892 1 2212
2 1 739 1 2019
2 1 931 1 2211
2 1 1443 1 2083
2 1 1443 1 1763
2 1 1763 1 2083
2 1 867 1 1507
2 1 738 1 2018
2 1 1058 1 2018
2 1 738 1 1058
2 1 994 1 1314
2 1 1761 1 2081
2 1 1441 1 2081
2 1 1441 1 1761
2 1 1185 1 1505
2 1 865 1 1185
2 1 865 1 1505
2 1 929 1 1889
2 1 736 1 2016
2 1 1056 1 2016
2 1 736 1 1056
2 1 1055 1 2015
2 1 735 1 1055
2 1 735 1 2015
2 1 1888 1 2208
2 1 1054 1 2014
2 1 734 1 2014
2 1 734 1 1054
2 1 927 1 1887
2 1 926 1 2206
2 1 1886 1 2206
2 1 926 1 1886
2 1 1438 1 1758
2 1 1758 1 2078
2 1 1438 1 2078
2 1 733 1 2013
2 1 1181 1 1501
2 1 1052 1 2012
2 1 925 1 2205
2 1 1884 1 2204
2 1 1435 1 1755
2 1 1755 1 2075
2 1 1435 1 2075
2 1 986 1 1626
2 1 1306 1 1626
2 1 986 1 1306
2 1 730 1 1050
2 1 1050 1 2010
2 1 730 1 2010
2 1 984 1 1624
2 1 1048 1 2008
2 1 921 1 1881
2 1 727 1 2007
2 1 855 1 1175
2 1 919 1 1879
2 1 1879 1 2199
2 1 919 1 2199
2 1 1302 1 1622
2 1 726 1 1046
2 1 1046 1 2006
2 1 726 1 2006
2 1 1430 1 2070
2 1 1430 1 1750
2 1 1750 1 2070
2 1 1300 1 1620
2 1 1044 1 2004
2 1 917 1 2197
2 1 1876 1 2196
2 1 1043 1 2003
2 1 723 1 1043
2 1 723 1 2003
2 1 915 1 1875
2 1 1042 1 2002
2 1 722 1 1042
2 1 722 1 2002
2 1 914 1 1874
2 1 1041 1 2001
2 1 913 1 1873
2 1 913 1 2193
2 1 1873 1 2193
2 1 720 1 1040
2 1 1040 1 2000
2 1 720 1 2000
2 1 912 1 1872
2 1 1422 1 1742
2 1 1422 1 2062
2 1 1742 1 2062
2 1 717 1 1037
2 1 1037 1 1997
2 1 717 1 1997
2 1 1870 1 2190
2 1 910 1 1870
2 1 910 1 2190
2 1 909 1 2189
2 1 908 1 1868
2 1 908 1 2188
2 1 1868 1 2188
2 1 907 1 1867
2 1 1867 1 2187
2 1 907 1 2187
2 1 970 1 1610
2 1 843 1 1163
2 1 1163 1 1483
2 1 843 1 1483
2 1 1034 1 1994
2 1 714 1 1034
2 1 714 1 1994
2 1 1417 1 1737
2 1 1737 1 2057
2 1 1417 1 2057
2 1 905 1 2185
2 1 712 1 1992
2 1 967 1 1607
2 1 1160 1 1480
2 1 711 1 1031
2 1 904 1 2184
2 1 1864 1 2184
2 1 904 1 1864
2 1 1863 1 2183
2 1 1030 1 1990
2 1 902 1 1862
2 1 902 1 2182
2 1 1862 1 2182
2 1 709 1 1989
2 1 901 1 2181
2 1 901 1 1861
2 1 1861 1 2181
2 1 708 1 1988
2 1 708 1 1028
2 1 1028 1 1988
2 1 964 1 1604
2 1 964 1 1284
2 1 1284 1 1604
2 1 837 1 1157
2 1 837 1 1477
2 1 1157 1 1477
2 1 1860 1 2180
2 1 1282 1 1602
2 1 1731 1 2051
2 1 1411 1 1731
2 1 1411 1 2051
2 1 835 1 1155
2 1 899 1 2179
2 1 706 1 1986
2 1 961 1 1601
2 1 1154 1 1474
2 1 705 1 1025
2 1 1025 1 1985
2 1 705 1 1985
2 1 1409 1 1729
2 1 1409 1 2049
2 1 1729 1 2049
2 1 1857 1 2177
2 1 704 1 1024
2 1 1024 1 1984
2 1 704 1 1984
2 1 896 1 2176
