444 2240
2 1 1471 1 2111
2 1 1471 1 1791
2 1 1791 1 2111
2 1 1467 1 1787
2 1 1467 1 2107
2 1 1787 1 2107
2 1 1450 1 1770
2 1 1775 1 2095
2 1 1450 1 2090
2 1 1770 1 2090
2 1 1443 1 2083
2 1 1443 1 1763
2 1 1763 1 2083
2 1 1433 1 1753
2 1 1435 1 1755
2 1 1435 1 2075
2 1 1755 1 2075
2 1 1753 1 2073
2 1 1433 1 2073
2 1 1432 1 2072
2 1 1749 1 2069
2 1 1431 1 1751
2 1 1751 1 2071
2 1 1431 1 2071
2 1 1429 1 1749
2 1 1429 1 2069
2 1 1412 1 2052
2 1 1731 1 2051
2 1 1410 1 1730
2 1 1730 1 2050
2 1 1409 1 2049
2 1 1410 1 2050
2 1 1409 1 1729
2 1 1729 1 2049
2 1 1408 1 2048
2 1 1728 1 2048
2 1 1408 1 1728
2 1 1421 1 1741
2 1 972 1 1612
2 1 1292 1 1612
2 1 972 1 1292
2 1 970 1 1610
2 1 1416 1 1736
2 1 1414 1 1734
2 1 1287 1 1607
2 1 967 1 1287
2 1 967 1 1607
2 1 965 1 1285
2 1 964 1 1284
2 1 964 1 1604
2 1 1284 1 1604
2 1 963 1 1603
2 1 960 1 1600
2 1 1463 1 1783
2 1 1007 1 1327
2 1 1007 1 1647
2 1 1327 1 1647
2 1 1006 1 1646
2 1 1326 1 1646
2 1 1006 1 1326
2 1 1002 1 1642
2 1 1000 1 1320
2 1 1000 1 1640
2 1 1320 1 1640
2 1 1304 1 1624
2 1 984 1 1304
2 1 984 1 1624
2 1 986 1 1306
2 1 982 1 1302
2 1 1300 1 1620
2 1 980 1 1620
2 1 978 1 1298
2 1 980 1 1300
2 1 835 1 1475
2 1 834 1 1154
2 1 1154 1 1474
2 1 1425 1 1745
2 1 834 1 1474
2 1 1153 1 1473
2 1 833 1 1153
2 1 833 1 1473
2 1 1790 1 2110
2 1 1470 1 2110
2 1 832 1 1472
2 1 1470 1 1790
2 1 1023 1 1343
2 1 895 1 1215
2 1 895 1 1535
2 1 1215 1 1535
2 1 1022 1 1342
2 1 1211 1 1531
2 1 1018 1 1338
2 1 890 1 1210
2 1 1210 1 1530
2 1 890 1 1530
2 1 1465 1 1785
2 1 1464 1 2104
2 1 887 1 1207
2 1 1207 1 1527
2 1 887 1 1527
2 1 1014 1 1654
2 1 1014 1 1334
2 1 1334 1 1654
2 1 1459 1 1779
2 1 1457 1 1777
2 1 1199 1 1519
2 1 878 1 1518
2 1 876 1 1516
2 1 1196 1 1516
2 1 876 1 1196
2 1 1195 1 1515
2 1 873 1 1513
2 1 1191 1 1511
2 1 998 1 1638
2 1 1190 1 1510
2 1 997 1 1637
2 1 1442 1 2082
2 1 1314 1 1634
2 1 994 1 1314
2 1 994 1 1634
2 1 1760 1 2080
2 1 863 1 1503
2 1 1183 1 1503
2 1 863 1 1183
2 1 1757 1 2077
2 1 990 1 1310
2 1 990 1 1630
2 1 1310 1 1630
2 1 859 1 1179
2 1 1438 1 1758
2 1 858 1 1498
2 1 1458 1 1778
2 1 1758 1 2078
2 1 1438 1 2078
2 1 1177 1 1497
2 1 856 1 1496
2 1 855 1 1495
2 1 1175 1 1495
2 1 855 1 1175
2 1 1750 1 2070
2 1 1430 1 2070
2 1 1430 1 1750
2 1 853 1 1493
2 1 853 1 1173
2 1 1173 1 1493
2 1 1428 1 2068
2 1 1748 1 2068
2 1 1428 1 1748
2 1 850 1 1170
2 1 848 1 1168
2 1 1423 1 1743
2 1 1743 1 2063
2 1 1423 1 2063
2 1 976 1 1296
2 1 846 1 1486
2 1 846 1 1166
2 1 1166 1 1486
2 1 1293 1 1613
2 1 973 1 1613
2 1 973 1 1293
2 1 1163 1 1483
2 1 840 1 1160
2 1 1288 1 1608
2 1 968 1 1288
2 1 968 1 1608
2 1 836 1 1476
2 1 1156 1 1476
2 1 836 1 1156
2 1 896 1 2176
2 1 1919 1 2239
2 1 959 1 1919
2 1 959 1 2239
2 1 958 1 2238
2 1 958 1 1918
2 1 1918 1 2238
2 1 894 1 1534
2 1 765 1 2045
2 1 1917 1 2237
2 1 1020 1 1660
2 1 1340 1 1660
2 1 1020 1 1340
2 1 1469 1 1789
2 1 1213 1 1533
2 1 893 1 1533
2 1 893 1 1213
2 1 1788 1 2108
2 1 851 1 1171
2 1 851 1 1491
2 1 1171 1 1491
2 1 1468 1 1788
2 1 1468 1 2108
2 1 763 1 1083
2 1 763 1 2043
2 1 1083 1 2043
2 1 762 1 1082
2 1 762 1 2042
2 1 1082 1 2042
2 1 1915 1 2235
2 1 954 1 2234
2 1 953 1 1913
2 1 1016 1 1336
2 1 1016 1 1656
2 1 1336 1 1656
2 1 889 1 1209
2 1 760 1 2040
2 1 888 1 1208
2 1 1335 1 1655
2 1 1015 1 1655
2 1 1015 1 1335
2 1 1079 1 2039
2 1 758 1 2038
2 1 886 1 1206
2 1 950 1 2230
2 1 950 1 1910
2 1 1910 1 2230
2 1 1333 1 1653
2 1 756 1 2036
2 1 1332 1 1652
2 1 1012 1 1652
2 1 1012 1 1332
2 1 1460 1 2100
2 1 755 1 2035
2 1 1203 1 1523
2 1 1330 1 1650
2 1 1010 1 1330
2 1 1010 1 1650
2 1 882 1 1202
2 1 753 1 2033
2 1 1328 1 1648
2 1 881 1 1201
2 1 1905 1 2225
2 1 752 1 1072
2 1 1072 1 2032
2 1 752 1 2032
2 1 1456 1 2096
2 1 751 1 2031
2 1 1071 1 2031
2 1 751 1 1071
2 1 750 1 1070
2 1 750 1 2030
2 1 1070 1 2030
2 1 943 1 1903
2 1 1454 1 2094
2 1 1774 1 2094
2 1 1454 1 1774
2 1 1902 1 2222
2 1 942 1 1902
2 1 942 1 2222
2 1 1069 1 2029
2 1 1068 1 2028
2 1 748 1 2028
2 1 748 1 1068
2 1 1901 1 2221
2 1 941 1 2221
2 1 941 1 1901
2 1 1452 1 2092
2 1 1772 1 2092
2 1 1452 1 1772
2 1 940 1 1900
2 1 747 1 1067
2 1 747 1 2027
2 1 1067 1 2027
2 1 1451 1 1771
2 1 746 1 1066
2 1 939 1 1899
2 1 939 1 2219
2 1 1899 1 2219
2 1 1065 1 2025
2 1 938 1 1898
2 1 1898 1 2218
2 1 938 1 2218
2 1 1897 1 2217
2 1 937 1 2217
2 1 937 1 1897
2 1 936 1 1896
2 1 999 1 1319
2 1 1768 1 2088
2 1 1448 1 1768
2 1 1448 1 2088
2 1 1063 1 2023
2 1 1767 1 2087
2 1 1895 1 2215
2 1 1446 1 2086
2 1 1446 1 1766
2 1 1766 1 2086
2 1 934 1 2214
2 1 741 1 2021
2 1 996 1 1316
2 1 1189 1 1509
2 1 1893 1 2213
2 1 933 1 2213
2 1 933 1 1893
2 1 868 1 1188
2 1 868 1 1508
2 1 1188 1 1508
2 1 739 1 2019
2 1 1059 1 2019
2 1 739 1 1059
2 1 995 1 1635
2 1 1315 1 1635
2 1 995 1 1315
2 1 1891 1 2211
2 1 930 1 2210
2 1 1890 1 2210
2 1 930 1 1890
2 1 866 1 1186
2 1 1186 1 1506
2 1 866 1 1506
2 1 993 1 1633
2 1 993 1 1313
2 1 1313 1 1633
2 1 1312 1 1632
2 1 992 1 1312
2 1 992 1 1632
2 1 865 1 1185
2 1 1185 1 1505
2 1 865 1 1505
2 1 736 1 2016
2 1 864 1 1184
2 1 1311 1 1631
2 1 1055 1 2015
2 1 735 1 1055
2 1 735 1 2015
2 1 1887 1 2207
2 1 734 1 2014
2 1 733 1 2013
2 1 989 1 1309
2 1 989 1 1629
2 1 1309 1 1629
2 1 1885 1 2205
2 1 988 1 1308
2 1 988 1 1628
2 1 1308 1 1628
2 1 861 1 1181
2 1 861 1 1501
2 1 1181 1 1501
2 1 732 1 2012
2 1 860 1 1500
2 1 731 1 1051
2 1 1051 1 2011
2 1 731 1 2011
2 1 1050 1 2010
2 1 730 1 2010
2 1 730 1 1050
2 1 1434 1 2074
2 1 922 1 2202
2 1 1049 1 2009
2 1 729 1 1049
2 1 729 1 2009
2 1 1048 1 2008
2 1 728 1 2008
2 1 728 1 1048
2 1 921 1 1881
2 1 920 1 2200
2 1 1047 1 2007
2 1 919 1 1879
2 1 726 1 2006
2 1 1174 1 1494
2 1 854 1 1174
2 1 854 1 1494
2 1 918 1 2198
2 1 1877 1 2197
2 1 852 1 1492
2 1 916 1 2196
2 1 1876 1 2196
2 1 916 1 1876
2 1 1043 1 2003
2 1 1875 1 2195
2 1 1042 1 2002
2 1 722 1 2002
2 1 722 1 1042
2 1 1426 1 1746
2 1 1874 1 2194
2 1 914 1 2194
2 1 914 1 1874
2 1 1041 1 2001
2 1 720 1 1040
2 1 720 1 2000
2 1 1040 1 2000
2 1 913 1 2193
2 1 913 1 1873
2 1 1873 1 2193
2 1 1424 1 2064
2 1 912 1 1872
2 1 912 1 2192
2 1 1872 1 2192
2 1 719 1 1999
2 1 1167 1 1487
2 1 718 1 1038
2 1 911 1 1871
2 1 1870 1 2190
2 1 1422 1 1742
2 1 1037 1 1997
2 1 1869 1 2189
2 1 909 1 1869
2 1 909 1 2189
2 1 908 1 2188
2 1 908 1 1868
2 1 1868 1 2188
2 1 1420 1 2060
2 1 844 1 1164
2 1 715 1 1035
2 1 715 1 1995
2 1 1035 1 1995
2 1 971 1 1291
2 1 1291 1 1611
2 1 971 1 1611
2 1 906 1 1866
2 1 906 1 2186
2 1 1866 1 2186
2 1 969 1 1289
2 1 1289 1 1609
2 1 969 1 1609
2 1 842 1 1162
2 1 713 1 1033
2 1 713 1 1993
2 1 1033 1 1993
2 1 712 1 1032
2 1 711 1 1991
2 1 903 1 2183
2 1 903 1 1863
2 1 1863 1 2183
2 1 966 1 1606
2 1 839 1 1159
2 1 1862 1 2182
2 1 709 1 1029
2 1 1029 1 1989
2 1 709 1 1989
2 1 1861 1 2181
2 1 901 1 2181
2 1 901 1 1861
2 1 708 1 1028
2 1 900 1 1860
2 1 707 1 1027
2 1 899 1 1859
2 1 1026 1 1986
2 1 898 1 2178
2 1 705 1 1025
2 1 705 1 1985
2 1 1025 1 1985
2 1 1857 1 2177
2 1 897 1 1857
2 1 897 1 2177
2 1 704 1 1024
