432 2240
2 1 1791 1 2111
2 1 1465 1 2105
2 1 1465 1 1785
2 1 1785 1 2105
2 1 1464 1 2104
2 1 1464 1 1784
2 1 1784 1 2104
2 1 1463 1 2103
2 1 1463 1 1783
2 1 1783 1 2103
2 1 1460 1 2100
2 1 1780 1 2100
2 1 1460 1 1780
2 1 1457 1 2097
2 1 1457 1 1777
2 1 1777 1 2097
2 1 1455 1 2095
2 1 1765 1 2085
2 1 1444 1 2084
2 1 1763 1 2083
2 1 1443 1 2083
2 1 1443 1 1763
2 1 1437 1 2077
2 1 1442 1 2082
2 1 1442 1 1762
2 1 1747 1 2067
2 1 1745 1 2065
2 1 1424 1 2064
2 1 1762 1 2082
2 1 1418 1 1738
2 1 1740 1 2060
2 1 1420 1 1740
2 1 1420 1 2060
2 1 1738 1 2058
2 1 1418 1 2058
2 1 1417 1 2057
2 1 1732 1 2052
2 1 973 1 1613
2 1 1412 1 2052
2 1 1412 1 1732
2 1 1423 1 1743
2 1 975 1 1295
2 1 974 1 1294
2 1 1294 1 1614
2 1 974 1 1614
2 1 973 1 1293
2 1 1293 1 1613
2 1 1292 1 1612
2 1 969 1 1289
2 1 1416 1 1736
2 1 967 1 1607
2 1 964 1 1284
2 1 962 1 1282
2 1 1282 1 1602
2 1 962 1 1602
2 1 960 1 1600
2 1 960 1 1280
2 1 1280 1 1600
2 1 1021 1 1661
2 1 1341 1 1661
2 1 1021 1 1341
2 1 1469 1 1789
2 1 1020 1 1660
2 1 1467 1 1787
2 1 1338 1 1658
2 1 1016 1 1336
2 1 1014 1 1334
2 1 1328 1 1648
2 1 1008 1 1328
2 1 1008 1 1648
2 1 1315 1 1635
2 1 1313 1 1633
2 1 990 1 1630
2 1 1310 1 1630
2 1 990 1 1310
2 1 987 1 1627
2 1 1298 1 1618
2 1 1450 1 1770
2 1 1297 1 1617
2 1 977 1 1297
2 1 977 1 1617
2 1 1155 1 1475
2 1 835 1 1155
2 1 835 1 1475
2 1 1410 1 1730
2 1 963 1 1283
2 1 1728 1 2048
2 1 895 1 1535
2 1 894 1 1534
2 1 893 1 1213
2 1 1019 1 1659
2 1 891 1 1211
2 1 1209 1 1529
2 1 888 1 1528
2 1 887 1 1527
2 1 1207 1 1527
2 1 887 1 1207
2 1 1462 1 1782
2 1 1779 1 2099
2 1 885 1 1205
2 1 1012 1 1332
2 1 1012 1 1652
2 1 1332 1 1652
2 1 1007 1 1647
2 1 1200 1 1520
2 1 1006 1 1646
2 1 1453 1 1773
2 1 880 1 1200
2 1 1195 1 1515
2 1 1002 1 1642
2 1 1321 1 1641
2 1 880 1 1520
2 1 1001 1 1641
2 1 874 1 1194
2 1 1001 1 1321
2 1 1446 1 2086
2 1 869 1 1509
2 1 869 1 1189
2 1 1189 1 1509
2 1 868 1 1188
2 1 1188 1 1508
2 1 868 1 1508
2 1 867 1 1187
2 1 1187 1 1507
2 1 867 1 1507
2 1 866 1 1506
2 1 994 1 1634
2 1 994 1 1314
2 1 1314 1 1634
2 1 1184 1 1504
2 1 1183 1 1503
2 1 1181 1 1501
2 1 860 1 1180
2 1 1180 1 1500
2 1 860 1 1500
2 1 1308 1 1628
2 1 988 1 1628
2 1 988 1 1308
2 1 1178 1 1498
2 1 1753 1 2073
2 1 1305 1 1625
2 1 1175 1 1495
2 1 1430 1 2070
2 1 982 1 1622
2 1 982 1 1302
2 1 1302 1 1622
2 1 850 1 1490
2 1 852 1 1172
2 1 1170 1 1490
2 1 850 1 1170
2 1 1169 1 1489
2 1 1168 1 1488
2 1 848 1 1168
2 1 848 1 1488
2 1 1167 1 1487
2 1 847 1 1167
2 1 847 1 1487
2 1 846 1 1166
2 1 1164 1 1484
2 1 843 1 1483
2 1 841 1 1481
2 1 841 1 1161
2 1 1161 1 1481
2 1 840 1 1480
2 1 1157 1 1477
2 1 1156 1 1476
2 1 767 1 1087
2 1 1087 1 2047
2 1 767 1 2047
2 1 1919 1 2239
2 1 1086 1 2046
2 1 766 1 1086
2 1 766 1 2046
2 1 958 1 2238
2 1 765 1 1085
2 1 1085 1 2045
2 1 765 1 2045
2 1 957 1 1917
2 1 764 1 2044
2 1 764 1 1084
2 1 1084 1 2044
2 1 956 1 2236
2 1 1083 1 2043
2 1 955 1 2235
2 1 1915 1 2235
2 1 955 1 1915
2 1 954 1 2234
2 1 1017 1 1657
2 1 761 1 1081
2 1 952 1 2232
2 1 951 1 1911
2 1 1911 1 2231
2 1 951 1 2231
2 1 886 1 1526
2 1 950 1 1910
2 1 1910 1 2230
2 1 950 1 2230
2 1 1077 1 2037
2 1 1781 1 2101
2 1 1461 1 1781
2 1 1461 1 2101
2 1 1909 1 2229
2 1 756 1 1076
2 1 948 1 2228
2 1 1907 1 2227
2 1 947 1 1907
2 1 947 1 2227
2 1 1010 1 1330
2 1 883 1 1523
2 1 883 1 1203
2 1 1203 1 1523
2 1 1458 1 2098
2 1 1778 1 2098
2 1 1458 1 1778
2 1 882 1 1522
2 1 1906 1 2226
2 1 1073 1 2033
2 1 752 1 1072
2 1 1905 1 2225
2 1 944 1 1904
2 1 1904 1 2224
2 1 944 1 2224
2 1 1456 1 1776
2 1 1071 1 2031
2 1 750 1 2030
2 1 943 1 2223
2 1 1903 1 2223
2 1 943 1 1903
2 1 1198 1 1518
2 1 878 1 1198
2 1 878 1 1518
2 1 942 1 1902
2 1 1325 1 1645
2 1 1004 1 1644
2 1 1003 1 1643
2 1 1323 1 1643
2 1 1003 1 1323
2 1 1452 1 1772
2 1 1772 1 2092
2 1 1452 1 2092
2 1 876 1 1196
2 1 1067 1 2027
2 1 938 1 2218
2 1 745 1 2025
2 1 937 1 1897
2 1 937 1 2217
2 1 1897 1 2217
2 1 873 1 1193
2 1 1000 1 1320
2 1 1000 1 1640
2 1 1320 1 1640
2 1 1768 1 2088
2 1 1448 1 2088
2 1 1448 1 1768
2 1 872 1 1512
2 1 1192 1 1512
2 1 872 1 1192
2 1 743 1 2023
2 1 999 1 1639
2 1 999 1 1319
2 1 1319 1 1639
2 1 1318 1 1638
2 1 1191 1 1511
2 1 1317 1 1637
2 1 870 1 1190
2 1 870 1 1510
2 1 1190 1 1510
2 1 741 1 1061
2 1 740 1 1060
2 1 740 1 2020
2 1 1060 1 2020
2 1 932 1 2212
2 1 739 1 1059
2 1 739 1 2019
2 1 1059 1 2019
2 1 931 1 1891
2 1 1058 1 2018
2 1 738 1 1058
2 1 738 1 2018
2 1 930 1 2210
2 1 930 1 1890
2 1 1890 1 2210
2 1 737 1 2017
2 1 1312 1 1632
2 1 1761 1 2081
2 1 1185 1 1505
2 1 865 1 1185
2 1 865 1 1505
2 1 929 1 1889
2 1 1889 1 2209
2 1 929 1 2209
2 1 736 1 1056
2 1 1056 1 2016
2 1 736 1 2016
2 1 1760 1 2080
2 1 1440 1 2080
2 1 1440 1 1760
2 1 735 1 1055
2 1 1439 1 2079
2 1 1759 1 2079
2 1 1439 1 1759
2 1 734 1 1054
2 1 1887 1 2207
2 1 927 1 2207
2 1 927 1 1887
2 1 1438 1 2078
2 1 733 1 1053
2 1 926 1 2206
2 1 732 1 2012
2 1 732 1 1052
2 1 1052 1 2012
2 1 925 1 1885
2 1 924 1 1884
2 1 1436 1 1756
2 1 1435 1 2075
2 1 986 1 1626
2 1 1306 1 1626
2 1 986 1 1306
2 1 730 1 1050
2 1 1050 1 2010
2 1 730 1 2010
2 1 1883 1 2203
2 1 923 1 2203
2 1 923 1 1883
2 1 984 1 1624
2 1 1304 1 1624
2 1 984 1 1304
2 1 1177 1 1497
2 1 728 1 2008
2 1 856 1 1496
2 1 856 1 1176
2 1 1176 1 1496
2 1 1880 1 2200
2 1 1047 1 2007
2 1 726 1 2006
2 1 918 1 1878
2 1 1878 1 2198
2 1 918 1 2198
2 1 981 1 1301
2 1 1301 1 1621
2 1 981 1 1621
2 1 854 1 1174
2 1 725 1 2005
2 1 980 1 1620
2 1 980 1 1300
2 1 1300 1 1620
2 1 853 1 1493
2 1 853 1 1173
2 1 1173 1 1493
2 1 724 1 1044
2 1 724 1 2004
2 1 1044 1 2004
2 1 1876 1 2196
2 1 1043 1 2003
2 1 723 1 2003
2 1 723 1 1043
2 1 722 1 1042
2 1 914 1 2194
2 1 1426 1 2066
2 1 721 1 2001
2 1 1041 1 2001
2 1 721 1 1041
2 1 720 1 2000
2 1 720 1 1040
2 1 1040 1 2000
2 1 1872 1 2192
2 1 912 1 1872
2 1 912 1 2192
2 1 719 1 1039
2 1 1039 1 1999
2 1 719 1 1999
2 1 718 1 1038
2 1 718 1 1998
2 1 1038 1 1998
2 1 1422 1 2062
2 1 910 1 1870
2 1 1870 1 2190
2 1 910 1 2190
2 1 717 1 1037
2 1 1036 1 1996
2 1 715 1 1995
2 1 1035 1 1995
2 1 715 1 1035
2 1 908 1 1868
2 1 1867 1 2187
2 1 907 1 1867
2 1 907 1 2187
2 1 714 1 1034
2 1 906 1 1866
2 1 713 1 1993
2 1 713 1 1033
2 1 1033 1 1993
2 1 1865 1 2185
2 1 905 1 2185
2 1 905 1 1865
2 1 712 1 1032
2 1 904 1 1864
2 1 711 1 1991
2 1 839 1 1159
2 1 903 1 1863
2 1 1863 1 2183
2 1 903 1 2183
2 1 1734 1 2054
2 1 709 1 1029
2 1 709 1 1989
2 1 1029 1 1989
2 1 1413 1 2053
2 1 1413 1 1733
2 1 1733 1 2053
2 1 901 1 2181
2 1 1861 1 2181
2 1 901 1 1861
2 1 1027 1 1987
2 1 900 1 1860
2 1 900 1 2180
2 1 1860 1 2180
2 1 899 1 1859
2 1 899 1 2179
2 1 1859 1 2179
2 1 1411 1 1731
2 1 706 1 1986
2 1 961 1 1601
2 1 1281 1 1601
2 1 961 1 1281
2 1 1025 1 1985
2 1 898 1 1858
2 1 898 1 2178
2 1 1858 1 2178
2 1 1409 1 1729
2 1 1856 1 2176
2 1 896 1 1856
2 1 896 1 2176
