424 2240
2 1 1471 1 2111
2 1 1470 1 1790
2 1 1470 1 2110
2 1 1790 1 2110
2 1 1464 1 2104
2 1 1461 1 2101
2 1 1461 1 1781
2 1 1781 1 2101
2 1 1457 1 2097
2 1 1772 1 2092
2 1 1771 1 2091
2 1 1451 1 1771
2 1 1451 1 2091
2 1 1449 1 2089
2 1 1447 1 1767
2 1 1767 1 2087
2 1 1447 1 2087
2 1 1445 1 2085
2 1 1444 1 2084
2 1 1440 1 1760
2 1 1760 1 2080
2 1 1440 1 2080
2 1 1439 1 2079
2 1 1759 1 2079
2 1 1439 1 1759
2 1 1432 1 1752
2 1 1432 1 2072
2 1 1752 1 2072
2 1 1739 1 2059
2 1 1419 1 2059
2 1 1419 1 1739
2 1 1418 1 1738
2 1 1418 1 2058
2 1 1734 1 2054
2 1 1733 1 2053
2 1 1738 1 2058
2 1 1411 1 1731
2 1 1411 1 2051
2 1 1731 1 2051
2 1 971 1 1611
2 1 966 1 1606
2 1 1284 1 1604
2 1 961 1 1601
2 1 1410 1 1730
2 1 964 1 1284
2 1 961 1 1281
2 1 964 1 1604
2 1 1281 1 1601
2 1 1023 1 1343
2 1 1336 1 1656
2 1 1335 1 1655
2 1 1013 1 1333
2 1 1015 1 1335
2 1 1333 1 1653
2 1 1013 1 1653
2 1 1007 1 1647
2 1 1327 1 1647
2 1 1007 1 1327
2 1 1015 1 1655
2 1 1454 1 1774
2 1 1005 1 1645
2 1 1003 1 1323
2 1 1332 1 1652
2 1 1002 1 1322
2 1 997 1 1317
2 1 994 1 1634
2 1 1316 1 1636
2 1 994 1 1314
2 1 996 1 1636
2 1 1314 1 1634
2 1 1437 1 1757
2 1 996 1 1316
2 1 1308 1 1628
2 1 987 1 1307
2 1 987 1 1627
2 1 1307 1 1627
2 1 983 1 1303
2 1 1430 1 1750
2 1 1299 1 1619
2 1 976 1 1616
2 1 1154 1 1474
2 1 1409 1 1729
2 1 1409 1 2049
2 1 1729 1 2049
2 1 834 1 1474
2 1 834 1 1154
2 1 962 1 1602
2 1 832 1 1472
2 1 1215 1 1535
2 1 1214 1 1534
2 1 894 1 1214
2 1 894 1 1534
2 1 1342 1 1662
2 1 1788 1 2108
2 1 1468 1 1788
2 1 1468 1 2108
2 1 1021 1 1661
2 1 1466 1 1786
2 1 1786 1 2106
2 1 1466 1 2106
2 1 889 1 1529
2 1 1208 1 1528
2 1 887 1 1207
2 1 1207 1 1527
2 1 887 1 1527
2 1 1778 1 2098
2 1 884 1 1524
2 1 1011 1 1651
2 1 1011 1 1331
2 1 1331 1 1651
2 1 881 1 1521
2 1 880 1 1520
2 1 1008 1 1648
2 1 1198 1 1518
2 1 1196 1 1516
2 1 875 1 1515
2 1 875 1 1195
2 1 1195 1 1515
2 1 874 1 1194
2 1 874 1 1514
2 1 1194 1 1514
2 1 873 1 1193
2 1 1768 1 2088
2 1 1320 1 1640
2 1 1321 1 1641
2 1 1001 1 1321
2 1 1001 1 1641
2 1 1191 1 1511
2 1 1190 1 1510
2 1 870 1 1510
2 1 871 1 1511
2 1 871 1 1191
2 1 870 1 1190
2 1 869 1 1189
2 1 1189 1 1509
2 1 869 1 1509
2 1 867 1 1507
2 1 995 1 1315
2 1 1315 1 1635
2 1 995 1 1635
2 1 868 1 1508
2 1 1188 1 1508
2 1 868 1 1188
2 1 863 1 1503
2 1 1183 1 1503
2 1 863 1 1183
2 1 1311 1 1631
2 1 1184 1 1504
2 1 1438 1 1758
2 1 1179 1 1499
2 1 861 1 1181
2 1 1178 1 1498
2 1 986 1 1306
2 1 1175 1 1495
2 1 855 1 1495
2 1 855 1 1175
2 1 1174 1 1494
2 1 1302 1 1622
2 1 982 1 1302
2 1 982 1 1622
2 1 852 1 1492
2 1 1170 1 1490
2 1 848 1 1168
2 1 974 1 1614
2 1 847 1 1167
2 1 1164 1 1484
2 1 1163 1 1483
2 1 842 1 1482
2 1 1417 1 1737
2 1 1737 1 2057
2 1 1417 1 2057
2 1 1736 1 2056
2 1 1289 1 1609
2 1 975 1 1295
2 1 839 1 1479
2 1 839 1 1159
2 1 1159 1 1479
2 1 837 1 1477
2 1 767 1 2047
2 1 767 1 1087
2 1 1087 1 2047
2 1 1728 1 2048
2 1 1086 1 2046
2 1 959 1 2239
2 1 958 1 1918
2 1 765 1 2045
2 1 893 1 1533
2 1 957 1 1917
2 1 957 1 2237
2 1 1917 1 2237
2 1 1340 1 1660
2 1 764 1 2044
2 1 892 1 1212
2 1 1018 1 1658
2 1 1787 1 2107
2 1 1467 1 1787
2 1 1467 1 2107
2 1 1211 1 1531
2 1 891 1 1211
2 1 891 1 1531
2 1 1337 1 1657
2 1 1210 1 1530
2 1 1914 1 2234
2 1 1785 1 2105
2 1 760 1 2040
2 1 1080 1 2040
2 1 760 1 1080
2 1 1079 1 2039
2 1 759 1 1079
2 1 759 1 2039
2 1 952 1 1912
2 1 1912 1 2232
2 1 952 1 2232
2 1 951 1 1911
2 1 1463 1 1783
2 1 1078 1 2038
2 1 1462 1 1782
2 1 1782 1 2102
2 1 1462 1 2102
2 1 1077 1 2037
2 1 757 1 1077
2 1 757 1 2037
2 1 1910 1 2230
2 1 950 1 2230
2 1 950 1 1910
2 1 756 1 1076
2 1 949 1 2229
2 1 1909 1 2229
2 1 949 1 1909
2 1 948 1 2228
2 1 1908 1 2228
2 1 948 1 1908
2 1 1780 1 2100
2 1 755 1 1075
2 1 1459 1 1779
2 1 947 1 2227
2 1 1907 1 2227
2 1 947 1 1907
2 1 1009 1 1649
2 1 753 1 1073
2 1 946 1 1906
2 1 1906 1 2226
2 1 946 1 2226
2 1 1905 1 2225
2 1 1072 1 2032
2 1 752 1 1072
2 1 752 1 2032
2 1 944 1 1904
2 1 879 1 1199
2 1 1199 1 1519
2 1 879 1 1519
2 1 1006 1 1646
2 1 1070 1 2030
2 1 941 1 2221
2 1 1324 1 1644
2 1 1004 1 1644
2 1 1004 1 1324
2 1 877 1 1197
2 1 747 1 1067
2 1 939 1 2219
2 1 1899 1 2219
2 1 939 1 1899
2 1 1066 1 2026
2 1 938 1 2218
2 1 1898 1 2218
2 1 938 1 1898
2 1 1065 1 2025
2 1 937 1 1897
2 1 744 1 2024
2 1 1319 1 1639
2 1 872 1 1512
2 1 872 1 1192
2 1 1192 1 1512
2 1 743 1 1063
2 1 742 1 1062
2 1 934 1 2214
2 1 741 1 1061
2 1 740 1 1060
2 1 932 1 1892
2 1 739 1 2019
2 1 739 1 1059
2 1 1059 1 2019
2 1 1443 1 1763
2 1 738 1 2018
2 1 1442 1 1762
2 1 737 1 1057
2 1 737 1 2017
2 1 1057 1 2017
2 1 930 1 1890
2 1 930 1 2210
2 1 1890 1 2210
2 1 1441 1 2081
2 1 736 1 1056
2 1 1056 1 2016
2 1 736 1 2016
2 1 1889 1 2209
2 1 735 1 1055
2 1 927 1 2207
2 1 734 1 2014
2 1 926 1 2206
2 1 926 1 1886
2 1 1886 1 2206
2 1 1309 1 1629
2 1 989 1 1629
2 1 989 1 1309
2 1 1182 1 1502
2 1 862 1 1182
2 1 862 1 1502
2 1 1053 1 2013
2 1 733 1 1053
2 1 733 1 2013
2 1 1885 1 2205
2 1 1884 1 2204
2 1 924 1 1884
2 1 924 1 2204
2 1 731 1 2011
2 1 1051 1 2011
2 1 731 1 1051
2 1 1755 1 2075
2 1 1050 1 2010
2 1 1754 1 2074
2 1 729 1 2009
2 1 922 1 2202
2 1 1177 1 1497
2 1 981 1 1301
2 1 1301 1 1621
2 1 981 1 1621
2 1 728 1 1048
2 1 921 1 2201
2 1 1047 1 2007
2 1 727 1 1047
2 1 727 1 2007
2 1 919 1 1879
2 1 1879 1 2199
2 1 919 1 2199
2 1 1751 1 2071
2 1 1431 1 2071
2 1 1431 1 1751
2 1 726 1 1046
2 1 726 1 2006
2 1 1046 1 2006
2 1 918 1 1878
2 1 1878 1 2198
2 1 918 1 2198
2 1 1300 1 1620
2 1 917 1 1877
2 1 917 1 2197
2 1 1877 1 2197
2 1 724 1 2004
2 1 724 1 1044
2 1 1044 1 2004
2 1 1748 1 2068
2 1 723 1 1043
2 1 1747 1 2067
2 1 1042 1 2002
2 1 722 1 1042
2 1 722 1 2002
2 1 915 1 2195
2 1 721 1 1041
2 1 1874 1 2194
2 1 914 1 2194
2 1 914 1 1874
2 1 913 1 1873
2 1 1873 1 2193
2 1 913 1 2193
2 1 1040 1 2000
2 1 720 1 2000
2 1 720 1 1040
2 1 719 1 1039
2 1 911 1 1871
2 1 1293 1 1613
2 1 973 1 1293
2 1 973 1 1613
2 1 1422 1 1742
2 1 1422 1 2062
2 1 1742 1 2062
2 1 910 1 1870
2 1 1869 1 2189
2 1 715 1 1035
2 1 1034 1 1994
2 1 907 1 1867
2 1 1866 1 2186
2 1 906 1 1866
2 1 906 1 2186
2 1 713 1 1993
2 1 905 1 2185
2 1 905 1 1865
2 1 1865 1 2185
2 1 968 1 1608
2 1 968 1 1288
2 1 1288 1 1608
2 1 841 1 1481
2 1 712 1 1992
2 1 1864 1 2184
2 1 967 1 1607
2 1 840 1 1480
2 1 1030 1 1990
2 1 709 1 1029
2 1 902 1 1862
2 1 1862 1 2182
2 1 902 1 2182
2 1 901 1 2181
2 1 708 1 1988
2 1 900 1 2180
2 1 1860 1 2180
2 1 900 1 1860
2 1 1283 1 1603
2 1 963 1 1603
2 1 963 1 1283
2 1 1027 1 1987
2 1 1412 1 1732
2 1 1156 1 1476
2 1 836 1 1156
2 1 836 1 1476
2 1 1026 1 1986
2 1 898 1 2178
2 1 1280 1 1600
2 1 833 1 1153
2 1 897 1 2177
2 1 1857 1 2177
2 1 897 1 1857
2 1 704 1 1984
2 1 1024 1 1984
2 1 704 1 1024
