651 2240
2 1 1791 1 2111
2 1 1471 1 2111
2 1 1471 1 1791
2 1 1468 1 2108
2 1 1788 1 2108
2 1 1466 1 2106
2 1 1468 1 1788
2 1 1466 1 1786
2 1 1786 1 2106
2 1 1774 1 2094
2 1 1453 1 1773
2 1 1453 1 2093
2 1 1773 1 2093
2 1 1452 1 2092
2 1 1450 1 2090
2 1 1450 1 1770
2 1 1770 1 2090
2 1 1448 1 2088
2 1 1445 1 1765
2 1 1445 1 2085
2 1 1765 1 2085
2 1 1441 1 2081
2 1 1435 1 1755
2 1 1755 1 2075
2 1 1435 1 2075
2 1 1432 1 1752
2 1 1433 1 2073
2 1 1752 1 2072
2 1 1432 1 2072
2 1 1749 1 2069
2 1 1427 1 2067
2 1 1732 1 2052
2 1 1409 1 2049
2 1 1729 1 2049
2 1 1409 1 1729
2 1 968 1 1288
2 1 1731 1 2051
2 1 1415 1 1735
2 1 1285 1 1605
2 1 962 1 1602
2 1 1023 1 1663
2 1 1021 1 1341
2 1 1464 1 1784
2 1 1017 1 1337
2 1 1457 1 1777
2 1 1008 1 1328
2 1 1328 1 1648
2 1 1008 1 1648
2 1 1005 1 1325
2 1 1005 1 1645
2 1 1325 1 1645
2 1 1001 1 1641
2 1 1000 1 1320
2 1 998 1 1638
2 1 998 1 1318
2 1 1318 1 1638
2 1 1446 1 1766
2 1 1308 1 1628
2 1 988 1 1308
2 1 988 1 1628
2 1 986 1 1306
2 1 1303 1 1623
2 1 1304 1 1624
2 1 1302 1 1622
2 1 984 1 1304
2 1 1301 1 1621
2 1 984 1 1624
2 1 979 1 1619
2 1 1283 1 1603
2 1 979 1 1299
2 1 1299 1 1619
2 1 835 1 1475
2 1 833 1 1153
2 1 833 1 1473
2 1 1153 1 1473
2 1 832 1 1152
2 1 1152 1 1472
2 1 832 1 1472
2 1 894 1 1534
2 1 1342 1 1662
2 1 1469 1 2109
2 1 1789 1 2109
2 1 1212 1 1532
2 1 892 1 1212
2 1 892 1 1532
2 1 891 1 1531
2 1 1469 1 1789
2 1 891 1 1211
2 1 1211 1 1531
2 1 1209 1 1529
2 1 1783 1 2103
2 1 1016 1 1656
2 1 1336 1 1656
2 1 1016 1 1336
2 1 889 1 1529
2 1 1206 1 1526
2 1 889 1 1209
2 1 886 1 1206
2 1 886 1 1526
2 1 1013 1 1333
2 1 1013 1 1653
2 1 1333 1 1653
2 1 1778 1 2098
2 1 881 1 1521
2 1 1776 1 2096
2 1 1459 1 2099
2 1 1456 1 1776
2 1 1456 1 2096
2 1 879 1 1519
2 1 877 1 1517
2 1 876 1 1516
2 1 1451 1 2091
2 1 874 1 1514
2 1 1193 1 1513
2 1 873 1 1193
2 1 873 1 1513
2 1 1192 1 1512
2 1 1191 1 1511
2 1 871 1 1511
2 1 871 1 1191
2 1 869 1 1189
2 1 1444 1 2084
2 1 1444 1 1764
2 1 1764 1 2084
2 1 1779 1 2099
2 1 997 1 1317
2 1 1316 1 1636
2 1 996 1 1636
2 1 996 1 1316
2 1 866 1 1186
2 1 865 1 1185
2 1 992 1 1632
2 1 1312 1 1632
2 1 992 1 1312
2 1 862 1 1182
2 1 1181 1 1501
2 1 1309 1 1629
2 1 989 1 1629
2 1 989 1 1309
2 1 1179 1 1499
2 1 857 1 1177
2 1 856 1 1496
2 1 1176 1 1496
2 1 856 1 1176
2 1 855 1 1495
2 1 1175 1 1495
2 1 855 1 1175
2 1 854 1 1174
2 1 853 1 1173
2 1 853 1 1493
2 1 1173 1 1493
2 1 852 1 1492
2 1 852 1 1172
2 1 1172 1 1492
2 1 850 1 1170
2 1 1170 1 1490
2 1 850 1 1490
2 1 1742 1 2062
2 1 1422 1 2062
2 1 1422 1 1742
2 1 1294 1 1614
2 1 1291 1 1611
2 1 971 1 1611
2 1 971 1 1291
2 1 838 1 1158
2 1 966 1 1606
2 1 1286 1 1606
2 1 966 1 1286
2 1 836 1 1156
2 1 896 1 2176
2 1 896 1 1856
2 1 1856 1 2176
2 1 767 1 1087
2 1 1086 1 2046
2 1 959 1 1919
2 1 1470 1 2110
2 1 1470 1 1790
2 1 1790 1 2110
2 1 958 1 2238
2 1 958 1 1918
2 1 1918 1 2238
2 1 765 1 2045
2 1 1020 1 1340
2 1 1084 1 2044
2 1 957 1 1917
2 1 957 1 2237
2 1 1917 1 2237
2 1 1916 1 2236
2 1 1083 1 2043
2 1 1787 1 2107
2 1 1467 1 1787
2 1 1467 1 2107
2 1 955 1 2235
2 1 955 1 1915
2 1 1915 1 2235
2 1 762 1 1082
2 1 762 1 2042
2 1 1082 1 2042
2 1 1081 1 2041
2 1 761 1 1081
2 1 761 1 2041
2 1 954 1 1914
2 1 954 1 2234
2 1 1914 1 2234
2 1 953 1 2233
2 1 1913 1 2233
2 1 953 1 1913
2 1 760 1 2040
2 1 760 1 1080
2 1 1080 1 2040
2 1 952 1 2232
2 1 1912 1 2232
2 1 952 1 1912
2 1 951 1 1911
2 1 1911 1 2231
2 1 951 1 2231
2 1 1334 1 1654
2 1 1014 1 1654
2 1 1014 1 1334
2 1 1910 1 2230
2 1 1462 1 2102
2 1 1462 1 1782
2 1 1782 1 2102
2 1 1461 1 1781
2 1 1012 1 1652
2 1 949 1 2229
2 1 1331 1 1651
2 1 1011 1 1331
2 1 1011 1 1651
2 1 1459 1 1779
2 1 1908 1 2228
2 1 1010 1 1650
2 1 883 1 1203
2 1 754 1 2034
2 1 1906 1 2226
2 1 882 1 1522
2 1 882 1 1202
2 1 1202 1 1522
2 1 1073 1 2033
2 1 753 1 2033
2 1 753 1 1073
2 1 1329 1 1649
2 1 1009 1 1649
2 1 1009 1 1329
2 1 1905 1 2225
2 1 944 1 1904
2 1 944 1 2224
2 1 1904 1 2224
2 1 1007 1 1647
2 1 1327 1 1647
2 1 1007 1 1327
2 1 880 1 1200
2 1 751 1 2031
2 1 751 1 1071
2 1 1071 1 2031
2 1 1903 1 2223
2 1 1070 1 2030
2 1 942 1 1902
2 1 749 1 2029
2 1 749 1 1069
2 1 1069 1 2029
2 1 1901 1 2221
2 1 941 1 2221
2 1 941 1 1901
2 1 748 1 1068
2 1 1900 1 2220
2 1 940 1 2220
2 1 940 1 1900
2 1 747 1 2027
2 1 939 1 1899
2 1 875 1 1195
2 1 875 1 1515
2 1 1195 1 1515
2 1 745 1 1065
2 1 1449 1 2089
2 1 1769 1 2089
2 1 1449 1 1769
2 1 937 1 2217
2 1 936 1 2216
2 1 935 1 1895
2 1 1767 1 2087
2 1 1447 1 1767
2 1 1447 1 2087
2 1 1062 1 2022
2 1 934 1 2214
2 1 934 1 1894
2 1 1894 1 2214
2 1 933 1 2213
2 1 933 1 1893
2 1 1893 1 2213
2 1 868 1 1508
2 1 1892 1 2212
2 1 932 1 1892
2 1 932 1 2212
2 1 867 1 1507
2 1 1187 1 1507
2 1 867 1 1187
2 1 1891 1 2211
2 1 738 1 1058
2 1 737 1 1057
2 1 929 1 2209
2 1 929 1 1889
2 1 1889 1 2209
2 1 736 1 2016
2 1 864 1 1184
2 1 864 1 1504
2 1 1184 1 1504
2 1 991 1 1311
2 1 1887 1 2207
2 1 990 1 1310
2 1 1310 1 1630
2 1 990 1 1630
2 1 863 1 1183
2 1 734 1 2014
2 1 734 1 1054
2 1 1054 1 2014
2 1 1438 1 2078
2 1 1053 1 2013
2 1 1437 1 1757
2 1 732 1 2012
2 1 1436 1 2076
2 1 1436 1 1756
2 1 1756 1 2076
2 1 731 1 1051
2 1 1051 1 2011
2 1 731 1 2011
2 1 987 1 1307
2 1 1307 1 1627
2 1 987 1 1627
2 1 924 1 2204
2 1 730 1 2010
2 1 1305 1 1625
2 1 858 1 1498
2 1 1178 1 1498
2 1 858 1 1178
2 1 922 1 1882
2 1 922 1 2202
2 1 1882 1 2202
2 1 729 1 1049
2 1 729 1 2009
2 1 1049 1 2009
2 1 728 1 1048
2 1 727 1 2007
2 1 727 1 1047
2 1 1047 1 2007
2 1 919 1 2199
2 1 726 1 1046
2 1 918 1 2198
2 1 1045 1 2005
2 1 725 1 2005
2 1 725 1 1045
2 1 724 1 2004
2 1 1044 1 2004
2 1 724 1 1044
2 1 916 1 2196
2 1 1876 1 2196
2 1 916 1 1876
2 1 1428 1 1748
2 1 1428 1 2068
2 1 1748 1 2068
2 1 723 1 1043
2 1 1042 1 2002
2 1 722 1 1042
2 1 722 1 2002
2 1 915 1 2195
2 1 915 1 1875
2 1 1875 1 2195
2 1 1426 1 1746
2 1 914 1 1874
2 1 1425 1 2065
2 1 720 1 1040
2 1 1040 1 2000
2 1 720 1 2000
2 1 1873 1 2193
2 1 913 1 1873
2 1 913 1 2193
2 1 1424 1 2064
2 1 1744 1 2064
2 1 1424 1 1744
2 1 1039 1 1999
2 1 719 1 1039
2 1 719 1 1999
2 1 1423 1 1743
2 1 1423 1 2063
2 1 1743 1 2063
2 1 1871 1 2191
2 1 911 1 1871
2 1 911 1 2191
2 1 1166 1 1486
2 1 1870 1 2190
2 1 910 1 2190
2 1 910 1 1870
2 1 1869 1 2189
2 1 845 1 1485
2 1 845 1 1165
2 1 1165 1 1485
2 1 972 1 1612
2 1 1036 1 1996
2 1 1420 1 1740
2 1 715 1 1995
2 1 970 1 1290
2 1 970 1 1610
2 1 1290 1 1610
2 1 714 1 1994
2 1 1867 1 2187
2 1 907 1 2187
2 1 907 1 1867
2 1 1162 1 1482
2 1 969 1 1609
2 1 1033 1 1993
2 1 967 1 1607
2 1 967 1 1287
2 1 1287 1 1607
2 1 711 1 1031
2 1 1031 1 1991
2 1 711 1 1991
2 1 904 1 1864
2 1 710 1 1030
2 1 1030 1 1990
2 1 710 1 1990
2 1 902 1 2182
2 1 1862 1 2182
2 1 902 1 1862
2 1 964 1 1604
2 1 1028 1 1988
2 1 708 1 1988
2 1 708 1 1028
2 1 837 1 1477
2 1 1860 1 2180
2 1 1027 1 1987
2 1 707 1 1027
2 1 707 1 1987
2 1 1859 1 2179
2 1 899 1 1859
2 1 899 1 2179
2 1 706 1 1986
2 1 898 1 2178
2 1 961 1 1281
2 1 834 1 1474
2 1 705 1 1025
2 1 1024 1 1984
3 1 537 1 733 1 1053
3 1 566 1 826 1 1466
3 1 537 1 733 1 2013
3 1 569 1 829 1 1469
3 1 569 1 829 1 1789
3 1 569 1 829 1 2109
3 1 360 1 753 1 1393
3 1 360 1 1073 1 1393
3 1 585 1 1197 1 1517
3 1 585 1 877 1 1197
3 1 360 1 1393 1 2033
3 1 488 1 1297 1 1937
3 1 573 1 769 1 1409
3 1 465 1 1658 1 1978
3 1 550 1 810 1 2090
3 1 369 1 1338 1 1658
3 1 363 1 756 1 1396
3 1 635 1 1247 1 2207
3 1 340 1 1373 1 2013
3 1 635 1 1247 1 1887
3 1 573 1 769 1 2049
3 1 573 1 769 1 1729
3 1 550 1 810 1 1450
3 1 566 1 826 1 2106
3 1 390 1 863 1 1823
3 1 571 1 831 1 2111
3 1 566 1 826 1 1786
3 1 568 1 828 1 1788
3 1 568 1 828 1 1468
3 1 571 1 831 1 1791
3 1 550 1 810 1 1770
3 1 568 1 828 1 2108
3 1 548 1 808 1 2088
3 1 548 1 808 1 1448
3 1 571 1 831 1 1471
3 1 320 1 969 1 1289
3 1 399 1 1768 1 2088
3 1 446 1 1175 1 1815
3 1 399 1 1448 1 1768
3 1 340 1 1053 1 1373
3 1 562 1 758 1 1078
3 1 607 1 1219 1 2179
3 1 545 1 805 1 2085
3 1 560 1 820 1 1780
3 1 456 1 1649 1 1969
3 1 363 1 1012 1 1332
3 1 620 1 1232 1 1872
3 1 452 1 1005 1 1965
3 1 339 1 732 1 1372
3 1 545 1 805 1 1445
3 1 545 1 805 1 1765
3 1 452 1 1325 1 1965
3 1 559 1 819 1 1459
3 1 590 1 1266 1 1906
3 1 535 1 795 1 1435
3 1 452 1 1645 1 1965
3 1 365 1 1078 1 1398
3 1 342 1 1375 1 2015
3 1 556 1 816 1 1456
3 1 552 1 812 1 2092
3 1 403 1 1452 1 1772
3 1 554 1 814 1 2094
3 1 589 1 1265 1 1905
3 1 554 1 814 1 1774
3 1 553 1 813 1 2093
3 1 595 1 951 1 1271
3 1 539 1 735 1 2015
3 1 392 1 1185 1 1825
3 1 553 1 813 1 1453
3 1 553 1 813 1 1773
3 1 456 1 1009 1 1969
3 1 403 1 1772 1 2092
3 1 552 1 812 1 1452
3 1 556 1 816 1 2096
3 1 619 1 1167 1 1487
3 1 424 1 1153 1 1793
3 1 557 1 817 1 1457
3 1 463 1 1016 1 1976
3 1 363 1 1332 1 1652
3 1 593 1 1269 1 2229
3 1 590 1 1266 1 2226
3 1 509 1 1638 1 1958
3 1 411 1 1204 1 1844
3 1 456 1 1329 1 1969
3 1 513 1 709 1 1989
3 1 556 1 816 1 1776
3 1 439 1 1488 1 1808
3 1 604 1 896 1 1216
3 1 374 1 1023 1 1343
3 1 462 1 1015 1 1975
3 1 343 1 736 1 1376
3 1 592 1 1268 1 1908
3 1 633 1 925 1 1245
3 1 393 1 866 1 1826
3 1 535 1 795 1 1755
3 1 535 1 795 1 2075
3 1 338 1 731 1 1371
3 1 460 1 1653 1 1973
3 1 339 1 1372 1 2012
3 1 459 1 1012 1 1972
3 1 461 1 1014 1 1974
3 1 337 1 730 1 1370
3 1 332 1 1045 1 1365
3 1 623 1 1235 1 1875
3 1 386 1 1179 1 1819
3 1 450 1 1003 1 1963
3 1 438 1 1487 1 1807
3 1 333 1 1046 1 1366
3 1 477 1 1286 1 1926
3 1 503 1 1632 1 1952
3 1 469 1 1662 1 1982
3 1 519 1 779 1 2059
3 1 366 1 1015 1 1335
3 1 479 1 1288 1 1928
3 1 575 1 771 1 2051
3 1 482 1 971 1 1931
3 1 607 1 1219 1 1859
3 1 476 1 1605 1 1925
3 1 503 1 928 1 2208
3 1 369 1 1402 1 2042
3 1 520 1 716 1 1036
3 1 337 1 1370 1 2010
3 1 510 1 1895 1 2215
3 1 561 1 821 1 1781
3 1 636 1 928 1 1248
3 1 459 1 1652 1 1972
3 1 490 1 979 1 1939
3 1 390 1 1439 1 1759
3 1 592 1 1268 1 2228
3 1 441 1 850 1 1810
3 1 546 1 742 1 1062
3 1 464 1 1337 1 1977
3 1 575 1 771 1 1731
3 1 563 1 759 1 2039
3 1 457 1 1010 1 1970
3 1 606 1 898 1 1218
3 1 599 1 955 1 1275
3 1 609 1 901 1 1221
3 1 568 1 764 1 1084
3 1 572 1 704 1 1024
3 1 341 1 1054 1 1374
3 1 407 1 880 1 1840
3 1 355 1 1324 1 1644
3 1 416 1 889 1 1849
3 1 620 1 1168 1 1488
3 1 476 1 901 1 2181
3 1 475 1 964 1 1924
3 1 460 1 1013 1 1973
3 1 479 1 968 1 1928
3 1 564 1 824 1 1464
3 1 537 1 797 1 1437
3 1 606 1 1218 1 2178
3 1 436 1 1485 1 1805
3 1 602 1 894 1 1214
3 1 598 1 1210 1 1530
3 1 582 1 1194 1 1514
3 1 374 1 767 1 1407
3 1 341 1 734 1 1374
3 1 402 1 1451 1 1771
3 1 502 1 1311 1 1951
3 1 362 1 1395 1 2035
3 1 572 1 704 1 1984
3 1 429 1 838 1 1798
3 1 468 1 1021 1 1981
3 1 387 1 1180 1 1820
3 1 612 1 904 1 1224
3 1 594 1 1270 1 1910
3 1 499 1 988 1 1948
3 1 429 1 1158 1 1798
3 1 352 1 1065 1 1385
3 1 544 1 804 1 1444
3 1 379 1 1284 1 1604
3 1 630 1 922 1 1242
3 1 611 1 839 1 1159
3 1 413 1 1206 1 1846
3 1 529 1 789 1 2069
3 1 441 1 1490 1 1810
3 1 500 1 925 1 2205
3 1 355 1 748 1 1388
3 1 510 1 999 1 1959
3 1 504 1 1633 1 1953
3 1 564 1 824 1 1784
3 1 557 1 817 1 1777
3 1 392 1 1761 1 2081
3 1 410 1 883 1 1843
3 1 410 1 1203 1 1843
3 1 381 1 710 1 1350
3 1 534 1 794 1 1434
3 1 570 1 766 1 2046
3 1 366 1 1399 1 2039
3 1 468 1 1341 1 1981
3 1 390 1 1183 1 1823
3 1 429 1 1734 1 2054
3 1 349 1 1382 1 2022
3 1 595 1 1271 1 1911
3 1 417 1 1530 1 1850
3 1 595 1 1271 1 2231
3 1 607 1 899 1 1219
3 1 393 1 1186 1 1826
3 1 391 1 864 1 1824
3 1 455 1 1328 1 1968
3 1 442 1 1747 1 2067
3 1 530 1 790 1 2070
3 1 330 1 1043 1 1363
3 1 601 1 1213 1 1533
3 1 418 1 891 1 1851
3 1 392 1 1441 1 1761
3 1 328 1 721 1 1361
3 1 352 1 745 1 1385
3 1 441 1 1170 1 1810
