857 2240
2 1 1790 1 2110
2 1 1469 1 2109
2 1 1789 1 2109
2 1 1469 1 1789
2 1 1467 1 2107
2 1 1467 1 1787
2 1 1787 1 2107
2 1 1466 1 2106
2 1 1466 1 1786
2 1 1786 1 2106
2 1 1454 1 2094
2 1 1451 1 2091
2 1 1770 1 2090
2 1 1760 1 2080
2 1 1450 1 2090
2 1 1758 1 2078
2 1 1450 1 1770
2 1 1750 1 2070
2 1 1429 1 2069
2 1 1440 1 2080
2 1 1428 1 1748
2 1 1440 1 1760
2 1 1428 1 2068
2 1 1748 1 2068
2 1 1427 1 1747
2 1 1427 1 2067
2 1 1747 1 2067
2 1 1745 1 2065
2 1 1425 1 2065
2 1 1425 1 1745
2 1 1744 1 2064
2 1 1420 1 2060
2 1 1740 1 2060
2 1 1420 1 1740
2 1 1739 1 2059
2 1 1419 1 1739
2 1 1419 1 2059
2 1 1417 1 1737
2 1 1737 1 2057
2 1 1417 1 2057
2 1 1410 1 2050
2 1 1732 1 2052
2 1 1412 1 2052
2 1 1412 1 1732
2 1 971 1 1611
2 1 1408 1 2048
2 1 971 1 1291
2 1 1291 1 1611
2 1 1408 1 1728
2 1 1728 1 2048
2 1 1290 1 1610
2 1 1416 1 1736
2 1 967 1 1607
2 1 1287 1 1607
2 1 967 1 1287
2 1 965 1 1605
2 1 963 1 1283
2 1 963 1 1603
2 1 1283 1 1603
2 1 962 1 1602
2 1 962 1 1282
2 1 1282 1 1602
2 1 1023 1 1663
2 1 960 1 1280
2 1 1281 1 1601
2 1 960 1 1600
2 1 1280 1 1600
2 1 1343 1 1663
2 1 1023 1 1343
2 1 1342 1 1662
2 1 1341 1 1661
2 1 1339 1 1659
2 1 1337 1 1657
2 1 1015 1 1655
2 1 1015 1 1335
2 1 1335 1 1655
2 1 1013 1 1333
2 1 1011 1 1651
2 1 1326 1 1646
2 1 1004 1 1324
2 1 1321 1 1641
2 1 1000 1 1640
2 1 1319 1 1639
2 1 997 1 1317
2 1 997 1 1637
2 1 1317 1 1637
2 1 995 1 1635
2 1 1443 1 1763
2 1 993 1 1633
2 1 993 1 1313
2 1 1313 1 1633
2 1 991 1 1311
2 1 1311 1 1631
2 1 991 1 1631
2 1 1436 1 1756
2 1 989 1 1629
2 1 1307 1 1627
2 1 987 1 1627
2 1 987 1 1307
2 1 1301 1 1621
2 1 981 1 1301
2 1 981 1 1621
2 1 980 1 1620
2 1 835 1 1475
2 1 835 1 1155
2 1 1155 1 1475
2 1 1154 1 1474
2 1 833 1 1153
2 1 833 1 1473
2 1 1153 1 1473
2 1 832 1 1152
2 1 1215 1 1535
2 1 895 1 1215
2 1 895 1 1535
2 1 1214 1 1534
2 1 893 1 1213
2 1 1213 1 1533
2 1 893 1 1533
2 1 1212 1 1532
2 1 892 1 1212
2 1 892 1 1532
2 1 1211 1 1531
2 1 1210 1 1530
2 1 890 1 1210
2 1 890 1 1530
2 1 1018 1 1338
2 1 1018 1 1658
2 1 1338 1 1658
2 1 1208 1 1528
2 1 1207 1 1527
2 1 1014 1 1654
2 1 1204 1 1524
2 1 884 1 1204
2 1 884 1 1524
2 1 1329 1 1649
2 1 879 1 1199
2 1 877 1 1197
2 1 877 1 1517
2 1 1197 1 1517
2 1 1005 1 1325
2 1 1325 1 1645
2 1 1005 1 1645
2 1 874 1 1514
2 1 1194 1 1514
2 1 874 1 1194
2 1 873 1 1513
2 1 1192 1 1512
2 1 871 1 1511
2 1 871 1 1191
2 1 1191 1 1511
2 1 1188 1 1508
2 1 866 1 1186
2 1 1312 1 1632
2 1 992 1 1632
2 1 992 1 1312
2 1 1182 1 1502
2 1 861 1 1501
2 1 1755 1 2075
2 1 1308 1 1628
2 1 858 1 1178
2 1 858 1 1498
2 1 1178 1 1498
2 1 1752 1 2072
2 1 985 1 1625
2 1 853 1 1493
2 1 984 1 1624
2 1 851 1 1491
2 1 979 1 1619
2 1 852 1 1492
2 1 849 1 1489
2 1 1168 1 1488
2 1 1423 1 1743
2 1 848 1 1168
2 1 848 1 1488
2 1 1743 1 2063
2 1 1423 1 2063
2 1 975 1 1615
2 1 843 1 1483
2 1 841 1 1161
2 1 840 1 1480
2 1 1415 1 2055
2 1 838 1 1478
2 1 1158 1 1478
2 1 838 1 1158
2 1 1087 1 2047
2 1 767 1 1087
2 1 767 1 2047
2 1 1471 1 2111
2 1 1791 1 2111
2 1 1471 1 1791
2 1 959 1 2239
2 1 766 1 1086
2 1 765 1 1085
2 1 958 1 2238
2 1 1918 1 2238
2 1 958 1 1918
2 1 842 1 1162
2 1 1162 1 1482
2 1 842 1 1482
2 1 1917 1 2237
2 1 957 1 2237
2 1 957 1 1917
2 1 764 1 1084
2 1 956 1 2236
2 1 956 1 1916
2 1 1916 1 2236
2 1 763 1 2043
2 1 763 1 1083
2 1 1083 1 2043
2 1 762 1 1082
2 1 954 1 2234
2 1 1914 1 2234
2 1 954 1 1914
2 1 1465 1 2105
2 1 889 1 1529
2 1 953 1 2233
2 1 1080 1 2040
2 1 760 1 2040
2 1 760 1 1080
2 1 759 1 1079
2 1 1463 1 2103
2 1 1078 1 2038
2 1 758 1 2038
2 1 758 1 1078
2 1 951 1 1911
2 1 1462 1 2102
2 1 1462 1 1782
2 1 1782 1 2102
2 1 950 1 1910
2 1 1205 1 1525
2 1 1076 1 2036
2 1 756 1 2036
2 1 756 1 1076
2 1 949 1 2229
2 1 1460 1 1780
2 1 755 1 2035
2 1 1459 1 2099
2 1 1330 1 1650
2 1 1074 1 2034
2 1 947 1 2227
2 1 947 1 1907
2 1 1907 1 2227
2 1 1008 1 1648
2 1 1008 1 1328
2 1 1328 1 1648
2 1 881 1 1201
2 1 1201 1 1521
2 1 881 1 1521
2 1 752 1 2032
2 1 880 1 1200
2 1 880 1 1520
2 1 1200 1 1520
2 1 1070 1 2030
2 1 750 1 1070
2 1 750 1 2030
2 1 1069 1 2029
2 1 749 1 2029
2 1 749 1 1069
2 1 748 1 2028
2 1 1067 1 2027
2 1 940 1 1900
2 1 746 1 1066
2 1 746 1 2026
2 1 1066 1 2026
2 1 938 1 1898
2 1 745 1 1065
2 1 745 1 2025
2 1 1065 1 2025
2 1 937 1 2217
2 1 1769 1 2089
2 1 1449 1 2089
2 1 1449 1 1769
2 1 744 1 2024
2 1 744 1 1064
2 1 1064 1 2024
2 1 1063 1 2023
2 1 936 1 2216
2 1 936 1 1896
2 1 1896 1 2216
2 1 935 1 1895
2 1 1062 1 2022
2 1 742 1 2022
2 1 742 1 1062
2 1 1766 1 2086
2 1 934 1 1894
2 1 741 1 1061
2 1 1765 1 2085
2 1 1060 1 2020
2 1 933 1 2213
2 1 739 1 1059
2 1 1059 1 2019
2 1 739 1 2019
2 1 932 1 1892
2 1 932 1 2212
2 1 1892 1 2212
2 1 1058 1 2018
2 1 1890 1 2210
2 1 930 1 2210
2 1 930 1 1890
2 1 737 1 1057
2 1 1057 1 2017
2 1 737 1 2017
2 1 1441 1 1761
2 1 1441 1 2081
2 1 1761 1 2081
2 1 736 1 1056
2 1 1056 1 2016
2 1 736 1 2016
2 1 929 1 2209
2 1 929 1 1889
2 1 1889 1 2209
2 1 1888 1 2208
2 1 928 1 2208
2 1 928 1 1888
2 1 1310 1 1630
2 1 1759 1 2079
2 1 863 1 1503
2 1 1183 1 1503
2 1 863 1 1183
2 1 927 1 2207
2 1 1887 1 2207
2 1 927 1 1887
2 1 1054 1 2014
2 1 733 1 1053
2 1 1886 1 2206
2 1 1757 1 2077
2 1 1885 1 2205
2 1 925 1 2205
2 1 925 1 1885
2 1 732 1 2012
2 1 732 1 1052
2 1 1052 1 2012
2 1 924 1 1884
2 1 1884 1 2204
2 1 924 1 2204
2 1 1883 1 2203
2 1 923 1 2203
2 1 923 1 1883
2 1 986 1 1626
2 1 730 1 1050
2 1 1050 1 2010
2 1 730 1 2010
2 1 1882 1 2202
2 1 1049 1 2009
2 1 1433 1 2073
2 1 1433 1 1753
2 1 1753 1 2073
2 1 921 1 2201
2 1 728 1 2008
2 1 1303 1 1623
2 1 983 1 1303
2 1 983 1 1623
2 1 1176 1 1496
2 1 920 1 2200
2 1 1880 1 2200
2 1 920 1 1880
2 1 1879 1 2199
2 1 1751 1 2071
2 1 1431 1 2071
2 1 1431 1 1751
2 1 855 1 1495
2 1 1046 1 2006
2 1 1045 1 2005
2 1 1878 1 2198
2 1 917 1 1877
2 1 1877 1 2197
2 1 917 1 2197
2 1 916 1 1876
2 1 723 1 1043
2 1 1043 1 2003
2 1 723 1 2003
2 1 915 1 2195
2 1 915 1 1875
2 1 1875 1 2195
2 1 1874 1 2194
2 1 914 1 2194
2 1 914 1 1874
2 1 977 1 1617
2 1 850 1 1490
2 1 721 1 1041
2 1 1872 1 2192
2 1 912 1 2192
2 1 912 1 1872
2 1 911 1 2191
2 1 847 1 1487
2 1 1870 1 2190
2 1 973 1 1293
2 1 846 1 1166
2 1 846 1 1486
2 1 1166 1 1486
2 1 972 1 1612
2 1 1741 1 2061
2 1 1421 1 1741
2 1 1421 1 2061
2 1 845 1 1165
2 1 1868 1 2188
2 1 907 1 2187
2 1 1034 1 1994
2 1 906 1 2186
2 1 1866 1 2186
2 1 906 1 1866
2 1 713 1 1033
2 1 713 1 1993
2 1 1033 1 1993
2 1 905 1 1865
2 1 1032 1 1992
2 1 904 1 2184
2 1 1863 1 2183
2 1 903 1 1863
2 1 903 1 2183
2 1 839 1 1159
2 1 710 1 1990
2 1 710 1 1030
2 1 1030 1 1990
2 1 1286 1 1606
2 1 966 1 1606
2 1 966 1 1286
2 1 1284 1 1604
2 1 837 1 1157
2 1 901 1 2181
2 1 707 1 1987
2 1 707 1 1027
2 1 1027 1 1987
2 1 899 1 2179
2 1 1411 1 1731
2 1 1411 1 2051
2 1 1731 1 2051
2 1 706 1 1986
2 1 1026 1 1986
2 1 706 1 1026
2 1 898 1 2178
2 1 897 1 1857
2 1 704 1 1024
2 1 1024 1 1984
2 1 704 1 1984
3 1 460 1 1013 1 1973
3 1 460 1 1333 1 1973
3 1 574 1 770 1 1410
3 1 574 1 770 1 2050
3 1 425 1 1730 1 2050
3 1 548 1 808 1 2088
3 1 399 1 1768 1 2088
3 1 554 1 814 1 1454
3 1 336 1 1305 1 1625
3 1 554 1 814 1 2094
3 1 550 1 810 1 1450
3 1 405 1 1454 1 1774
3 1 589 1 945 1 1265
3 1 456 1 945 1 2225
3 1 529 1 725 1 2005
3 1 529 1 725 1 1045
3 1 551 1 811 1 2091
3 1 551 1 811 1 1451
3 1 605 1 897 1 1217
3 1 478 1 967 1 1927
3 1 615 1 1163 1 1483
3 1 615 1 843 1 1163
3 1 504 1 993 1 1953
3 1 621 1 1169 1 1489
3 1 621 1 849 1 1169
3 1 498 1 987 1 1947
3 1 623 1 851 1 1171
3 1 623 1 1171 1 1491
3 1 624 1 852 1 1172
3 1 624 1 1172 1 1492
3 1 629 1 857 1 1177
3 1 636 1 1184 1 1504
3 1 581 1 873 1 1193
3 1 581 1 1193 1 1513
3 1 612 1 904 1 1224
3 1 612 1 1224 1 2184
3 1 498 1 1307 1 1947
3 1 481 1 1290 1 1930
3 1 478 1 1287 1 1927
3 1 500 1 1629 1 1949
3 1 500 1 989 1 1949
3 1 340 1 989 1 1309
3 1 504 1 1313 1 1953
3 1 538 1 798 1 1758
3 1 507 1 1316 1 1956
3 1 520 1 716 1 1036
3 1 323 1 1036 1 1356
3 1 335 1 1368 1 2008
3 1 335 1 728 1 1368
3 1 337 1 1370 1 2010
3 1 337 1 1050 1 1370
3 1 337 1 730 1 1370
3 1 570 1 830 1 1790
3 1 570 1 830 1 2110
3 1 611 1 1223 1 1863
3 1 517 1 777 1 1417
3 1 611 1 903 1 1223
3 1 611 1 1223 1 2183
3 1 402 1 1451 1 1771
3 1 402 1 1771 1 2091
3 1 569 1 829 1 1469
3 1 569 1 829 1 1789
3 1 550 1 810 1 2090
3 1 538 1 798 1 2078
3 1 550 1 810 1 1770
3 1 426 1 1475 1 1795
3 1 569 1 829 1 2109
3 1 409 1 1778 1 2098
3 1 405 1 1774 1 2094
3 1 491 1 1620 1 1940
3 1 379 1 1028 1 1348
3 1 558 1 818 1 2098
3 1 530 1 790 1 1750
3 1 530 1 790 1 2070
3 1 567 1 827 1 1787
3 1 567 1 827 1 1467
3 1 567 1 827 1 2107
3 1 540 1 800 1 2080
3 1 540 1 800 1 1760
3 1 540 1 800 1 1440
3 1 566 1 826 1 2106
3 1 566 1 826 1 1466
3 1 566 1 826 1 1786
3 1 536 1 796 1 1436
3 1 491 1 980 1 1940
3 1 477 1 1862 1 2182
3 1 384 1 857 1 1817
3 1 536 1 796 1 1756
3 1 605 1 1217 1 1857
3 1 359 1 1392 1 2032
3 1 362 1 1331 1 1651
3 1 610 1 1222 1 1862
3 1 330 1 979 1 1299
3 1 425 1 1410 1 1730
3 1 409 1 1522 1 1842
3 1 517 1 777 1 2057
3 1 332 1 1365 1 2005
3 1 453 1 1326 1 1966
3 1 606 1 1218 1 2178
3 1 512 1 708 1 1028
3 1 456 1 1329 1 1969
3 1 539 1 799 1 2079
3 1 480 1 905 1 2185
3 1 539 1 735 1 2015
3 1 426 1 1155 1 1795
3 1 537 1 797 1 2077
3 1 539 1 799 1 1759
3 1 524 1 784 1 1744
3 1 458 1 1011 1 1971
3 1 633 1 925 1 1245
3 1 404 1 877 1 1837
3 1 516 1 776 1 1736
3 1 425 1 1154 1 1794
3 1 518 1 778 1 1418
3 1 430 1 1159 1 1799
3 1 490 1 1619 1 1939
3 1 537 1 797 1 1757
3 1 406 1 1199 1 1839
3 1 625 1 1173 1 1493
3 1 408 1 1201 1 1841
3 1 331 1 980 1 1300
3 1 474 1 963 1 1923
3 1 521 1 717 1 1997
3 1 349 1 1318 1 1638
3 1 624 1 1236 1 1876
3 1 504 1 1633 1 1953
3 1 639 1 931 1 1251
3 1 351 1 744 1 1384
3 1 352 1 1385 1 2025
3 1 473 1 962 1 1922
3 1 498 1 1627 1 1947
3 1 612 1 840 1 1160
3 1 331 1 1300 1 1620
3 1 509 1 1638 1 1958
3 1 456 1 1649 1 1969
3 1 398 1 1447 1 1767
3 1 587 1 1263 1 1903
3 1 598 1 1274 1 2234
3 1 517 1 777 1 1737
3 1 400 1 873 1 1833
3 1 494 1 1623 1 1943
3 1 399 1 1512 1 1832
3 1 511 1 1000 1 1960
3 1 459 1 1908 1 2228
3 1 592 1 1268 1 1908
3 1 453 1 1646 1 1966
3 1 620 1 1232 1 1872
3 1 342 1 1375 1 2015
3 1 351 1 1064 1 1384
3 1 448 1 1641 1 1961
3 1 484 1 1869 1 2189
3 1 340 1 1309 1 1629
3 1 357 1 750 1 1390
3 1 527 1 787 1 2067
3 1 527 1 787 1 1427
3 1 466 1 955 1 2235
3 1 617 1 1229 1 1869
3 1 361 1 1074 1 1394
3 1 609 1 901 1 1221
3 1 378 1 1347 1 1987
3 1 622 1 914 1 1234
3 1 591 1 947 1 1267
3 1 579 1 935 1 1255
3 1 529 1 789 1 1429
3 1 527 1 787 1 1747
3 1 511 1 1640 1 1960
3 1 557 1 817 1 2097
3 1 349 1 1382 1 2022
3 1 622 1 1234 1 1874
3 1 387 1 1500 1 1820
3 1 492 1 981 1 1941
3 1 478 1 1607 1 1927
3 1 516 1 776 1 1416
3 1 620 1 912 1 1232
3 1 622 1 1234 1 2194
3 1 579 1 1255 1 1895
3 1 597 1 1209 1 1529
3 1 358 1 1007 1 1327
3 1 625 1 853 1 1173
3 1 479 1 1608 1 1928
3 1 426 1 835 1 1795
3 1 472 1 897 1 2177
3 1 425 1 1474 1 1794
3 1 523 1 783 1 2063
3 1 502 1 991 1 1951
3 1 528 1 788 1 1748
3 1 393 1 1186 1 1826
3 1 472 1 1857 1 2177
3 1 502 1 1631 1 1951
3 1 573 1 705 1 1025
3 1 590 1 1202 1 1522
3 1 473 1 1602 1 1922
3 1 418 1 1531 1 1851
3 1 437 1 1422 1 1742
3 1 502 1 1311 1 1951
3 1 558 1 754 1 2034
3 1 634 1 1246 1 2206
3 1 366 1 1079 1 1399
3 1 441 1 1490 1 1810
3 1 361 1 1394 1 2034
3 1 398 1 1511 1 1831
3 1 391 1 1504 1 1824
3 1 523 1 783 1 1743
3 1 378 1 1027 1 1347
3 1 473 1 1282 1 1922
3 1 532 1 792 1 2072
3 1 378 1 707 1 1347
3 1 351 1 1000 1 1320
3 1 612 1 1160 1 1480
3 1 562 1 822 1 1782
3 1 481 1 1610 1 1930
3 1 369 1 1082 1 1402
3 1 546 1 806 1 1766
3 1 362 1 1011 1 1331
3 1 629 1 921 1 1241
3 1 413 1 1526 1 1846
3 1 430 1 839 1 1799
3 1 376 1 1025 1 1345
3 1 451 1 1004 1 1964
3 1 578 1 1254 1 1894
3 1 423 1 1152 1 1792
3 1 586 1 1198 1 1518
3 1 637 1 929 1 1249
3 1 470 1 1343 1 1983
3 1 519 1 779 1 2059
3 1 544 1 804 1 1444
3 1 602 1 958 1 1278
3 1 423 1 832 1 1792
3 1 562 1 822 1 2102
3 1 562 1 822 1 1462
3 1 529 1 789 1 2069
3 1 528 1 724 1 1044
3 1 524 1 784 1 2064
3 1 452 1 941 1 2221
3 1 585 1 941 1 1261
3 1 613 1 1225 1 1865
3 1 533 1 729 1 1049
3 1 510 1 1895 1 2215
3 1 597 1 953 1 1273
3 1 444 1 1493 1 1813
3 1 510 1 935 1 2215
3 1 388 1 861 1 1821
3 1 406 1 879 1 1839
3 1 541 1 801 1 1761
3 1 546 1 806 1 2086
3 1 415 1 1784 1 2104
3 1 499 1 1628 1 1948
3 1 396 1 1509 1 1829
3 1 547 1 807 1 1447
3 1 572 1 768 1 1408
3 1 571 1 831 1 1471
3 1 518 1 714 1 1034
3 1 336 1 1369 1 2009
3 1 515 1 775 1 2055
3 1 549 1 809 1 1449
3 1 533 1 729 1 2009
3 1 455 1 1648 1 1968
3 1 607 1 899 1 1219
3 1 560 1 820 1 1460
3 1 462 1 951 1 2231
3 1 461 1 1910 1 2230
3 1 470 1 1023 1 1983
3 1 521 1 781 1 2061
3 1 618 1 1230 1 2190
3 1 458 1 1651 1 1971
3 1 538 1 734 1 1054
3 1 461 1 950 1 2230
3 1 448 1 1321 1 1961
3 1 518 1 714 1 1994
3 1 558 1 754 1 1074
3 1 327 1 1040 1 1360
3 1 467 1 1340 1 1980
3 1 600 1 1276 1 1916
3 1 532 1 792 1 1752
3 1 444 1 1429 1 1749
3 1 595 1 1271 1 1911
3 1 344 1 737 1 1377
3 1 628 1 1240 1 1880
3 1 597 1 1273 1 2233
3 1 392 1 1185 1 1825
3 1 444 1 1749 1 2069
3 1 377 1 1346 1 1986
3 1 383 1 1352 1 1992
3 1 607 1 1219 1 2179
3 1 442 1 1491 1 1811
3 1 632 1 924 1 1244
3 1 474 1 1603 1 1923
3 1 443 1 852 1 1812
3 1 324 1 1357 1 1997
3 1 598 1 954 1 1274
3 1 436 1 845 1 1805
3 1 401 1 1514 1 1834
3 1 573 1 769 1 1409
3 1 390 1 1503 1 1823
3 1 634 1 1246 1 1886
3 1 398 1 1191 1 1831
3 1 386 1 859 1 1819
3 1 604 1 896 1 1216
3 1 631 1 859 1 1179
3 1 571 1 831 1 1791
3 1 363 1 1076 1 1396
3 1 416 1 1465 1 1785
3 1 410 1 1203 1 1843
3 1 383 1 1032 1 1352
3 1 571 1 831 1 2111
3 1 474 1 1283 1 1923
3 1 636 1 928 1 1248
3 1 578 1 870 1 1190
3 1 431 1 840 1 1800
3 1 519 1 779 1 1419
3 1 340 1 733 1 1373
3 1 549 1 809 1 1769
3 1 320 1 969 1 1289
3 1 424 1 833 1 1793
3 1 362 1 755 1 1395
3 1 575 1 771 1 1731
3 1 609 1 1221 1 2181
3 1 600 1 956 1 1276
3 1 619 1 847 1 1167
3 1 398 1 871 1 1831
3 1 541 1 801 1 1441
3 1 465 1 1338 1 1978
3 1 482 1 1291 1 1931
3 1 521 1 781 1 1741
3 1 465 1 1018 1 1978
3 1 465 1 1658 1 1978
3 1 454 1 1007 1 1967
3 1 349 1 742 1 1382
3 1 419 1 1788 1 2108
3 1 578 1 934 1 1254
3 1 581 1 937 1 1257
3 1 622 1 850 1 1170
3 1 332 1 1045 1 1365
3 1 534 1 794 1 1754
3 1 528 1 788 1 1428
3 1 464 1 1657 1 1977
3 1 372 1 1085 1 1405
3 1 381 1 710 1 1350
3 1 475 1 1604 1 1924
3 1 528 1 788 1 2068
3 1 470 1 1663 1 1983
3 1 416 1 1785 1 2105
3 1 461 1 1654 1 1974
3 1 365 1 1398 1 2038
3 1 364 1 757 1 1397
3 1 442 1 851 1 1811
3 1 440 1 849 1 1809
3 1 369 1 762 1 1402
3 1 632 1 1180 1 1500
3 1 370 1 763 1 1403
3 1 443 1 1492 1 1812
3 1 336 1 1049 1 1369
3 1 606 1 898 1 1218
3 1 468 1 1341 1 1981
3 1 638 1 1250 1 2210
3 1 616 1 1164 1 1484
3 1 614 1 906 1 1226
3 1 626 1 1238 1 2198
3 1 531 1 791 1 2071
3 1 512 1 772 1 1732
3 1 430 1 1415 1 1735
3 1 321 1 1034 1 1354
3 1 471 1 896 1 2176
3 1 565 1 825 1 1465
3 1 594 1 1206 1 1526
3 1 420 1 1533 1 1853
3 1 531 1 791 1 1431
3 1 449 1 1322 1 1962
3 1 638 1 930 1 1250
3 1 572 1 768 1 1728
3 1 375 1 1344 1 1984
3 1 623 1 915 1 1235
3 1 408 1 881 1 1841
3 1 377 1 1026 1 1346
3 1 363 1 1396 1 2036
3 1 454 1 1903 1 2223
3 1 614 1 1226 1 2186
3 1 399 1 1192 1 1832
3 1 519 1 715 1 1035
3 1 440 1 1489 1 1809
3 1 360 1 753 1 1393
3 1 433 1 1418 1 1738
3 1 356 1 1069 1 1389
3 1 624 1 916 1 1236
3 1 422 1 1535 1 1855
3 1 416 1 889 1 1849
3 1 595 1 951 1 1271
3 1 572 1 768 1 2048
3 1 374 1 767 1 1407
3 1 614 1 1226 1 1866
3 1 408 1 1777 1 2097
3 1 394 1 1187 1 1827
3 1 439 1 1488 1 1808
3 1 524 1 720 1 1040
3 1 619 1 1167 1 1487
3 1 568 1 828 1 2108
3 1 633 1 1245 1 1885
3 1 322 1 1035 1 1355
3 1 545 1 805 1 1765
3 1 434 1 1483 1 1803
3 1 420 1 1213 1 1853
3 1 326 1 975 1 1295
3 1 431 1 1480 1 1800
3 1 466 1 1339 1 1979
3 1 601 1 957 1 1277
3 1 377 1 706 1 1346
3 1 346 1 995 1 1315
3 1 480 1 969 1 1929
3 1 633 1 1245 1 2205
3 1 424 1 1409 1 1729
3 1 362 1 1395 1 2035
3 1 400 1 1513 1 1833
3 1 462 1 1335 1 1975
3 1 446 1 1495 1 1815
3 1 466 1 1659 1 1979
3 1 410 1 1779 1 2099
3 1 472 1 1601 1 1921
3 1 547 1 743 1 1063
3 1 381 1 1030 1 1350
3 1 565 1 825 1 2105
3 1 401 1 1194 1 1834
3 1 577 1 1189 1 1509
