439 2240
2 1 1790 1 2110
2 1 1470 1 2110
2 1 1470 1 1790
2 1 1462 1 2102
2 1 1461 1 2101
2 1 1456 1 2096
2 1 1776 1 2096
2 1 1456 1 1776
2 1 1451 1 2091
2 1 1449 1 2089
2 1 1449 1 1769
2 1 1769 1 2089
2 1 1761 1 2081
2 1 1756 1 2076
2 1 1436 1 2076
2 1 1436 1 1756
2 1 1434 1 1754
2 1 1434 1 2074
2 1 1754 1 2074
2 1 1432 1 1752
2 1 1738 1 2058
2 1 1432 1 2072
2 1 1418 1 1738
2 1 1418 1 2058
2 1 1752 1 2072
2 1 1733 1 2053
2 1 1410 1 2050
2 1 1422 1 1742
2 1 975 1 1295
2 1 1293 1 1613
2 1 973 1 1613
2 1 973 1 1293
2 1 971 1 1611
2 1 971 1 1291
2 1 1291 1 1611
2 1 1412 1 1732
2 1 963 1 1283
2 1 962 1 1282
2 1 1021 1 1341
2 1 1341 1 1661
2 1 1021 1 1661
2 1 1469 1 1789
2 1 1335 1 1655
2 1 1015 1 1655
2 1 1015 1 1335
2 1 1013 1 1333
2 1 1330 1 1650
2 1 1333 1 1653
2 1 1013 1 1653
2 1 1325 1 1645
2 1 1323 1 1643
2 1 991 1 1631
2 1 1454 1 1774
2 1 991 1 1311
2 1 1311 1 1631
2 1 989 1 1309
2 1 1435 1 1755
2 1 981 1 1621
2 1 1429 1 1749
2 1 833 1 1473
2 1 833 1 1153
2 1 1153 1 1473
2 1 961 1 1601
2 1 1214 1 1534
2 1 893 1 1213
2 1 893 1 1533
2 1 1213 1 1533
2 1 892 1 1212
2 1 1020 1 1340
2 1 1019 1 1339
2 1 1019 1 1659
2 1 1339 1 1659
2 1 1465 1 1785
2 1 1785 1 2105
2 1 1465 1 2105
2 1 888 1 1528
2 1 1208 1 1528
2 1 888 1 1208
2 1 887 1 1207
2 1 886 1 1206
2 1 885 1 1525
2 1 1205 1 1525
2 1 885 1 1205
2 1 884 1 1204
2 1 883 1 1203
2 1 884 1 1524
2 1 1204 1 1524
2 1 1778 1 2098
2 1 1458 1 2098
2 1 1458 1 1778
2 1 1331 1 1651
2 1 1011 1 1651
2 1 1011 1 1331
2 1 881 1 1521
2 1 1201 1 1521
2 1 1200 1 1520
2 1 1008 1 1328
2 1 881 1 1201
2 1 1198 1 1518
2 1 877 1 1197
2 1 875 1 1195
2 1 874 1 1514
2 1 1193 1 1513
2 1 1000 1 1320
2 1 1763 1 2083
2 1 1442 1 1762
2 1 865 1 1185
2 1 1184 1 1504
2 1 864 1 1184
2 1 864 1 1504
2 1 992 1 1632
2 1 862 1 1502
2 1 861 1 1181
2 1 859 1 1499
2 1 1753 1 2073
2 1 986 1 1626
2 1 986 1 1306
2 1 1306 1 1626
2 1 856 1 1496
2 1 1174 1 1494
2 1 1173 1 1493
2 1 1426 1 2066
2 1 1427 1 2067
2 1 1747 1 2067
2 1 1746 1 2066
2 1 1426 1 1746
2 1 1300 1 1620
2 1 979 1 1299
2 1 980 1 1300
2 1 852 1 1172
2 1 980 1 1620
2 1 979 1 1619
2 1 1299 1 1619
2 1 1427 1 1747
2 1 1745 1 2065
2 1 1425 1 1745
2 1 1425 1 2065
2 1 848 1 1488
2 1 1168 1 1488
2 1 848 1 1168
2 1 846 1 1166
2 1 844 1 1484
2 1 1741 1 2061
2 1 1164 1 1484
2 1 844 1 1164
2 1 1739 1 2059
2 1 1419 1 1739
2 1 1419 1 2059
2 1 842 1 1482
2 1 842 1 1162
2 1 1162 1 1482
2 1 1417 1 2057
2 1 1737 1 2057
2 1 1417 1 1737
2 1 1416 1 2056
2 1 969 1 1609
2 1 969 1 1289
2 1 1289 1 1609
2 1 839 1 1479
2 1 1159 1 1479
2 1 839 1 1159
2 1 1414 1 2054
2 1 837 1 1157
2 1 837 1 1477
2 1 1157 1 1477
2 1 836 1 1476
2 1 1152 1 1472
2 1 1342 1 1662
2 1 1022 1 1662
2 1 1022 1 1342
2 1 1471 1 2111
2 1 895 1 1215
2 1 895 1 1535
2 1 1215 1 1535
2 1 766 1 1086
2 1 957 1 2237
2 1 956 1 2236
2 1 1916 1 2236
2 1 956 1 1916
2 1 955 1 2235
2 1 891 1 1211
2 1 1467 1 1787
2 1 762 1 2042
2 1 1338 1 1658
2 1 1337 1 1657
2 1 1018 1 1338
2 1 1018 1 1658
2 1 1017 1 1657
2 1 1017 1 1337
2 1 761 1 2041
2 1 1914 1 2234
2 1 1336 1 1656
2 1 889 1 1209
2 1 760 1 1080
2 1 1912 1 2232
2 1 1079 1 2039
2 1 759 1 1079
2 1 759 1 2039
2 1 951 1 1911
2 1 758 1 1078
2 1 758 1 2038
2 1 1078 1 2038
2 1 1077 1 2037
2 1 757 1 1077
2 1 757 1 2037
2 1 949 1 1909
2 1 756 1 1076
2 1 1076 1 2036
2 1 756 1 2036
2 1 755 1 1075
2 1 1075 1 2035
2 1 755 1 2035
2 1 1779 1 2099
2 1 1459 1 2099
2 1 1459 1 1779
2 1 754 1 2034
2 1 1009 1 1649
2 1 1009 1 1329
2 1 1329 1 1649
2 1 1202 1 1522
2 1 753 1 1073
2 1 753 1 2033
2 1 1073 1 2033
2 1 946 1 2226
2 1 1457 1 1777
2 1 1457 1 2097
2 1 1777 1 2097
2 1 1072 1 2032
2 1 752 1 2032
2 1 752 1 1072
2 1 944 1 2224
2 1 1903 1 2223
2 1 943 1 2223
2 1 943 1 1903
2 1 1775 1 2095
2 1 1455 1 2095
2 1 1455 1 1775
2 1 1199 1 1519
2 1 879 1 1199
2 1 879 1 1519
2 1 1006 1 1326
2 1 750 1 1070
2 1 749 1 1069
2 1 1069 1 2029
2 1 749 1 2029
2 1 1902 1 2222
2 1 1773 1 2093
2 1 1453 1 1773
2 1 1453 1 2093
2 1 1901 1 2221
2 1 941 1 2221
2 1 941 1 1901
2 1 748 1 1068
2 1 1067 1 2027
2 1 747 1 2027
2 1 747 1 1067
2 1 940 1 2220
2 1 939 1 1899
2 1 1899 1 2219
2 1 939 1 2219
2 1 746 1 1066
2 1 746 1 2026
2 1 1066 1 2026
2 1 1770 1 2090
2 1 938 1 1898
2 1 1065 1 2025
2 1 745 1 2025
2 1 745 1 1065
2 1 744 1 2024
2 1 937 1 2217
2 1 937 1 1897
2 1 1897 1 2217
2 1 936 1 2216
2 1 936 1 1896
2 1 1896 1 2216
2 1 1192 1 1512
2 1 872 1 1192
2 1 872 1 1512
2 1 999 1 1639
2 1 743 1 2023
2 1 742 1 2022
2 1 998 1 1318
2 1 1895 1 2215
2 1 1445 1 2085
2 1 996 1 1636
2 1 1316 1 1636
2 1 996 1 1316
2 1 740 1 1060
2 1 1893 1 2213
2 1 994 1 1634
2 1 738 1 2018
2 1 993 1 1633
2 1 1186 1 1506
2 1 866 1 1186
2 1 866 1 1506
2 1 737 1 2017
2 1 1057 1 2017
2 1 737 1 1057
2 1 1889 1 2209
2 1 736 1 1056
2 1 736 1 2016
2 1 1056 1 2016
2 1 928 1 2208
2 1 1310 1 1630
2 1 990 1 1630
2 1 990 1 1310
2 1 1054 1 2014
2 1 927 1 1887
2 1 1053 1 2013
2 1 925 1 1885
2 1 1052 1 2012
2 1 1884 1 2204
2 1 924 1 1884
2 1 924 1 2204
2 1 731 1 1051
2 1 923 1 2203
2 1 923 1 1883
2 1 1883 1 2203
2 1 730 1 2010
2 1 730 1 1050
2 1 1050 1 2010
2 1 922 1 1882
2 1 922 1 2202
2 1 1882 1 2202
2 1 921 1 2201
2 1 921 1 1881
2 1 1881 1 2201
2 1 857 1 1497
2 1 1048 1 2008
2 1 728 1 1048
2 1 728 1 2008
2 1 919 1 2199
2 1 919 1 1879
2 1 1879 1 2199
2 1 1751 1 2071
2 1 1431 1 2071
2 1 1431 1 1751
2 1 855 1 1495
2 1 1175 1 1495
2 1 855 1 1175
2 1 726 1 2006
2 1 1046 1 2006
2 1 726 1 1046
2 1 1430 1 2070
2 1 1430 1 1750
2 1 1750 1 2070
2 1 1045 1 2005
2 1 1878 1 2198
2 1 1044 1 2004
2 1 917 1 2197
2 1 917 1 1877
2 1 1877 1 2197
2 1 916 1 2196
2 1 916 1 1876
2 1 1876 1 2196
2 1 1428 1 1748
2 1 978 1 1618
2 1 978 1 1298
2 1 1298 1 1618
2 1 915 1 2195
2 1 1297 1 1617
2 1 850 1 1170
2 1 850 1 1490
2 1 1170 1 1490
2 1 1874 1 2194
2 1 1873 1 2193
2 1 849 1 1489
2 1 849 1 1169
2 1 1169 1 1489
2 1 720 1 1040
2 1 720 1 2000
2 1 1040 1 2000
2 1 976 1 1616
2 1 1296 1 1616
2 1 976 1 1296
2 1 1872 1 2192
2 1 719 1 1999
2 1 911 1 2191
2 1 974 1 1614
2 1 974 1 1294
2 1 1294 1 1614
2 1 1038 1 1998
2 1 718 1 1998
2 1 718 1 1038
2 1 1870 1 2190
2 1 717 1 1997
2 1 845 1 1165
2 1 909 1 2189
2 1 716 1 1996
2 1 1036 1 1996
2 1 716 1 1036
2 1 1868 1 2188
2 1 1420 1 2060
2 1 1740 1 2060
2 1 1420 1 1740
2 1 1034 1 1994
2 1 714 1 1994
2 1 714 1 1034
2 1 1290 1 1610
2 1 970 1 1290
2 1 970 1 1610
2 1 907 1 2187
2 1 1866 1 2186
2 1 841 1 1481
2 1 1865 1 2185
2 1 905 1 1865
2 1 905 1 2185
2 1 1864 1 2184
2 1 840 1 1480
2 1 711 1 1031
2 1 1287 1 1607
2 1 967 1 1607
2 1 967 1 1287
2 1 1415 1 1735
2 1 710 1 1990
2 1 709 1 1029
2 1 902 1 2182
2 1 1862 1 2182
2 1 902 1 1862
2 1 1028 1 1988
2 1 900 1 1860
2 1 900 1 2180
2 1 1860 1 2180
2 1 707 1 1027
2 1 707 1 1987
2 1 1027 1 1987
2 1 1411 1 1731
2 1 1411 1 2051
2 1 1731 1 2051
2 1 1859 1 2179
2 1 899 1 2179
2 1 899 1 1859
2 1 1025 1 1985
2 1 898 1 1858
2 1 1858 1 2178
2 1 898 1 2178
2 1 1409 1 2049
2 1 897 1 1857
2 1 896 1 1856
