542 2240
2 1 1791 1 2111
2 1 1471 1 1791
2 1 1471 1 2111
2 1 1790 1 2110
2 1 1788 1 2108
2 1 1468 1 2108
2 1 1468 1 1788
2 1 1775 1 2095
2 1 1770 1 2090
2 1 1450 1 2090
2 1 1450 1 1770
2 1 1449 1 1769
2 1 1454 1 2094
2 1 1769 1 2089
2 1 1454 1 1774
2 1 1449 1 2089
2 1 1448 1 2088
2 1 1447 1 2087
2 1 1774 1 2094
2 1 1767 1 2087
2 1 1447 1 1767
2 1 1765 1 2085
2 1 1444 1 1764
2 1 1444 1 2084
2 1 1764 1 2084
2 1 1439 1 1759
2 1 1439 1 2079
2 1 1759 1 2079
2 1 1438 1 1758
2 1 1438 1 2078
2 1 1758 1 2078
2 1 1754 1 2074
2 1 1429 1 1749
2 1 1429 1 2069
2 1 1431 1 2071
2 1 1749 1 2069
2 1 1428 1 2068
2 1 1428 1 1748
2 1 1748 1 2068
2 1 1427 1 2067
2 1 1427 1 1747
2 1 1747 1 2067
2 1 1424 1 1744
2 1 1744 1 2064
2 1 1424 1 2064
2 1 1738 1 2058
2 1 1411 1 2051
2 1 1411 1 1731
2 1 1731 1 2051
2 1 1728 1 2048
2 1 974 1 1294
2 1 971 1 1611
2 1 1291 1 1611
2 1 971 1 1291
2 1 1417 1 1737
2 1 968 1 1288
2 1 1288 1 1608
2 1 968 1 1608
2 1 1286 1 1606
2 1 966 1 1286
2 1 966 1 1606
2 1 964 1 1604
2 1 961 1 1601
2 1 1281 1 1601
2 1 1343 1 1663
2 1 1022 1 1342
2 1 961 1 1281
2 1 1342 1 1662
2 1 1022 1 1662
2 1 1340 1 1660
2 1 1339 1 1659
2 1 1017 1 1337
2 1 1005 1 1645
2 1 1003 1 1323
2 1 1451 1 1771
2 1 1002 1 1322
2 1 1322 1 1642
2 1 1002 1 1642
2 1 1001 1 1321
2 1 1001 1 1641
2 1 1321 1 1641
2 1 992 1 1312
2 1 992 1 1632
2 1 1312 1 1632
2 1 984 1 1624
2 1 1304 1 1624
2 1 985 1 1625
2 1 984 1 1304
2 1 1305 1 1625
2 1 979 1 1619
2 1 1299 1 1619
2 1 979 1 1299
2 1 977 1 1297
2 1 1155 1 1475
2 1 834 1 1154
2 1 834 1 1474
2 1 1154 1 1474
2 1 1729 1 2049
2 1 1282 1 1602
2 1 832 1 1472
2 1 895 1 1215
2 1 895 1 1535
2 1 1215 1 1535
2 1 893 1 1533
2 1 1214 1 1534
2 1 894 1 1214
2 1 1212 1 1532
2 1 1465 1 1785
2 1 891 1 1531
2 1 1785 1 2105
2 1 1465 1 2105
2 1 888 1 1528
2 1 1208 1 1528
2 1 888 1 1208
2 1 894 1 1534
2 1 1780 1 2100
2 1 1013 1 1653
2 1 1013 1 1333
2 1 1333 1 1653
2 1 1012 1 1652
2 1 1332 1 1652
2 1 1012 1 1332
2 1 1458 1 1778
2 1 879 1 1199
2 1 1198 1 1518
2 1 878 1 1198
2 1 878 1 1518
2 1 1196 1 1516
2 1 1195 1 1515
2 1 985 1 1305
2 1 873 1 1513
2 1 872 1 1512
2 1 871 1 1511
2 1 871 1 1191
2 1 1191 1 1511
2 1 868 1 1188
2 1 1188 1 1508
2 1 868 1 1508
2 1 1316 1 1636
2 1 996 1 1636
2 1 996 1 1316
2 1 869 1 1189
2 1 1185 1 1505
2 1 993 1 1313
2 1 862 1 1182
2 1 1182 1 1502
2 1 862 1 1502
2 1 1309 1 1629
2 1 1437 1 1757
2 1 1757 1 2077
2 1 1437 1 2077
2 1 857 1 1497
2 1 858 1 1178
2 1 1303 1 1623
2 1 852 1 1492
2 1 852 1 1172
2 1 1172 1 1492
2 1 851 1 1171
2 1 1171 1 1491
2 1 851 1 1491
2 1 1167 1 1487
2 1 1168 1 1488
2 1 850 1 1170
2 1 850 1 1490
2 1 1170 1 1490
2 1 847 1 1167
2 1 847 1 1487
2 1 975 1 1295
2 1 1422 1 1742
2 1 845 1 1165
2 1 1292 1 1612
2 1 1015 1 1655
2 1 1162 1 1482
2 1 841 1 1481
2 1 1161 1 1481
2 1 840 1 1160
2 1 841 1 1161
2 1 1287 1 1607
2 1 837 1 1157
2 1 1856 1 2176
2 1 767 1 1087
2 1 1087 1 2047
2 1 767 1 2047
2 1 959 1 2239
2 1 766 1 2046
2 1 766 1 1086
2 1 1086 1 2046
2 1 1918 1 2238
2 1 958 1 1918
2 1 958 1 2238
2 1 765 1 1085
2 1 1085 1 2045
2 1 765 1 2045
2 1 1789 1 2109
2 1 957 1 1917
2 1 957 1 2237
2 1 1917 1 2237
2 1 1084 1 2044
2 1 764 1 2044
2 1 764 1 1084
2 1 763 1 1083
2 1 956 1 2236
2 1 1916 1 2236
2 1 956 1 1916
2 1 955 1 1915
2 1 1915 1 2235
2 1 955 1 2235
2 1 762 1 1082
2 1 1466 1 2106
2 1 1466 1 1786
2 1 1786 1 2106
2 1 954 1 2234
2 1 1914 1 2234
2 1 954 1 1914
2 1 1209 1 1529
2 1 760 1 1080
2 1 953 1 2233
2 1 1464 1 1784
2 1 759 1 2039
2 1 1014 1 1654
2 1 1334 1 1654
2 1 1014 1 1334
2 1 1463 1 2103
2 1 1783 1 2103
2 1 1463 1 1783
2 1 1078 1 2038
2 1 951 1 2231
2 1 1911 1 2231
2 1 951 1 1911
2 1 1782 1 2102
2 1 1077 1 2037
2 1 757 1 1077
2 1 757 1 2037
2 1 1910 1 2230
2 1 1909 1 2229
2 1 949 1 2229
2 1 949 1 1909
2 1 948 1 1908
2 1 884 1 1204
2 1 883 1 1523
2 1 1907 1 2227
2 1 754 1 2034
2 1 1202 1 1522
2 1 1329 1 1649
2 1 1905 1 2225
2 1 1008 1 1648
2 1 1007 1 1647
2 1 1007 1 1327
2 1 1327 1 1647
2 1 1071 1 2031
2 1 1070 1 2030
2 1 942 1 2222
2 1 749 1 2029
2 1 941 1 2221
2 1 1004 1 1324
2 1 1004 1 1644
2 1 1324 1 1644
2 1 1773 1 2093
2 1 1453 1 1773
2 1 1453 1 2093
2 1 877 1 1197
2 1 877 1 1517
2 1 1197 1 1517
2 1 1068 1 2028
2 1 1772 1 2092
2 1 747 1 1067
2 1 1067 1 2027
2 1 747 1 2027
2 1 939 1 2219
2 1 939 1 1899
2 1 1899 1 2219
2 1 938 1 2218
2 1 1898 1 2218
2 1 938 1 1898
2 1 937 1 2217
2 1 937 1 1897
2 1 1897 1 2217
2 1 744 1 1064
2 1 744 1 2024
2 1 1064 1 2024
2 1 936 1 2216
2 1 936 1 1896
2 1 1896 1 2216
2 1 743 1 1063
2 1 935 1 1895
2 1 742 1 2022
2 1 870 1 1510
2 1 934 1 2214
2 1 1894 1 2214
2 1 934 1 1894
2 1 741 1 1061
2 1 1060 1 2020
2 1 740 1 1060
2 1 740 1 2020
2 1 932 1 2212
2 1 931 1 1891
2 1 1891 1 2211
2 1 931 1 2211
2 1 867 1 1187
2 1 1187 1 1507
2 1 867 1 1507
2 1 1314 1 1634
2 1 994 1 1634
2 1 994 1 1314
2 1 1058 1 2018
2 1 1762 1 2082
2 1 1442 1 1762
2 1 1442 1 2082
2 1 1057 1 2017
2 1 1761 1 2081
2 1 1441 1 1761
2 1 1441 1 2081
2 1 1889 1 2209
2 1 929 1 1889
2 1 929 1 2209
2 1 991 1 1311
2 1 1311 1 1631
2 1 991 1 1631
2 1 1184 1 1504
2 1 1440 1 1760
2 1 1888 1 2208
2 1 928 1 2208
2 1 928 1 1888
2 1 734 1 2014
2 1 1054 1 2014
2 1 734 1 1054
2 1 1887 1 2207
2 1 926 1 2206
2 1 925 1 2205
2 1 1181 1 1501
2 1 861 1 1501
2 1 861 1 1181
2 1 988 1 1628
2 1 1308 1 1628
2 1 988 1 1308
2 1 1884 1 2204
2 1 987 1 1307
2 1 987 1 1627
2 1 1307 1 1627
2 1 860 1 1180
2 1 1180 1 1500
2 1 860 1 1500
2 1 731 1 2011
2 1 986 1 1306
2 1 986 1 1626
2 1 1306 1 1626
2 1 859 1 1179
2 1 859 1 1499
2 1 1179 1 1499
2 1 730 1 1050
2 1 1882 1 2202
2 1 729 1 2009
2 1 729 1 1049
2 1 1049 1 2009
2 1 921 1 2201
2 1 1048 1 2008
2 1 728 1 1048
2 1 728 1 2008
2 1 1432 1 1752
2 1 1432 1 2072
2 1 1752 1 2072
2 1 727 1 1047
2 1 727 1 2007
2 1 1047 1 2007
2 1 920 1 1880
2 1 726 1 2006
2 1 919 1 2199
2 1 918 1 1878
2 1 981 1 1621
2 1 981 1 1301
2 1 1301 1 1621
2 1 854 1 1494
2 1 854 1 1174
2 1 1174 1 1494
2 1 725 1 1045
2 1 724 1 1044
2 1 724 1 2004
2 1 1044 1 2004
2 1 916 1 2196
2 1 723 1 1043
2 1 915 1 2195
2 1 914 1 1874
2 1 914 1 2194
2 1 1874 1 2194
2 1 721 1 2001
2 1 1169 1 1489
2 1 719 1 1039
2 1 1423 1 2063
2 1 911 1 2191
2 1 1871 1 2191
2 1 911 1 1871
2 1 1166 1 1486
2 1 717 1 1997
2 1 1037 1 1997
2 1 717 1 1037
2 1 1421 1 2061
2 1 1869 1 2189
2 1 1036 1 1996
2 1 716 1 1996
2 1 716 1 1036
2 1 908 1 1868
2 1 1739 1 2059
2 1 843 1 1163
2 1 907 1 1867
2 1 714 1 1994
2 1 714 1 1034
2 1 1034 1 1994
2 1 713 1 1033
2 1 1033 1 1993
2 1 713 1 1993
2 1 1866 1 2186
2 1 905 1 2185
2 1 712 1 1032
2 1 712 1 1992
2 1 1032 1 1992
2 1 904 1 2184
2 1 1864 1 2184
2 1 904 1 1864
2 1 711 1 1991
2 1 711 1 1031
2 1 1031 1 1991
2 1 1415 1 1735
2 1 710 1 1990
2 1 903 1 2183
2 1 965 1 1285
2 1 1285 1 1605
2 1 965 1 1605
2 1 902 1 2182
2 1 963 1 1283
2 1 707 1 1987
2 1 707 1 1027
2 1 1027 1 1987
2 1 706 1 1026
2 1 706 1 1986
2 1 1026 1 1986
2 1 898 1 2178
2 1 705 1 1985
2 1 1024 1 1984
2 1 897 1 1857
3 1 554 1 814 1 2094
3 1 554 1 814 1 1774
3 1 575 1 771 1 2051
3 1 446 1 1431 1 1751
3 1 345 1 1378 1 2018
3 1 518 1 778 1 2058
3 1 531 1 791 1 2071
3 1 554 1 814 1 1454
3 1 415 1 888 1 1848
3 1 482 1 971 1 1931
3 1 502 1 1311 1 1951
3 1 538 1 798 1 1438
3 1 531 1 791 1 1431
3 1 538 1 798 1 1758
3 1 575 1 771 1 1731
3 1 542 1 738 1 1058
3 1 502 1 991 1 1951
3 1 599 1 1211 1 1531
3 1 502 1 1631 1 1951
3 1 575 1 771 1 1411
3 1 538 1 798 1 2078
3 1 539 1 799 1 1759
3 1 482 1 1611 1 1931
3 1 518 1 778 1 1738
3 1 447 1 1176 1 1816
3 1 626 1 1238 1 1878
3 1 606 1 1218 1 2178
3 1 568 1 828 1 2108
3 1 489 1 1618 1 1938
3 1 482 1 1291 1 1931
3 1 603 1 1279 1 2239
3 1 639 1 1251 1 1891
3 1 354 1 1067 1 1387
3 1 475 1 1604 1 1924
3 1 552 1 812 1 1772
3 1 626 1 918 1 1238
3 1 624 1 1236 1 2196
3 1 353 1 1066 1 1386
3 1 599 1 891 1 1211
3 1 596 1 1272 1 2232
3 1 539 1 799 1 1439
3 1 555 1 815 1 2095
3 1 539 1 799 1 2079
3 1 555 1 815 1 1775
3 1 568 1 828 1 1468
3 1 568 1 828 1 1788
3 1 548 1 808 1 2088
3 1 548 1 808 1 1448
3 1 399 1 1768 1 2088
3 1 399 1 1448 1 1768
3 1 544 1 804 1 1764
3 1 544 1 804 1 1444
3 1 544 1 804 1 2084
3 1 422 1 895 1 1855
3 1 547 1 807 1 1447
3 1 391 1 1504 1 1824
3 1 547 1 807 1 2087
3 1 571 1 831 1 1471
3 1 547 1 807 1 1767
3 1 549 1 809 1 1449
3 1 549 1 809 1 2089
3 1 440 1 1745 1 2065
3 1 549 1 809 1 1769
3 1 550 1 810 1 1770
3 1 550 1 810 1 1450
3 1 550 1 810 1 2090
3 1 571 1 831 1 2111
3 1 571 1 831 1 1791
3 1 570 1 830 1 1790
3 1 570 1 830 1 2110
3 1 545 1 805 1 2085
3 1 545 1 805 1 1765
3 1 578 1 1254 1 2214
3 1 515 1 775 1 1415
3 1 515 1 775 1 1735
3 1 493 1 918 1 2198
3 1 581 1 937 1 1257
3 1 446 1 1751 1 2071
3 1 618 1 910 1 1230
3 1 381 1 710 1 1350
3 1 639 1 1251 1 2211
3 1 493 1 1878 1 2198
3 1 627 1 1175 1 1495
3 1 639 1 931 1 1251
3 1 414 1 1207 1 1847
3 1 528 1 788 1 1428
3 1 559 1 819 1 2099
3 1 525 1 785 1 2065
3 1 390 1 1183 1 1823
3 1 359 1 752 1 1392
3 1 559 1 755 1 2035
3 1 562 1 758 1 2038
3 1 562 1 822 1 1782
3 1 572 1 768 1 1728
3 1 382 1 1031 1 1351
3 1 415 1 1208 1 1848
3 1 481 1 1290 1 1930
3 1 602 1 958 1 1278
3 1 439 1 1168 1 1808
3 1 474 1 1283 1 1923
3 1 556 1 816 1 1776
3 1 415 1 1528 1 1848
3 1 391 1 1184 1 1824
