756 2240
2 1 1456 1 2096
2 1 1446 1 1766
2 1 1453 1 2093
2 1 1446 1 2086
2 1 1766 1 2086
2 1 1438 1 2078
2 1 1773 1 2093
2 1 1453 1 1773
2 1 1758 1 2078
2 1 1433 1 2073
2 1 1438 1 1758
2 1 1433 1 1753
2 1 1753 1 2073
2 1 1432 1 2072
2 1 1752 1 2072
2 1 1432 1 1752
2 1 1431 1 2071
2 1 1427 1 2067
2 1 1427 1 1747
2 1 1747 1 2067
2 1 1746 1 2066
2 1 1426 1 1746
2 1 1426 1 2066
2 1 1425 1 2065
2 1 1414 1 2054
2 1 1733 1 2053
2 1 1412 1 2052
2 1 1412 1 1732
2 1 1732 1 2052
2 1 1408 1 2048
2 1 1728 1 2048
2 1 1408 1 1728
2 1 1417 1 1737
2 1 968 1 1608
2 1 1286 1 1606
2 1 965 1 1285
2 1 964 1 1284
2 1 1284 1 1604
2 1 964 1 1604
2 1 1411 1 1731
2 1 962 1 1602
2 1 960 1 1280
2 1 1023 1 1343
2 1 1471 1 1791
2 1 1469 1 1789
2 1 1455 1 1775
2 1 1328 1 1648
2 1 1002 1 1642
2 1 1002 1 1322
2 1 1322 1 1642
2 1 1318 1 1638
2 1 990 1 1630
2 1 1310 1 1630
2 1 990 1 1310
2 1 1308 1 1628
2 1 1439 1 1759
2 1 988 1 1628
2 1 988 1 1308
2 1 986 1 1626
2 1 835 1 1475
2 1 835 1 1155
2 1 1155 1 1475
2 1 834 1 1154
2 1 895 1 1535
2 1 1213 1 1533
2 1 892 1 1212
2 1 1787 1 2107
2 1 1020 1 1660
2 1 1019 1 1659
2 1 889 1 1529
2 1 889 1 1209
2 1 1209 1 1529
2 1 1464 1 1784
2 1 1780 1 2100
2 1 1460 1 2100
2 1 1460 1 1780
2 1 883 1 1523
2 1 1203 1 1523
2 1 883 1 1203
2 1 1778 1 2098
2 1 1458 1 2098
2 1 1458 1 1778
2 1 881 1 1521
2 1 1774 1 2094
2 1 1454 1 1774
2 1 1199 1 1519
2 1 879 1 1519
2 1 1454 1 2094
2 1 1007 1 1647
2 1 1007 1 1327
2 1 879 1 1199
2 1 1327 1 1647
2 1 1197 1 1517
2 1 877 1 1197
2 1 877 1 1517
2 1 876 1 1516
2 1 876 1 1196
2 1 1196 1 1516
2 1 1003 1 1323
2 1 1450 1 1770
2 1 873 1 1193
2 1 1191 1 1511
2 1 1190 1 1510
2 1 1189 1 1509
2 1 869 1 1189
2 1 869 1 1509
2 1 1317 1 1637
2 1 997 1 1637
2 1 997 1 1317
2 1 996 1 1316
2 1 996 1 1636
2 1 1316 1 1636
2 1 863 1 1183
2 1 989 1 1629
2 1 861 1 1501
2 1 989 1 1309
2 1 1309 1 1629
2 1 1177 1 1497
2 1 857 1 1497
2 1 857 1 1177
2 1 1176 1 1496
2 1 856 1 1496
2 1 856 1 1176
2 1 1175 1 1495
2 1 1749 1 2069
2 1 855 1 1495
2 1 855 1 1175
2 1 982 1 1302
2 1 982 1 1622
2 1 1302 1 1622
2 1 1171 1 1491
2 1 1170 1 1490
2 1 850 1 1170
2 1 850 1 1490
2 1 1169 1 1489
2 1 849 1 1489
2 1 849 1 1169
2 1 1424 1 1744
2 1 976 1 1616
2 1 976 1 1296
2 1 1296 1 1616
2 1 844 1 1164
2 1 972 1 1612
2 1 972 1 1292
2 1 1292 1 1612
2 1 1165 1 1485
2 1 1419 1 1739
2 1 971 1 1291
2 1 1418 1 1738
2 1 840 1 1160
2 1 1159 1 1479
2 1 837 1 1477
2 1 841 1 1161
2 1 836 1 1156
2 1 1156 1 1476
2 1 836 1 1476
2 1 959 1 2239
2 1 1086 1 2046
2 1 1790 1 2110
2 1 1470 1 1790
2 1 1470 1 2110
2 1 958 1 1918
2 1 1918 1 2238
2 1 958 1 2238
2 1 765 1 1085
2 1 765 1 2045
2 1 1085 1 2045
2 1 764 1 1084
2 1 957 1 1917
2 1 1917 1 2237
2 1 957 1 2237
2 1 1468 1 1788
2 1 1788 1 2108
2 1 1468 1 2108
2 1 956 1 1916
2 1 956 1 2236
2 1 1916 1 2236
2 1 1018 1 1658
2 1 1018 1 1338
2 1 1338 1 1658
2 1 955 1 2235
2 1 1915 1 2235
2 1 955 1 1915
2 1 1914 1 2234
2 1 890 1 1530
2 1 1017 1 1337
2 1 888 1 1208
2 1 887 1 1207
2 1 1014 1 1654
2 1 1334 1 1654
2 1 1014 1 1334
2 1 758 1 2038
2 1 886 1 1206
2 1 757 1 2037
2 1 1013 1 1333
2 1 1333 1 1653
2 1 1013 1 1653
2 1 1332 1 1652
2 1 1012 1 1332
2 1 1012 1 1652
2 1 884 1 1204
2 1 1075 1 2035
2 1 1011 1 1331
2 1 1459 1 1779
2 1 1459 1 2099
2 1 1779 1 2099
2 1 754 1 2034
2 1 1202 1 1522
2 1 753 1 2033
2 1 753 1 1073
2 1 1073 1 2033
2 1 946 1 1906
2 1 946 1 2226
2 1 1906 1 2226
2 1 1905 1 2225
2 1 1072 1 2032
2 1 752 1 1072
2 1 752 1 2032
2 1 1071 1 2031
2 1 751 1 1071
2 1 751 1 2031
2 1 878 1 1198
2 1 942 1 2222
2 1 749 1 2029
2 1 1069 1 2029
2 1 749 1 1069
2 1 748 1 1068
2 1 1772 1 2092
2 1 940 1 2220
2 1 940 1 1900
2 1 1900 1 2220
2 1 747 1 2027
2 1 747 1 1067
2 1 1067 1 2027
2 1 1451 1 1771
2 1 939 1 2219
2 1 939 1 1899
2 1 1899 1 2219
2 1 1321 1 1641
2 1 1065 1 2025
2 1 938 1 1898
2 1 938 1 2218
2 1 1898 1 2218
2 1 1449 1 1769
2 1 1897 1 2217
2 1 744 1 2024
2 1 1448 1 1768
2 1 1768 1 2088
2 1 1448 1 2088
2 1 743 1 1063
2 1 743 1 2023
2 1 1063 1 2023
2 1 936 1 2216
2 1 1447 1 2087
2 1 742 1 1062
2 1 1895 1 2215
2 1 741 1 1061
2 1 1061 1 2021
2 1 741 1 2021
2 1 934 1 1894
2 1 1893 1 2213
2 1 933 1 2213
2 1 933 1 1893
2 1 1892 1 2212
2 1 932 1 2212
2 1 932 1 1892
2 1 868 1 1188
2 1 995 1 1315
2 1 995 1 1635
2 1 1315 1 1635
2 1 1443 1 1763
2 1 994 1 1634
2 1 1314 1 1634
2 1 994 1 1314
2 1 738 1 2018
2 1 1891 1 2211
2 1 1313 1 1633
2 1 737 1 2017
2 1 992 1 1312
2 1 1312 1 1632
2 1 992 1 1632
2 1 1185 1 1505
2 1 1311 1 1631
2 1 991 1 1631
2 1 991 1 1311
2 1 1184 1 1504
2 1 735 1 2015
2 1 1055 1 2015
2 1 735 1 1055
2 1 1887 1 2207
2 1 734 1 1054
2 1 734 1 2014
2 1 1054 1 2014
2 1 926 1 1886
2 1 926 1 2206
2 1 1886 1 2206
2 1 733 1 1053
2 1 733 1 2013
2 1 1053 1 2013
2 1 1885 1 2205
2 1 925 1 1885
2 1 925 1 2205
2 1 732 1 2012
2 1 860 1 1180
2 1 860 1 1500
2 1 1180 1 1500
2 1 924 1 1884
2 1 731 1 2011
2 1 1051 1 2011
2 1 731 1 1051
2 1 1305 1 1625
2 1 858 1 1498
2 1 729 1 1049
2 1 728 1 2008
2 1 728 1 1048
2 1 1048 1 2008
2 1 920 1 2200
2 1 1047 1 2007
2 1 1879 1 2199
2 1 919 1 1879
2 1 919 1 2199
2 1 918 1 1878
2 1 1430 1 2070
2 1 854 1 1174
2 1 854 1 1494
2 1 1174 1 1494
2 1 725 1 2005
2 1 981 1 1301
2 1 980 1 1300
2 1 1428 1 1748
2 1 1748 1 2068
2 1 1428 1 2068
2 1 852 1 1492
2 1 1043 1 2003
2 1 722 1 1042
2 1 722 1 2002
2 1 1042 1 2002
2 1 1875 1 2195
2 1 914 1 1874
2 1 914 1 2194
2 1 1874 1 2194
2 1 721 1 2001
2 1 721 1 1041
2 1 1041 1 2001
2 1 913 1 2193
2 1 1873 1 2193
2 1 913 1 1873
2 1 720 1 2000
2 1 912 1 1872
2 1 1168 1 1488
2 1 848 1 1488
2 1 848 1 1168
2 1 719 1 1999
2 1 975 1 1295
2 1 1871 1 2191
2 1 974 1 1294
2 1 1294 1 1614
2 1 974 1 1614
2 1 847 1 1167
2 1 1293 1 1613
2 1 1742 1 2062
2 1 1422 1 2062
2 1 1422 1 1742
2 1 846 1 1166
2 1 1037 1 1997
2 1 716 1 1036
2 1 1036 1 1996
2 1 716 1 1996
2 1 908 1 1868
2 1 1290 1 1610
2 1 970 1 1610
2 1 970 1 1290
2 1 714 1 1994
2 1 907 1 1867
2 1 842 1 1162
2 1 1289 1 1609
2 1 969 1 1609
2 1 969 1 1289
2 1 713 1 1033
2 1 1033 1 1993
2 1 713 1 1993
2 1 1865 1 2185
2 1 712 1 1992
2 1 1032 1 1992
2 1 712 1 1032
2 1 1416 1 1736
2 1 1736 1 2056
2 1 1416 1 2056
2 1 904 1 2184
2 1 711 1 1991
2 1 711 1 1031
2 1 1031 1 1991
2 1 710 1 1030
2 1 710 1 1990
2 1 1030 1 1990
2 1 1863 1 2183
2 1 903 1 1863
2 1 903 1 2183
2 1 902 1 1862
2 1 709 1 1989
2 1 1029 1 1989
2 1 709 1 1029
2 1 901 1 1861
2 1 900 1 1860
2 1 900 1 2180
2 1 1860 1 2180
2 1 707 1 1027
2 1 899 1 1859
2 1 899 1 2179
2 1 1859 1 2179
2 1 706 1 1026
2 1 1026 1 1986
2 1 706 1 1986
2 1 1410 1 1730
2 1 1730 1 2050
2 1 1410 1 2050
2 1 1858 1 2178
2 1 898 1 1858
2 1 898 1 2178
2 1 705 1 1025
2 1 1729 1 2049
2 1 704 1 1024
2 1 896 1 2176
2 1 1856 1 2176
2 1 896 1 1856
2 1 897 1 1857
2 1 897 1 2177
2 1 1857 1 2177
3 1 556 1 816 1 2096
3 1 556 1 816 1 1456
3 1 474 1 1603 1 1923
3 1 567 1 827 1 1787
3 1 525 1 785 1 2065
3 1 531 1 791 1 1431
3 1 468 1 1021 1 1981
3 1 567 1 827 1 2107
3 1 595 1 1271 1 2231
3 1 577 1 1253 1 1893
3 1 364 1 757 1 1397
3 1 414 1 1207 1 1847
3 1 538 1 798 1 2078
3 1 370 1 1339 1 1659
3 1 370 1 1019 1 1339
3 1 605 1 1153 1 1473
3 1 337 1 730 1 1370
3 1 489 1 978 1 1938
3 1 594 1 1270 1 1910
3 1 504 1 1313 1 1953
3 1 633 1 1245 1 2205
3 1 480 1 969 1 1929
3 1 614 1 1226 1 2186
3 1 619 1 1231 1 2191
3 1 469 1 1022 1 1982
3 1 431 1 840 1 1800
3 1 462 1 1015 1 1975
3 1 372 1 1021 1 1341
3 1 525 1 785 1 1425
3 1 440 1 1745 1 2065
3 1 364 1 1397 1 2037
3 1 633 1 925 1 1245
3 1 555 1 815 1 1455
3 1 559 1 755 1 1075
3 1 619 1 1231 1 1871
3 1 607 1 1219 1 2179
3 1 495 1 984 1 1944
3 1 477 1 1286 1 1926
3 1 329 1 978 1 1298
3 1 531 1 791 1 2071
3 1 373 1 1022 1 1342
3 1 630 1 922 1 1242
3 1 440 1 1425 1 1745
3 1 422 1 1535 1 1855
3 1 583 1 1195 1 1515
3 1 326 1 719 1 1359
3 1 362 1 1395 1 2035
3 1 461 1 1910 1 2230
3 1 323 1 1356 1 1996
3 1 339 1 732 1 1372
3 1 633 1 1245 1 1885
3 1 332 1 1365 1 2005
3 1 559 1 755 1 2035
3 1 332 1 725 1 1365
3 1 477 1 1606 1 1926
3 1 546 1 806 1 1446
3 1 535 1 795 1 2075
3 1 563 1 759 1 2039
3 1 446 1 1751 1 2071
3 1 461 1 1014 1 1974
3 1 407 1 1776 1 2096
3 1 475 1 964 1 1924
3 1 407 1 1456 1 1776
3 1 446 1 1431 1 1751
3 1 529 1 789 1 2069
3 1 386 1 1755 1 2075
3 1 431 1 1160 1 1800
3 1 422 1 895 1 1855
3 1 326 1 1359 1 1999
3 1 546 1 806 1 1766
3 1 546 1 806 1 2086
3 1 553 1 813 1 2093
3 1 569 1 829 1 1469
3 1 553 1 813 1 1773
3 1 362 1 1075 1 1395
3 1 447 1 856 1 1816
3 1 526 1 786 1 2066
3 1 537 1 797 1 2077
3 1 523 1 783 1 1743
3 1 533 1 793 1 2073
3 1 365 1 1398 1 2038
3 1 574 1 770 1 1410
3 1 553 1 813 1 1453
3 1 533 1 793 1 1433
3 1 532 1 792 1 1752
3 1 526 1 786 1 1746
3 1 576 1 1252 1 2212
3 1 638 1 1250 1 2210
3 1 593 1 885 1 1205
3 1 388 1 1757 1 2077
3 1 527 1 787 1 1427
3 1 393 1 1186 1 1826
3 1 396 1 1509 1 1829
3 1 538 1 798 1 1758
3 1 519 1 779 1 1739
3 1 475 1 1284 1 1924
3 1 532 1 792 1 2072
3 1 533 1 793 1 1753
3 1 532 1 792 1 1432
3 1 538 1 798 1 1438
3 1 499 1 1628 1 1948
3 1 366 1 1015 1 1335
3 1 482 1 907 1 2187
3 1 577 1 1253 1 2213
3 1 424 1 1473 1 1793
3 1 621 1 1233 1 2193
3 1 543 1 739 1 2019
3 1 527 1 787 1 2067
3 1 527 1 787 1 1747
3 1 475 1 1604 1 1924
3 1 566 1 826 1 2106
3 1 457 1 1010 1 1970
3 1 378 1 1283 1 1603
3 1 575 1 771 1 1731
3 1 564 1 760 1 2040
3 1 577 1 933 1 1253
3 1 526 1 786 1 1426
3 1 607 1 1219 1 1859
3 1 389 1 862 1 1822
3 1 607 1 899 1 1219
3 1 365 1 758 1 1398
3 1 512 1 772 1 2052
3 1 609 1 1221 1 1861
3 1 609 1 901 1 1221
3 1 476 1 901 1 2181
3 1 426 1 835 1 1795
3 1 453 1 1646 1 1966
3 1 512 1 772 1 1412
3 1 456 1 1329 1 1969
3 1 576 1 932 1 1252
3 1 512 1 772 1 1732
3 1 357 1 1326 1 1646
3 1 437 1 1166 1 1806
3 1 378 1 1027 1 1347
3 1 555 1 815 1 1775
3 1 514 1 774 1 2054
3 1 514 1 774 1 1414
3 1 461 1 1654 1 1974
3 1 366 1 1399 1 2039
3 1 602 1 894 1 1214
3 1 391 1 1504 1 1824
3 1 378 1 707 1 1347
3 1 612 1 904 1 1224
3 1 512 1 708 1 1028
3 1 570 1 830 1 2110
3 1 624 1 852 1 1172
3 1 484 1 1613 1 1933
3 1 442 1 1171 1 1811
3 1 608 1 1220 1 1860
3 1 519 1 779 1 1419
3 1 620 1 912 1 1232
3 1 476 1 1861 1 2181
3 1 539 1 799 1 1759
3 1 603 1 959 1 1279
3 1 513 1 773 1 2053
3 1 458 1 1331 1 1971
3 1 478 1 1287 1 1927
3 1 513 1 773 1 1733
3 1 509 1 1318 1 1958
3 1 574 1 770 1 2050
3 1 627 1 919 1 1239
3 1 399 1 1192 1 1832
3 1 433 1 842 1 1802
3 1 621 1 913 1 1233
3 1 576 1 1252 1 1892
3 1 574 1 770 1 1730
3 1 451 1 1324 1 1964
3 1 442 1 1491 1 1811
3 1 608 1 900 1 1220
3 1 361 1 1010 1 1330
3 1 436 1 1165 1 1805
3 1 509 1 1638 1 1958
3 1 591 1 1267 1 2227
3 1 430 1 1159 1 1799
3 1 490 1 1299 1 1939
3 1 572 1 768 1 1728
3 1 570 1 830 1 1470
3 1 507 1 1316 1 1956
3 1 437 1 846 1 1806
3 1 502 1 991 1 1951
3 1 400 1 1193 1 1833
3 1 482 1 1867 1 2187
3 1 503 1 992 1 1952
3 1 400 1 873 1 1833
3 1 626 1 918 1 1238
3 1 529 1 789 1 1749
3 1 631 1 1243 1 1883
3 1 541 1 801 1 2081
3 1 637 1 1249 1 1889
3 1 371 1 764 1 1404
3 1 371 1 1084 1 1404
3 1 358 1 1391 1 2031
3 1 504 1 1889 1 2209
3 1 633 1 861 1 1181
3 1 620 1 1232 1 1872
3 1 618 1 1230 1 2190
3 1 342 1 1055 1 1375
3 1 589 1 1265 1 1905
3 1 379 1 1028 1 1348
3 1 398 1 1191 1 1831
3 1 634 1 862 1 1182
3 1 562 1 822 1 1462
3 1 351 1 1384 1 2024
3 1 573 1 769 1 2049
3 1 603 1 895 1 1215
3 1 433 1 1162 1 1802
3 1 609 1 1157 1 1477
3 1 603 1 1279 1 2239
3 1 377 1 1282 1 1602
3 1 570 1 830 1 1790
3 1 348 1 1061 1 1381
3 1 548 1 808 1 1768
3 1 608 1 1220 1 2180
3 1 430 1 1479 1 1799
3 1 621 1 1233 1 1873
3 1 558 1 818 1 2098
3 1 482 1 1291 1 1931
3 1 413 1 1462 1 1782
3 1 499 1 988 1 1948
3 1 353 1 1386 1 2026
3 1 345 1 738 1 1378
3 1 320 1 1353 1 1993
3 1 550 1 746 1 2026
3 1 421 1 894 1 1854
3 1 461 1 1334 1 1974
3 1 558 1 818 1 1458
3 1 320 1 713 1 1353
3 1 320 1 1033 1 1353
3 1 352 1 1385 1 2025
3 1 503 1 1312 1 1952
3 1 395 1 868 1 1828
3 1 569 1 829 1 1789
3 1 348 1 741 1 1381
3 1 394 1 1187 1 1827
3 1 571 1 831 1 1471
3 1 493 1 1622 1 1942
3 1 583 1 939 1 1259
3 1 634 1 1246 1 2206
3 1 592 1 1268 1 2228
3 1 342 1 735 1 1375
3 1 356 1 1389 1 2029
3 1 634 1 926 1 1246
3 1 342 1 1375 1 2015
3 1 463 1 952 1 2232
3 1 449 1 1322 1 1962
3 1 521 1 717 1 1997
3 1 440 1 1489 1 1809
3 1 524 1 784 1 1744
3 1 571 1 767 1 1087
3 1 627 1 1239 1 1879
3 1 447 1 1496 1 1816
3 1 377 1 962 1 1282
3 1 404 1 1197 1 1837
3 1 560 1 820 1 1780
3 1 549 1 745 1 1065
3 1 496 1 1881 1 2201
3 1 481 1 1290 1 1930
3 1 409 1 1522 1 1842
3 1 428 1 837 1 1797
3 1 444 1 1493 1 1813
3 1 503 1 1632 1 1952
3 1 429 1 1414 1 1734
3 1 376 1 1025 1 1345
3 1 391 1 1184 1 1824
3 1 350 1 1063 1 1383
3 1 377 1 706 1 1346
3 1 443 1 1492 1 1812
3 1 610 1 838 1 1158
3 1 458 1 1011 1 1971
3 1 486 1 975 1 1935
3 1 402 1 1515 1 1835
3 1 575 1 771 1 1411
3 1 524 1 784 1 1424
3 1 499 1 1308 1 1948
3 1 449 1 1002 1 1962
3 1 598 1 1274 1 2234
3 1 504 1 1633 1 1953
3 1 377 1 1346 1 1986
3 1 351 1 744 1 1384
3 1 449 1 1642 1 1962
3 1 502 1 1311 1 1951
3 1 321 1 714 1 1354
3 1 368 1 1081 1 1401
3 1 429 1 838 1 1798
3 1 573 1 769 1 1729
3 1 481 1 970 1 1930
3 1 501 1 1630 1 1950
3 1 487 1 1872 1 2192
3 1 367 1 1336 1 1656
3 1 448 1 1321 1 1961
3 1 429 1 1734 1 2054
3 1 547 1 807 1 1447
3 1 427 1 836 1 1796
3 1 559 1 819 1 2099
3 1 426 1 1155 1 1795
3 1 355 1 748 1 1388
3 1 443 1 852 1 1812
3 1 626 1 1238 1 1878
3 1 571 1 831 1 1791
3 1 350 1 1383 1 2023
3 1 384 1 857 1 1817
3 1 545 1 805 1 1765
3 1 558 1 818 1 1778
3 1 639 1 1251 1 1891
3 1 580 1 1256 1 2216
3 1 382 1 1351 1 1991
3 1 481 1 1610 1 1930
3 1 568 1 828 1 2108
3 1 448 1 1641 1 1961
3 1 487 1 976 1 1936
3 1 438 1 1167 1 1807
3 1 598 1 1274 1 1914
3 1 376 1 705 1 1345
3 1 487 1 912 1 2192
3 1 550 1 810 1 1450
3 1 580 1 936 1 1256
3 1 603 1 1215 1 1535
3 1 617 1 1229 1 2189
3 1 559 1 819 1 1779
3 1 396 1 869 1 1829
3 1 345 1 1378 1 2018
3 1 459 1 1332 1 1972
3 1 321 1 1354 1 1994
3 1 598 1 1210 1 1530
3 1 493 1 1878 1 2198
3 1 480 1 1609 1 1929
3 1 559 1 819 1 1459
3 1 395 1 1188 1 1828
