428 2240
2 1 1789 1 2109
2 1 1462 1 2102
2 1 1462 1 1782
2 1 1782 1 2102
2 1 1777 1 2097
2 1 1456 1 2096
2 1 1774 1 2094
2 1 1449 1 2089
2 1 1776 1 2096
2 1 1769 1 2089
2 1 1456 1 1776
2 1 1449 1 1769
2 1 1764 1 2084
2 1 1438 1 2078
2 1 1436 1 1756
2 1 1756 1 2076
2 1 1436 1 2076
2 1 1750 1 2070
2 1 1746 1 2066
2 1 1752 1 2072
2 1 1419 1 2059
2 1 1738 1 2058
2 1 1733 1 2053
2 1 1411 1 1731
2 1 1411 1 2051
2 1 1731 1 2051
2 1 1289 1 1609
2 1 1288 1 1608
2 1 964 1 1284
2 1 1286 1 1606
2 1 962 1 1282
2 1 1282 1 1602
2 1 962 1 1602
2 1 968 1 1608
2 1 968 1 1288
2 1 1019 1 1659
2 1 1339 1 1659
2 1 1019 1 1339
2 1 1337 1 1657
2 1 1014 1 1654
2 1 1333 1 1653
2 1 1013 1 1333
2 1 1013 1 1653
2 1 1329 1 1649
2 1 1331 1 1651
2 1 1007 1 1647
2 1 1002 1 1322
2 1 999 1 1319
2 1 1319 1 1639
2 1 999 1 1639
2 1 1011 1 1331
2 1 1011 1 1651
2 1 997 1 1317
2 1 997 1 1637
2 1 1317 1 1637
2 1 1316 1 1636
2 1 1310 1 1630
2 1 1435 1 1755
2 1 1443 1 1763
2 1 983 1 1623
2 1 983 1 1303
2 1 1303 1 1623
2 1 1301 1 1621
2 1 981 1 1301
2 1 981 1 1621
2 1 979 1 1619
2 1 834 1 1474
2 1 1281 1 1601
2 1 986 1 1626
2 1 960 1 1280
2 1 1306 1 1626
2 1 960 1 1600
2 1 1280 1 1600
2 1 984 1 1304
2 1 894 1 1214
2 1 1213 1 1533
2 1 892 1 1212
2 1 1787 1 2107
2 1 1020 1 1340
2 1 1212 1 1532
2 1 1340 1 1660
2 1 1020 1 1660
2 1 1210 1 1530
2 1 892 1 1532
2 1 890 1 1530
2 1 890 1 1210
2 1 1207 1 1527
2 1 1208 1 1528
2 1 886 1 1206
2 1 1779 1 2099
2 1 885 1 1525
2 1 1012 1 1652
2 1 1012 1 1332
2 1 1332 1 1652
2 1 882 1 1522
2 1 986 1 1306
2 1 1201 1 1521
2 1 880 1 1520
2 1 878 1 1198
2 1 1450 1 1770
2 1 1450 1 2090
2 1 1770 1 2090
2 1 873 1 1193
2 1 1192 1 1512
2 1 872 1 1512
2 1 1193 1 1513
2 1 872 1 1192
2 1 1447 1 2087
2 1 873 1 1513
2 1 1447 1 1767
2 1 1767 1 2087
2 1 1000 1 1640
2 1 870 1 1510
2 1 868 1 1188
2 1 867 1 1507
2 1 865 1 1185
2 1 1440 1 1760
2 1 1440 1 2080
2 1 1760 1 2080
2 1 863 1 1503
2 1 863 1 1183
2 1 1183 1 1503
2 1 861 1 1501
2 1 861 1 1181
2 1 1181 1 1501
2 1 1180 1 1500
2 1 859 1 1499
2 1 859 1 1179
2 1 1179 1 1499
2 1 1434 1 2074
2 1 1434 1 1754
2 1 1754 1 2074
2 1 987 1 1627
2 1 857 1 1497
2 1 1176 1 1496
2 1 1173 1 1493
2 1 853 1 1173
2 1 855 1 1495
2 1 1175 1 1495
2 1 853 1 1493
2 1 992 1 1632
2 1 852 1 1172
2 1 1427 1 2067
2 1 1427 1 1747
2 1 1747 1 2067
2 1 855 1 1175
2 1 1300 1 1620
2 1 850 1 1490
2 1 1170 1 1490
2 1 850 1 1170
2 1 849 1 1489
2 1 1169 1 1489
2 1 849 1 1169
2 1 1297 1 1617
2 1 847 1 1167
2 1 1741 1 2061
2 1 1294 1 1614
2 1 1163 1 1483
2 1 842 1 1482
2 1 1161 1 1481
2 1 841 1 1481
2 1 841 1 1161
2 1 1160 1 1480
2 1 839 1 1159
2 1 970 1 1290
2 1 1157 1 1477
2 1 1156 1 1476
2 1 836 1 1476
2 1 836 1 1156
2 1 1728 1 2048
2 1 1152 1 1472
2 1 1342 1 1662
2 1 1215 1 1535
2 1 766 1 1086
2 1 1919 1 2239
2 1 1470 1 1790
2 1 1470 1 2110
2 1 1790 1 2110
2 1 1085 1 2045
2 1 765 1 2045
2 1 765 1 1085
2 1 1084 1 2044
2 1 764 1 1084
2 1 764 1 2044
2 1 1917 1 2237
2 1 957 1 2237
2 1 957 1 1917
2 1 956 1 1916
2 1 1916 1 2236
2 1 956 1 2236
2 1 1338 1 1658
2 1 762 1 2042
2 1 1082 1 2042
2 1 762 1 1082
2 1 955 1 1915
2 1 1914 1 2234
2 1 761 1 2041
2 1 1336 1 1656
2 1 1016 1 1336
2 1 1016 1 1656
2 1 1785 1 2105
2 1 1080 1 2040
2 1 760 1 2040
2 1 760 1 1080
2 1 1464 1 1784
2 1 1784 1 2104
2 1 1464 1 2104
2 1 759 1 1079
2 1 758 1 2038
2 1 758 1 1078
2 1 1078 1 2038
2 1 951 1 2231
2 1 950 1 1910
2 1 950 1 2230
2 1 1910 1 2230
2 1 757 1 1077
2 1 949 1 2229
2 1 949 1 1909
2 1 1909 1 2229
2 1 1076 1 2036
2 1 756 1 1076
2 1 756 1 2036
2 1 1460 1 1780
2 1 1780 1 2100
2 1 1460 1 2100
2 1 755 1 2035
2 1 1203 1 1523
2 1 1074 1 2034
2 1 947 1 2227
2 1 1907 1 2227
2 1 947 1 1907
2 1 753 1 1073
2 1 752 1 1072
2 1 752 1 2032
2 1 1072 1 2032
2 1 945 1 1905
2 1 944 1 1904
2 1 944 1 2224
2 1 1904 1 2224
2 1 943 1 2223
2 1 943 1 1903
2 1 1903 1 2223
2 1 879 1 1519
2 1 1006 1 1326
2 1 1006 1 1646
2 1 1326 1 1646
2 1 1070 1 2030
2 1 749 1 2029
2 1 941 1 1901
2 1 941 1 2221
2 1 1901 1 2221
2 1 1004 1 1644
2 1 1773 1 2093
2 1 877 1 1197
2 1 877 1 1517
2 1 1197 1 1517
2 1 748 1 1068
2 1 1452 1 2092
2 1 1452 1 1772
2 1 1772 1 2092
2 1 1067 1 2027
2 1 1900 1 2220
2 1 1771 1 2091
2 1 746 1 2026
2 1 939 1 2219
2 1 1194 1 1514
2 1 938 1 2218
2 1 938 1 1898
2 1 1898 1 2218
2 1 1064 1 2024
2 1 936 1 1896
2 1 936 1 2216
2 1 1896 1 2216
2 1 1448 1 1768
2 1 998 1 1638
2 1 998 1 1318
2 1 1318 1 1638
2 1 1062 1 2022
2 1 742 1 1062
2 1 742 1 2022
2 1 1895 1 2215
2 1 935 1 1895
2 1 935 1 2215
2 1 1894 1 2214
2 1 1061 1 2021
2 1 932 1 1892
2 1 1892 1 2212
2 1 932 1 2212
2 1 739 1 2019
2 1 1059 1 2019
2 1 739 1 1059
2 1 931 1 2211
2 1 738 1 2018
2 1 1890 1 2210
2 1 930 1 1890
2 1 930 1 2210
2 1 866 1 1186
2 1 737 1 1057
2 1 1313 1 1633
2 1 993 1 1633
2 1 993 1 1313
2 1 736 1 2016
2 1 928 1 2208
2 1 991 1 1631
2 1 1311 1 1631
2 1 991 1 1311
2 1 1759 1 2079
2 1 1887 1 2207
2 1 1053 1 2013
2 1 733 1 1053
2 1 733 1 2013
2 1 926 1 2206
2 1 926 1 1886
2 1 1886 1 2206
2 1 1437 1 1757
2 1 1757 1 2077
2 1 1437 1 2077
2 1 1051 1 2011
2 1 731 1 2011
2 1 731 1 1051
2 1 924 1 2204
2 1 1884 1 2204
2 1 924 1 1884
2 1 923 1 2203
2 1 1305 1 1625
2 1 858 1 1178
2 1 922 1 2202
2 1 1882 1 2202
2 1 922 1 1882
2 1 1433 1 1753
2 1 1753 1 2073
2 1 1433 1 2073
2 1 1881 1 2201
2 1 728 1 1048
2 1 1047 1 2007
2 1 920 1 2200
2 1 1751 1 2071
2 1 1431 1 2071
2 1 1431 1 1751
2 1 1879 1 2199
2 1 919 1 2199
2 1 919 1 1879
2 1 726 1 1046
2 1 725 1 2005
2 1 1045 1 2005
2 1 725 1 1045
2 1 918 1 2198
2 1 918 1 1878
2 1 1878 1 2198
2 1 917 1 2197
2 1 724 1 1044
2 1 916 1 1876
2 1 1428 1 1748
2 1 723 1 2003
2 1 978 1 1618
2 1 1298 1 1618
2 1 978 1 1298
2 1 915 1 2195
2 1 721 1 1041
2 1 1425 1 2065
2 1 1873 1 2193
2 1 913 1 2193
2 1 913 1 1873
2 1 1168 1 1488
2 1 1039 1 1999
2 1 1295 1 1615
2 1 975 1 1615
2 1 975 1 1295
2 1 1743 1 2063
2 1 1423 1 1743
2 1 1423 1 2063
2 1 1871 1 2191
2 1 718 1 1998
2 1 1166 1 1486
2 1 973 1 1293
2 1 1293 1 1613
2 1 973 1 1613
2 1 910 1 2190
2 1 845 1 1165
2 1 1291 1 1611
2 1 1420 1 2060
2 1 1164 1 1484
2 1 844 1 1484
2 1 844 1 1164
2 1 715 1 1995
2 1 715 1 1035
2 1 1035 1 1995
2 1 714 1 1034
2 1 1033 1 1993
2 1 713 1 1033
2 1 713 1 1993
2 1 1865 1 2185
2 1 905 1 2185
2 1 905 1 1865
2 1 1737 1 2057
2 1 1417 1 1737
2 1 1417 1 2057
2 1 712 1 1992
2 1 712 1 1032
2 1 1032 1 1992
2 1 711 1 1991
2 1 711 1 1031
2 1 1031 1 1991
2 1 904 1 2184
2 1 1415 1 2055
2 1 903 1 1863
2 1 710 1 1990
2 1 1285 1 1605
2 1 1734 1 2054
2 1 1414 1 1734
2 1 1414 1 2054
2 1 709 1 1029
2 1 708 1 1028
2 1 1412 1 1732
2 1 900 1 2180
2 1 706 1 1026
2 1 1026 1 1986
2 1 706 1 1986
2 1 1859 1 2179
2 1 899 1 2179
2 1 899 1 1859
2 1 898 1 2178
2 1 898 1 1858
2 1 1858 1 2178
2 1 1025 1 1985
2 1 705 1 1985
2 1 705 1 1025
2 1 1409 1 2049
