425 2240
2 1 1788 1 2108
2 1 1471 1 2111
2 1 1471 1 1791
2 1 1791 1 2111
2 1 1468 1 1788
2 1 1468 1 2108
2 1 1465 1 2105
2 1 1458 1 1778
2 1 1458 1 2098
2 1 1778 1 2098
2 1 1457 1 1777
2 1 1457 1 2097
2 1 1777 1 2097
2 1 1758 1 2078
2 1 1431 1 2071
2 1 1751 1 2071
2 1 1757 1 2077
2 1 1431 1 1751
2 1 1430 1 1750
2 1 1750 1 2070
2 1 1430 1 2070
2 1 1748 1 2068
2 1 1427 1 1747
2 1 1427 1 2067
2 1 1747 1 2067
2 1 1741 1 2061
2 1 1421 1 2061
2 1 1424 1 2064
2 1 1744 1 2064
2 1 1424 1 1744
2 1 1421 1 1741
2 1 1420 1 1740
2 1 1740 1 2060
2 1 1420 1 2060
2 1 1419 1 2059
2 1 1414 1 2054
2 1 1739 1 2059
2 1 1419 1 1739
2 1 1415 1 1735
2 1 1415 1 2055
2 1 1735 1 2055
2 1 1412 1 1732
2 1 1732 1 2052
2 1 1412 1 2052
2 1 972 1 1612
2 1 1417 1 1737
2 1 1416 1 1736
2 1 967 1 1607
2 1 965 1 1285
2 1 964 1 1284
2 1 964 1 1604
2 1 1284 1 1604
2 1 1283 1 1603
2 1 1410 1 1730
2 1 1340 1 1660
2 1 1022 1 1662
2 1 1342 1 1662
2 1 1022 1 1342
2 1 1021 1 1341
2 1 1469 1 1789
2 1 1338 1 1658
2 1 1018 1 1338
2 1 1018 1 1658
2 1 1016 1 1656
2 1 1336 1 1656
2 1 1016 1 1336
2 1 1464 1 1784
2 1 1015 1 1335
2 1 1014 1 1334
2 1 1461 1 1781
2 1 1328 1 1648
2 1 1450 1 1770
2 1 1317 1 1637
2 1 1312 1 1632
2 1 1310 1 1630
2 1 981 1 1621
2 1 988 1 1628
2 1 1155 1 1475
2 1 835 1 1155
2 1 835 1 1475
2 1 834 1 1154
2 1 962 1 1282
2 1 833 1 1153
2 1 961 1 1601
2 1 1408 1 1728
2 1 895 1 1215
2 1 894 1 1534
2 1 892 1 1212
2 1 891 1 1531
2 1 1211 1 1531
2 1 891 1 1211
2 1 888 1 1208
2 1 888 1 1528
2 1 1208 1 1528
2 1 887 1 1207
2 1 1333 1 1653
2 1 1779 1 2099
2 1 1332 1 1652
2 1 882 1 1202
2 1 1202 1 1522
2 1 882 1 1522
2 1 1201 1 1521
2 1 881 1 1521
2 1 881 1 1201
2 1 1329 1 1649
2 1 1199 1 1519
2 1 1453 1 2093
2 1 1773 1 2093
2 1 1453 1 1773
2 1 876 1 1516
2 1 876 1 1196
2 1 1196 1 1516
2 1 1321 1 1641
2 1 1191 1 1511
2 1 1188 1 1508
2 1 1443 1 1763
2 1 995 1 1315
2 1 995 1 1635
2 1 1315 1 1635
2 1 1185 1 1505
2 1 862 1 1182
2 1 861 1 1501
2 1 1179 1 1499
2 1 860 1 1500
2 1 1180 1 1500
2 1 860 1 1180
2 1 987 1 1627
2 1 987 1 1307
2 1 1307 1 1627
2 1 1175 1 1495
2 1 1174 1 1494
2 1 1302 1 1622
2 1 854 1 1174
2 1 854 1 1494
2 1 982 1 1302
2 1 982 1 1622
2 1 979 1 1619
2 1 979 1 1299
2 1 1299 1 1619
2 1 1746 1 2066
2 1 978 1 1298
2 1 1298 1 1618
2 1 978 1 1618
2 1 851 1 1171
2 1 851 1 1491
2 1 1171 1 1491
2 1 1168 1 1488
2 1 848 1 1488
2 1 848 1 1168
2 1 1423 1 1743
2 1 1742 1 2062
2 1 845 1 1485
2 1 843 1 1483
2 1 971 1 1291
2 1 1164 1 1484
2 1 844 1 1164
2 1 844 1 1484
2 1 840 1 1160
2 1 839 1 1159
2 1 1161 1 1481
2 1 1158 1 1478
2 1 838 1 1478
2 1 838 1 1158
2 1 837 1 1477
2 1 837 1 1157
2 1 1157 1 1477
2 1 1152 1 1472
2 1 767 1 1087
2 1 1919 1 2239
2 1 766 1 1086
2 1 958 1 2238
2 1 958 1 1918
2 1 1918 1 2238
2 1 1470 1 1790
2 1 764 1 1084
2 1 957 1 2237
2 1 957 1 1917
2 1 1917 1 2237
2 1 956 1 2236
2 1 1083 1 2043
2 1 763 1 1083
2 1 763 1 2043
2 1 955 1 2235
2 1 1467 1 2107
2 1 1017 1 1657
2 1 1017 1 1337
2 1 1337 1 1657
2 1 1210 1 1530
2 1 761 1 1081
2 1 760 1 1080
2 1 1913 1 2233
2 1 1079 1 2039
2 1 951 1 2231
2 1 758 1 2038
2 1 1078 1 2038
2 1 758 1 1078
2 1 1462 1 2102
2 1 757 1 2037
2 1 757 1 1077
2 1 1077 1 2037
2 1 950 1 1910
2 1 1910 1 2230
2 1 950 1 2230
2 1 1331 1 1651
2 1 884 1 1204
2 1 948 1 2228
2 1 883 1 1523
2 1 883 1 1203
2 1 1203 1 1523
2 1 754 1 1074
2 1 754 1 2034
2 1 1074 1 2034
2 1 753 1 1073
2 1 945 1 2225
2 1 944 1 2224
2 1 1200 1 1520
2 1 880 1 1520
2 1 880 1 1200
2 1 1071 1 2031
2 1 751 1 2031
2 1 751 1 1071
2 1 1007 1 1327
2 1 1325 1 1645
2 1 942 1 2222
2 1 748 1 1068
2 1 748 1 2028
2 1 1068 1 2028
2 1 1452 1 2092
2 1 1452 1 1772
2 1 1772 1 2092
2 1 747 1 2027
2 1 1451 1 2091
2 1 1195 1 1515
2 1 1322 1 1642
2 1 746 1 2026
2 1 1066 1 2026
2 1 746 1 1066
2 1 939 1 2219
2 1 1899 1 2219
2 1 939 1 1899
2 1 745 1 2025
2 1 1897 1 2217
2 1 937 1 2217
2 1 937 1 1897
2 1 1000 1 1320
2 1 1320 1 1640
2 1 1000 1 1640
2 1 744 1 2024
2 1 1768 1 2088
2 1 1192 1 1512
2 1 743 1 1063
2 1 743 1 2023
2 1 1063 1 2023
2 1 742 1 2022
2 1 1062 1 2022
2 1 742 1 1062
2 1 741 1 2021
2 1 934 1 1894
2 1 1765 1 2085
2 1 1060 1 2020
2 1 740 1 1060
2 1 740 1 2020
2 1 1316 1 1636
2 1 996 1 1636
2 1 996 1 1316
2 1 994 1 1634
2 1 1891 1 2211
2 1 931 1 2211
2 1 931 1 1891
2 1 1762 1 2082
2 1 866 1 1186
2 1 1890 1 2210
2 1 1313 1 1633
2 1 737 1 1057
2 1 737 1 2017
2 1 1057 1 2017
2 1 1761 1 2081
2 1 736 1 2016
2 1 991 1 1311
2 1 991 1 1631
2 1 1311 1 1631
2 1 1184 1 1504
2 1 735 1 2015
2 1 735 1 1055
2 1 1055 1 2015
2 1 928 1 2208
2 1 928 1 1888
2 1 1888 1 2208
2 1 1054 1 2014
2 1 926 1 2206
2 1 1886 1 2206
2 1 926 1 1886
2 1 1053 1 2013
2 1 733 1 2013
2 1 733 1 1053
2 1 1885 1 2205
2 1 925 1 2205
2 1 925 1 1885
2 1 732 1 1052
2 1 732 1 2012
2 1 1052 1 2012
2 1 1884 1 2204
2 1 924 1 2204
2 1 924 1 1884
2 1 1436 1 1756
2 1 1436 1 2076
2 1 1756 1 2076
2 1 731 1 2011
2 1 731 1 1051
2 1 1051 1 2011
2 1 1755 1 2075
2 1 730 1 2010
2 1 1883 1 2203
2 1 923 1 1883
2 1 923 1 2203
2 1 1305 1 1625
2 1 985 1 1305
2 1 985 1 1625
2 1 922 1 1882
2 1 1882 1 2202
2 1 922 1 2202
2 1 984 1 1304
2 1 984 1 1624
2 1 1304 1 1624
2 1 1753 1 2073
2 1 1177 1 1497
2 1 857 1 1177
2 1 857 1 1497
2 1 1048 1 2008
2 1 1432 1 2072
2 1 1432 1 1752
2 1 1752 1 2072
2 1 1047 1 2007
2 1 727 1 1047
2 1 727 1 2007
2 1 1880 1 2200
2 1 919 1 1879
2 1 919 1 2199
2 1 1879 1 2199
2 1 918 1 2198
2 1 725 1 2005
2 1 1877 1 2197
2 1 917 1 2197
2 1 917 1 1877
2 1 980 1 1300
2 1 1300 1 1620
2 1 980 1 1620
2 1 853 1 1173
2 1 853 1 1493
2 1 1173 1 1493
2 1 724 1 2004
2 1 724 1 1044
2 1 1044 1 2004
2 1 1876 1 2196
2 1 915 1 1875
2 1 915 1 2195
2 1 1875 1 2195
2 1 1874 1 2194
2 1 914 1 1874
2 1 914 1 2194
2 1 850 1 1490
2 1 1873 1 2193
2 1 849 1 1169
2 1 849 1 1489
2 1 1169 1 1489
2 1 720 1 2000
2 1 720 1 1040
2 1 1040 1 2000
2 1 976 1 1296
2 1 1871 1 2191
2 1 911 1 1871
2 1 911 1 2191
2 1 974 1 1294
2 1 1294 1 1614
2 1 974 1 1614
2 1 847 1 1487
2 1 1870 1 2190
2 1 973 1 1293
2 1 846 1 1166
2 1 1037 1 1997
2 1 716 1 1996
2 1 716 1 1036
2 1 1036 1 1996
2 1 1868 1 2188
2 1 908 1 1868
2 1 908 1 2188
2 1 1035 1 1995
2 1 1867 1 2187
2 1 907 1 1867
2 1 907 1 2187
2 1 714 1 1994
2 1 906 1 2186
2 1 969 1 1289
2 1 969 1 1609
2 1 1289 1 1609
2 1 1418 1 2058
2 1 1418 1 1738
2 1 1738 1 2058
2 1 842 1 1482
2 1 713 1 1993
2 1 713 1 1033
2 1 1033 1 1993
2 1 1865 1 2185
2 1 904 1 2184
2 1 1864 1 2184
2 1 904 1 1864
2 1 711 1 1031
2 1 903 1 2183
2 1 902 1 2182
2 1 709 1 1989
2 1 1029 1 1989
2 1 709 1 1029
2 1 901 1 1861
2 1 900 1 1860
2 1 899 1 2179
2 1 1026 1 1986
2 1 706 1 1986
2 1 706 1 1026
2 1 898 1 2178
2 1 705 1 1025
2 1 1409 1 2049
2 1 1857 1 2177
2 1 897 1 1857
2 1 897 1 2177
2 1 896 1 1856
