624 2240
2 1 1782 1 2102
2 1 1466 1 2106
2 1 1781 1 2101
2 1 1778 1 2098
2 1 1776 1 2096
2 1 1455 1 2095
2 1 1771 1 2091
2 1 1451 1 2091
2 1 1770 1 2090
2 1 1451 1 1771
2 1 1445 1 2085
2 1 1769 1 2089
2 1 1449 1 2089
2 1 1765 1 2085
2 1 1445 1 1765
2 1 1449 1 1769
2 1 1443 1 1763
2 1 1448 1 2088
2 1 1442 1 1762
2 1 1442 1 2082
2 1 1443 1 2083
2 1 1763 1 2083
2 1 1762 1 2082
2 1 1758 1 2078
2 1 1438 1 2078
2 1 1438 1 1758
2 1 1754 1 2074
2 1 1434 1 1754
2 1 1434 1 2074
2 1 1433 1 2073
2 1 1432 1 2072
2 1 1752 1 2072
2 1 1432 1 1752
2 1 1750 1 2070
2 1 1430 1 2070
2 1 1430 1 1750
2 1 1429 1 1749
2 1 1429 1 2069
2 1 1749 1 2069
2 1 1427 1 2067
2 1 1426 1 2066
2 1 1745 1 2065
2 1 1425 1 2065
2 1 1425 1 1745
2 1 1423 1 2063
2 1 1733 1 2053
2 1 1424 1 1744
2 1 1295 1 1615
2 1 975 1 1615
2 1 975 1 1295
2 1 974 1 1614
2 1 1417 1 1737
2 1 1284 1 1604
2 1 1282 1 1602
2 1 1343 1 1663
2 1 1023 1 1343
2 1 1023 1 1663
2 1 1019 1 1659
2 1 1339 1 1659
2 1 1019 1 1339
2 1 1334 1 1654
2 1 1329 1 1649
2 1 1009 1 1649
2 1 1009 1 1329
2 1 1008 1 1648
2 1 1006 1 1646
2 1 1324 1 1644
2 1 1002 1 1322
2 1 1322 1 1642
2 1 1002 1 1642
2 1 1318 1 1638
2 1 998 1 1638
2 1 998 1 1318
2 1 994 1 1634
2 1 993 1 1633
2 1 1441 1 1761
2 1 991 1 1631
2 1 991 1 1311
2 1 1311 1 1631
2 1 992 1 1632
2 1 1439 1 1759
2 1 990 1 1310
2 1 990 1 1630
2 1 1310 1 1630
2 1 989 1 1629
2 1 987 1 1627
2 1 1435 1 1755
2 1 986 1 1626
2 1 985 1 1305
2 1 1305 1 1625
2 1 985 1 1625
2 1 983 1 1303
2 1 983 1 1623
2 1 1303 1 1623
2 1 980 1 1620
2 1 980 1 1300
2 1 1300 1 1620
2 1 1428 1 1748
2 1 1299 1 1619
2 1 978 1 1618
2 1 1155 1 1475
2 1 1280 1 1600
2 1 1214 1 1534
2 1 1212 1 1532
2 1 1340 1 1660
2 1 1333 1 1653
2 1 1013 1 1653
2 1 1209 1 1529
2 1 1013 1 1333
2 1 1202 1 1522
2 1 885 1 1525
2 1 885 1 1205
2 1 1205 1 1525
2 1 881 1 1521
2 1 879 1 1199
2 1 889 1 1529
2 1 1199 1 1519
2 1 879 1 1519
2 1 1454 1 2094
2 1 889 1 1209
2 1 1454 1 1774
2 1 1774 1 2094
2 1 1327 1 1647
2 1 1007 1 1327
2 1 1007 1 1647
2 1 874 1 1514
2 1 877 1 1197
2 1 877 1 1517
2 1 873 1 1193
2 1 1197 1 1517
2 1 1193 1 1513
2 1 873 1 1513
2 1 872 1 1512
2 1 871 1 1511
2 1 1766 1 2086
2 1 1446 1 1766
2 1 1446 1 2086
2 1 869 1 1509
2 1 866 1 1186
2 1 1186 1 1506
2 1 866 1 1506
2 1 861 1 1501
2 1 1185 1 1505
2 1 860 1 1500
2 1 1180 1 1500
2 1 860 1 1180
2 1 865 1 1185
2 1 865 1 1505
2 1 1337 1 1657
2 1 858 1 1178
2 1 857 1 1497
2 1 1177 1 1497
2 1 857 1 1177
2 1 856 1 1496
2 1 1431 1 2071
2 1 854 1 1174
2 1 854 1 1494
2 1 1174 1 1494
2 1 853 1 1493
2 1 1172 1 1492
2 1 852 1 1492
2 1 852 1 1172
2 1 850 1 1170
2 1 1170 1 1490
2 1 850 1 1490
2 1 849 1 1489
2 1 848 1 1488
2 1 847 1 1167
2 1 846 1 1166
2 1 846 1 1486
2 1 1166 1 1486
2 1 973 1 1613
2 1 972 1 1292
2 1 1292 1 1612
2 1 1165 1 1485
2 1 972 1 1612
2 1 1418 1 2058
2 1 841 1 1481
2 1 1161 1 1481
2 1 841 1 1161
2 1 1288 1 1608
2 1 840 1 1160
2 1 1414 1 2054
2 1 1287 1 1607
2 1 1156 1 1476
2 1 1157 1 1477
2 1 836 1 1156
2 1 837 1 1477
2 1 836 1 1476
2 1 837 1 1157
2 1 1408 1 2048
2 1 1471 1 2111
2 1 1215 1 1535
2 1 766 1 1086
2 1 766 1 2046
2 1 1086 1 2046
2 1 1790 1 2110
2 1 1470 1 2110
2 1 1470 1 1790
2 1 1085 1 2045
2 1 765 1 2045
2 1 765 1 1085
2 1 1789 1 2109
2 1 764 1 1084
2 1 957 1 2237
2 1 763 1 2043
2 1 1916 1 2236
2 1 956 1 2236
2 1 956 1 1916
2 1 1018 1 1658
2 1 1082 1 2042
2 1 955 1 1915
2 1 1081 1 2041
2 1 953 1 1913
2 1 760 1 2040
2 1 1015 1 1655
2 1 1015 1 1335
2 1 1335 1 1655
2 1 1784 1 2104
2 1 759 1 2039
2 1 759 1 1079
2 1 1079 1 2039
2 1 952 1 1912
2 1 1078 1 2038
2 1 1911 1 2231
2 1 950 1 1910
2 1 757 1 2037
2 1 1077 1 2037
2 1 757 1 1077
2 1 1909 1 2229
2 1 949 1 2229
2 1 949 1 1909
2 1 948 1 1908
2 1 1908 1 2228
2 1 948 1 2228
2 1 1011 1 1651
2 1 1204 1 1524
2 1 884 1 1524
2 1 884 1 1204
2 1 755 1 2035
2 1 1010 1 1330
2 1 1330 1 1650
2 1 1010 1 1650
2 1 1779 1 2099
2 1 1459 1 1779
2 1 1459 1 2099
2 1 754 1 1074
2 1 754 1 2034
2 1 1074 1 2034
2 1 753 1 2033
2 1 1073 1 2033
2 1 753 1 1073
2 1 1906 1 2226
2 1 945 1 1905
2 1 945 1 2225
2 1 1905 1 2225
2 1 1072 1 2032
2 1 1071 1 2031
2 1 1903 1 2223
2 1 943 1 2223
2 1 943 1 1903
2 1 750 1 2030
2 1 942 1 1902
2 1 878 1 1518
2 1 1005 1 1645
2 1 1069 1 2029
2 1 749 1 2029
2 1 749 1 1069
2 1 1901 1 2221
2 1 940 1 1900
2 1 1003 1 1643
2 1 876 1 1516
2 1 1067 1 2027
2 1 747 1 1067
2 1 747 1 2027
2 1 1066 1 2026
2 1 938 1 1898
2 1 1898 1 2218
2 1 938 1 2218
2 1 1065 1 2025
2 1 937 1 2217
2 1 1897 1 2217
2 1 937 1 1897
2 1 744 1 2024
2 1 744 1 1064
2 1 1064 1 2024
2 1 936 1 2216
2 1 1896 1 2216
2 1 936 1 1896
2 1 1063 1 2023
2 1 935 1 1895
2 1 1447 1 2087
2 1 1767 1 2087
2 1 1447 1 1767
2 1 1190 1 1510
2 1 1061 1 2021
2 1 997 1 1637
2 1 934 1 2214
2 1 934 1 1894
2 1 1894 1 2214
2 1 1893 1 2213
2 1 932 1 2212
2 1 932 1 1892
2 1 1892 1 2212
2 1 995 1 1315
2 1 1444 1 1764
2 1 1444 1 2084
2 1 1764 1 2084
2 1 868 1 1508
2 1 738 1 1058
2 1 1058 1 2018
2 1 738 1 2018
2 1 1891 1 2211
2 1 930 1 2210
2 1 1890 1 2210
2 1 930 1 1890
2 1 1057 1 2017
2 1 1889 1 2209
2 1 929 1 1889
2 1 929 1 2209
2 1 1056 1 2016
2 1 928 1 2208
2 1 928 1 1888
2 1 1888 1 2208
2 1 735 1 2015
2 1 735 1 1055
2 1 1055 1 2015
2 1 927 1 1887
2 1 1887 1 2207
2 1 927 1 2207
2 1 1054 1 2014
2 1 926 1 2206
2 1 926 1 1886
2 1 1886 1 2206
2 1 1053 1 2013
2 1 925 1 1885
2 1 925 1 2205
2 1 1885 1 2205
2 1 924 1 1884
2 1 731 1 1051
2 1 923 1 1883
2 1 730 1 1050
2 1 922 1 2202
2 1 1049 1 2009
2 1 1881 1 2201
2 1 921 1 1881
2 1 921 1 2201
2 1 919 1 2199
2 1 1302 1 1622
2 1 982 1 1302
2 1 982 1 1622
2 1 855 1 1495
2 1 855 1 1175
2 1 1175 1 1495
2 1 725 1 1045
2 1 1877 1 2197
2 1 917 1 1877
2 1 917 1 2197
2 1 916 1 1876
2 1 916 1 2196
2 1 1876 1 2196
2 1 723 1 1043
2 1 1875 1 2195
2 1 915 1 2195
2 1 915 1 1875
2 1 722 1 1042
2 1 722 1 2002
2 1 1042 1 2002
2 1 914 1 1874
2 1 913 1 1873
2 1 720 1 1040
2 1 912 1 2192
2 1 719 1 1039
2 1 911 1 2191
2 1 1038 1 1998
2 1 1422 1 1742
2 1 1422 1 2062
2 1 1742 1 2062
2 1 717 1 1997
2 1 1037 1 1997
2 1 717 1 1037
2 1 909 1 1869
2 1 1869 1 2189
2 1 909 1 2189
2 1 1420 1 2060
2 1 971 1 1291
2 1 1290 1 1610
2 1 970 1 1610
2 1 970 1 1290
2 1 1419 1 2059
2 1 1419 1 1739
2 1 1739 1 2059
2 1 1163 1 1483
2 1 1162 1 1482
2 1 712 1 1992
2 1 712 1 1032
2 1 1032 1 1992
2 1 904 1 2184
2 1 711 1 1991
2 1 966 1 1286
2 1 966 1 1606
2 1 1286 1 1606
2 1 839 1 1159
2 1 710 1 1990
2 1 1285 1 1605
2 1 838 1 1478
2 1 838 1 1158
2 1 1158 1 1478
2 1 1029 1 1989
2 1 1028 1 1988
2 1 708 1 1988
2 1 708 1 1028
2 1 900 1 2180
2 1 1027 1 1987
2 1 707 1 1027
2 1 707 1 1987
2 1 1026 1 1986
2 1 706 1 1026
2 1 706 1 1986
2 1 1730 1 2050
2 1 1410 1 1730
2 1 1410 1 2050
2 1 705 1 1985
2 1 1025 1 1985
2 1 705 1 1025
2 1 898 1 1858
2 1 1024 1 1984
2 1 704 1 1024
2 1 704 1 1984
2 1 897 1 2177
2 1 1857 1 2177
2 1 897 1 1857
3 1 473 1 1282 1 1922
3 1 473 1 1602 1 1922
3 1 582 1 874 1 1194
3 1 554 1 814 1 1454
3 1 555 1 751 1 1071
3 1 586 1 1262 1 1902
3 1 358 1 1391 1 2031
3 1 545 1 741 1 1061
3 1 586 1 942 1 1262
3 1 392 1 865 1 1825
3 1 392 1 1185 1 1825
3 1 392 1 1505 1 1825
3 1 434 1 1483 1 1803
3 1 575 1 771 1 1411
3 1 562 1 822 1 2102
3 1 545 1 805 1 1765
3 1 417 1 1786 1 2106
3 1 545 1 805 1 2085
3 1 545 1 805 1 1445
3 1 404 1 1773 1 2093
3 1 543 1 803 1 1763
3 1 561 1 821 1 2101
3 1 561 1 821 1 1781
3 1 562 1 822 1 1782
3 1 399 1 1448 1 1768
3 1 434 1 1163 1 1803
3 1 399 1 1768 1 2088
3 1 617 1 909 1 1229
3 1 548 1 808 1 2088
3 1 406 1 1455 1 1775
3 1 383 1 1352 1 1992
3 1 406 1 1775 1 2095
3 1 470 1 959 1 2239
3 1 478 1 1607 1 1927
3 1 522 1 718 1 1038
3 1 611 1 903 1 1223
3 1 401 1 1514 1 1834
3 1 531 1 791 1 2071
3 1 548 1 808 1 1448
3 1 348 1 1381 1 2021
3 1 558 1 818 1 2098
3 1 555 1 751 1 2031
3 1 512 1 772 1 2052
3 1 631 1 923 1 1243
3 1 425 1 1154 1 1794
3 1 417 1 1466 1 1786
3 1 574 1 770 1 1410
3 1 445 1 1174 1 1814
3 1 549 1 809 1 1769
3 1 553 1 813 1 2093
3 1 566 1 826 1 2106
3 1 566 1 826 1 1466
3 1 574 1 770 1 1730
3 1 363 1 1396 1 2036
3 1 551 1 811 1 1451
3 1 417 1 1210 1 1850
3 1 333 1 1046 1 1366
3 1 607 1 899 1 1219
3 1 358 1 1071 1 1391
3 1 484 1 973 1 1933
3 1 574 1 770 1 2050
3 1 569 1 829 1 1789
3 1 427 1 1732 1 2052
3 1 558 1 818 1 1778
3 1 533 1 729 1 1049
3 1 610 1 1222 1 1862
3 1 639 1 1187 1 1507
3 1 556 1 816 1 2096
3 1 555 1 815 1 2095
3 1 378 1 707 1 1347
3 1 378 1 1347 1 1987
3 1 406 1 1199 1 1839
3 1 556 1 816 1 1776
3 1 582 1 1258 1 1898
3 1 456 1 1009 1 1969
3 1 456 1 1329 1 1969
3 1 550 1 746 1 1066
3 1 477 1 1862 1 2182
3 1 551 1 811 1 2091
3 1 595 1 1207 1 1527
3 1 456 1 1649 1 1969
3 1 555 1 815 1 1455
3 1 549 1 809 1 2089
3 1 549 1 809 1 1449
3 1 354 1 747 1 1387
3 1 551 1 811 1 1771
3 1 542 1 802 1 2082
3 1 634 1 862 1 1182
3 1 550 1 810 1 2090
3 1 550 1 810 1 1770
3 1 627 1 919 1 1239
3 1 463 1 1656 1 1976
3 1 542 1 802 1 1762
3 1 490 1 1619 1 1939
3 1 582 1 1194 1 1514
3 1 401 1 874 1 1834
3 1 545 1 741 1 2021
3 1 616 1 908 1 1228
3 1 426 1 1155 1 1795
3 1 348 1 1061 1 1381
3 1 378 1 1027 1 1347
3 1 626 1 1238 1 1878
3 1 426 1 1475 1 1795
3 1 542 1 802 1 1442
3 1 617 1 1229 1 1869
3 1 379 1 1348 1 1988
3 1 466 1 1019 1 1979
3 1 617 1 1229 1 2189
3 1 637 1 929 1 1249
3 1 483 1 1612 1 1932
3 1 543 1 803 1 1443
3 1 584 1 940 1 1260
3 1 579 1 1255 1 1895
3 1 622 1 914 1 1234
3 1 579 1 1191 1 1511
3 1 578 1 1254 1 2214
3 1 324 1 1293 1 1613
3 1 345 1 1314 1 1634
3 1 360 1 753 1 1393
3 1 587 1 1263 1 1903
3 1 573 1 769 1 1409
3 1 554 1 814 1 1774
3 1 576 1 932 1 1252
3 1 554 1 814 1 2094
3 1 469 1 1662 1 1982
3 1 543 1 803 1 2083
3 1 513 1 773 1 2053
3 1 637 1 1249 1 2209
3 1 432 1 841 1 1801
3 1 484 1 1613 1 1933
3 1 620 1 912 1 1232
3 1 324 1 1037 1 1357
3 1 515 1 775 1 2055
3 1 520 1 780 1 1420
3 1 481 1 1290 1 1930
3 1 451 1 1900 1 2220
3 1 588 1 944 1 1264
3 1 343 1 1312 1 1632
3 1 523 1 783 1 1423
3 1 523 1 783 1 2063
3 1 474 1 899 1 2179
3 1 461 1 1654 1 1974
3 1 624 1 1236 1 2196
3 1 636 1 1248 1 1888
3 1 406 1 879 1 1839
3 1 547 1 807 1 2087
3 1 620 1 1232 1 2192
3 1 608 1 900 1 1220
3 1 444 1 853 1 1813
3 1 520 1 780 1 2060
3 1 431 1 1416 1 1736
3 1 623 1 851 1 1171
3 1 552 1 748 1 2028
3 1 433 1 1418 1 1738
3 1 361 1 1394 1 2034
3 1 600 1 1276 1 1916
3 1 357 1 1006 1 1326
3 1 496 1 1625 1 1945
3 1 511 1 1000 1 1960
3 1 382 1 1351 1 1991
3 1 474 1 1283 1 1923
3 1 588 1 1200 1 1520
3 1 628 1 920 1 1240
3 1 483 1 1292 1 1932
3 1 476 1 1605 1 1925
3 1 447 1 856 1 1816
3 1 329 1 1362 1 2002
3 1 579 1 871 1 1191
3 1 395 1 868 1 1828
3 1 581 1 937 1 1257
3 1 605 1 897 1 1217
3 1 406 1 1519 1 1839
3 1 624 1 916 1 1236
3 1 321 1 1354 1 1994
3 1 380 1 1029 1 1349
3 1 627 1 1239 1 2199
3 1 544 1 804 1 2084
3 1 441 1 1490 1 1810
3 1 571 1 831 1 1471
3 1 587 1 943 1 1263
3 1 530 1 726 1 1046
3 1 517 1 713 1 1033
3 1 337 1 1050 1 1370
3 1 532 1 792 1 1752
3 1 361 1 1074 1 1394
3 1 505 1 994 1 1954
3 1 587 1 1263 1 2223
3 1 389 1 862 1 1822
3 1 625 1 1173 1 1493
3 1 443 1 1492 1 1812
3 1 532 1 728 1 1048
3 1 635 1 863 1 1183
