664 2240
2 1 1471 1 2111
2 1 1791 1 2111
2 1 1471 1 1791
2 1 1470 1 2110
2 1 1460 1 2100
2 1 1771 1 2091
2 1 1759 1 2079
2 1 1439 1 1759
2 1 1439 1 2079
2 1 1438 1 2078
2 1 1438 1 1758
2 1 1758 1 2078
2 1 1437 1 2077
2 1 1437 1 1757
2 1 1757 1 2077
2 1 1756 1 2076
2 1 1431 1 1751
2 1 1431 1 2071
2 1 1748 1 2068
2 1 1428 1 1748
2 1 1751 1 2071
2 1 1428 1 2068
2 1 1418 1 1738
2 1 1738 1 2058
2 1 1418 1 2058
2 1 1417 1 2057
2 1 1417 1 1737
2 1 1737 1 2057
2 1 1736 1 2056
2 1 1416 1 1736
2 1 1416 1 2056
2 1 1415 1 1735
2 1 1415 1 2055
2 1 1735 1 2055
2 1 1413 1 2053
2 1 1733 1 2053
2 1 1413 1 1733
2 1 1732 1 2052
2 1 1412 1 1732
2 1 1412 1 2052
2 1 1421 1 1741
2 1 1410 1 1730
2 1 969 1 1289
2 1 1410 1 2050
2 1 1730 1 2050
2 1 1288 1 1608
2 1 1414 1 1734
2 1 967 1 1607
2 1 1283 1 1603
2 1 963 1 1283
2 1 963 1 1603
2 1 961 1 1281
2 1 960 1 1600
2 1 960 1 1280
2 1 1280 1 1600
2 1 1469 1 1789
2 1 1462 1 1782
2 1 1012 1 1332
2 1 1011 1 1651
2 1 1332 1 1652
2 1 1014 1 1334
2 1 1012 1 1652
2 1 1455 1 1775
2 1 1006 1 1326
2 1 1014 1 1654
2 1 1334 1 1654
2 1 1326 1 1646
2 1 1006 1 1646
2 1 1002 1 1642
2 1 1322 1 1642
2 1 1002 1 1322
2 1 1310 1 1630
2 1 988 1 1628
2 1 1308 1 1628
2 1 988 1 1308
2 1 979 1 1299
2 1 1299 1 1619
2 1 979 1 1619
2 1 977 1 1617
2 1 986 1 1626
2 1 976 1 1616
2 1 1296 1 1616
2 1 976 1 1296
2 1 964 1 1604
2 1 833 1 1473
2 1 1153 1 1473
2 1 833 1 1153
2 1 1214 1 1534
2 1 893 1 1533
2 1 893 1 1213
2 1 1213 1 1533
2 1 894 1 1214
2 1 894 1 1534
2 1 1021 1 1341
2 1 1021 1 1661
2 1 1341 1 1661
2 1 1787 1 2107
2 1 1467 1 1787
2 1 1467 1 2107
2 1 1784 1 2104
2 1 1464 1 2104
2 1 1464 1 1784
2 1 887 1 1207
2 1 1207 1 1527
2 1 887 1 1527
2 1 885 1 1205
2 1 1202 1 1522
2 1 883 1 1523
2 1 1457 1 2097
2 1 880 1 1520
2 1 1774 1 2094
2 1 1327 1 1647
2 1 1197 1 1517
2 1 877 1 1517
2 1 877 1 1197
2 1 1195 1 1515
2 1 874 1 1514
2 1 1194 1 1514
2 1 874 1 1194
2 1 1001 1 1321
2 1 1448 1 1768
2 1 1764 1 2084
2 1 1444 1 1764
2 1 1444 1 2084
2 1 1190 1 1510
2 1 1318 1 1638
2 1 1317 1 1637
2 1 867 1 1187
2 1 1187 1 1507
2 1 867 1 1507
2 1 994 1 1314
2 1 994 1 1634
2 1 1314 1 1634
2 1 862 1 1502
2 1 861 1 1501
2 1 860 1 1500
2 1 1180 1 1500
2 1 860 1 1180
2 1 859 1 1499
2 1 854 1 1494
2 1 1174 1 1494
2 1 854 1 1174
2 1 1749 1 2069
2 1 1429 1 2069
2 1 1429 1 1749
2 1 852 1 1492
2 1 1747 1 2067
2 1 1170 1 1490
2 1 850 1 1490
2 1 850 1 1170
2 1 849 1 1489
2 1 848 1 1168
2 1 975 1 1295
2 1 975 1 1615
2 1 1295 1 1615
2 1 1422 1 1742
2 1 1420 1 2060
2 1 1419 1 2059
2 1 847 1 1167
2 1 1292 1 1612
2 1 972 1 1292
2 1 972 1 1612
2 1 871 1 1191
2 1 842 1 1482
2 1 841 1 1481
2 1 840 1 1480
2 1 840 1 1160
2 1 1160 1 1480
2 1 839 1 1479
2 1 1158 1 1478
2 1 838 1 1478
2 1 838 1 1158
2 1 837 1 1157
2 1 836 1 1476
2 1 1156 1 1476
2 1 836 1 1156
2 1 1728 1 2048
2 1 1408 1 1728
2 1 1408 1 2048
2 1 1086 1 2046
2 1 766 1 2046
2 1 766 1 1086
2 1 959 1 2239
2 1 767 1 1087
2 1 958 1 2238
2 1 765 1 1085
2 1 765 1 2045
2 1 1085 1 2045
2 1 957 1 1917
2 1 764 1 2044
2 1 956 1 2236
2 1 892 1 1212
2 1 1019 1 1339
2 1 1019 1 1659
2 1 1339 1 1659
2 1 1211 1 1531
2 1 891 1 1211
2 1 891 1 1531
2 1 1338 1 1658
2 1 1914 1 2234
2 1 890 1 1210
2 1 1210 1 1530
2 1 890 1 1530
2 1 1337 1 1657
2 1 1017 1 1657
2 1 1017 1 1337
2 1 1336 1 1656
2 1 759 1 2039
2 1 1079 1 2039
2 1 759 1 1079
2 1 1911 1 2231
2 1 1078 1 2038
2 1 758 1 1078
2 1 758 1 2038
2 1 1077 1 2037
2 1 757 1 1077
2 1 757 1 2037
2 1 1461 1 2101
2 1 1909 1 2229
2 1 949 1 1909
2 1 949 1 2229
2 1 1076 1 2036
2 1 756 1 1076
2 1 756 1 2036
2 1 1075 1 2035
2 1 755 1 1075
2 1 755 1 2035
2 1 948 1 1908
2 1 754 1 1074
2 1 1778 1 2098
2 1 946 1 1906
2 1 1201 1 1521
2 1 752 1 1072
2 1 945 1 2225
2 1 945 1 1905
2 1 1905 1 2225
2 1 1071 1 2031
2 1 942 1 2222
2 1 878 1 1198
2 1 1005 1 1645
2 1 1069 1 2029
2 1 1003 1 1323
2 1 1772 1 2092
2 1 747 1 2027
2 1 1067 1 2027
2 1 747 1 1067
2 1 746 1 1066
2 1 746 1 2026
2 1 1066 1 2026
2 1 1899 1 2219
2 1 938 1 2218
2 1 938 1 1898
2 1 1898 1 2218
2 1 1450 1 1770
2 1 1065 1 2025
2 1 1897 1 2217
2 1 937 1 2217
2 1 937 1 1897
2 1 1319 1 1639
2 1 1192 1 1512
2 1 872 1 1192
2 1 872 1 1512
2 1 936 1 1896
2 1 743 1 1063
2 1 743 1 2023
2 1 1063 1 2023
2 1 1447 1 2087
2 1 1767 1 2087
2 1 1447 1 1767
2 1 1895 1 2215
2 1 742 1 1062
2 1 742 1 2022
2 1 1062 1 2022
2 1 741 1 2021
2 1 934 1 2214
2 1 996 1 1636
2 1 1316 1 1636
2 1 996 1 1316
2 1 1189 1 1509
2 1 869 1 1189
2 1 869 1 1509
2 1 740 1 2020
2 1 1188 1 1508
2 1 868 1 1508
2 1 868 1 1188
2 1 739 1 2019
2 1 1059 1 2019
2 1 739 1 1059
2 1 995 1 1315
2 1 1315 1 1635
2 1 995 1 1635
2 1 1891 1 2211
2 1 738 1 2018
2 1 993 1 1633
2 1 1313 1 1633
2 1 993 1 1313
2 1 1442 1 1762
2 1 1762 1 2082
2 1 1442 1 2082
2 1 737 1 2017
2 1 992 1 1312
2 1 1185 1 1505
2 1 1441 1 1761
2 1 736 1 1056
2 1 1056 1 2016
2 1 736 1 2016
2 1 1889 1 2209
2 1 735 1 2015
2 1 735 1 1055
2 1 1055 1 2015
2 1 1888 1 2208
2 1 1054 1 2014
2 1 734 1 1054
2 1 734 1 2014
2 1 1887 1 2207
2 1 927 1 2207
2 1 927 1 1887
2 1 926 1 2206
2 1 926 1 1886
2 1 1886 1 2206
2 1 1053 1 2013
2 1 733 1 2013
2 1 733 1 1053
2 1 1885 1 2205
2 1 925 1 2205
2 1 925 1 1885
2 1 732 1 2012
2 1 732 1 1052
2 1 1052 1 2012
2 1 1884 1 2204
2 1 924 1 2204
2 1 924 1 1884
2 1 1883 1 2203
2 1 923 1 2203
2 1 923 1 1883
2 1 730 1 2010
2 1 922 1 1882
2 1 1754 1 2074
2 1 858 1 1178
2 1 858 1 1498
2 1 1178 1 1498
2 1 985 1 1305
2 1 1753 1 2073
2 1 1881 1 2201
2 1 983 1 1303
2 1 1432 1 1752
2 1 1047 1 2007
2 1 1880 1 2200
2 1 920 1 2200
2 1 920 1 1880
2 1 1046 1 2006
2 1 1879 1 2199
2 1 1750 1 2070
2 1 1430 1 2070
2 1 1430 1 1750
2 1 1878 1 2198
2 1 918 1 2198
2 1 918 1 1878
2 1 725 1 2005
2 1 980 1 1620
2 1 1044 1 2004
2 1 1877 1 2197
2 1 917 1 1877
2 1 917 1 2197
2 1 1876 1 2196
2 1 723 1 2003
2 1 1875 1 2195
2 1 915 1 1875
2 1 915 1 2195
2 1 978 1 1618
2 1 1171 1 1491
2 1 851 1 1171
2 1 851 1 1491
2 1 1874 1 2194
2 1 913 1 1873
2 1 1040 1 2000
2 1 912 1 1872
2 1 1872 1 2192
2 1 912 1 2192
2 1 719 1 1039
2 1 910 1 1870
2 1 846 1 1166
2 1 973 1 1293
2 1 973 1 1613
2 1 1293 1 1613
2 1 716 1 1996
2 1 908 1 2188
2 1 971 1 1291
2 1 844 1 1164
2 1 970 1 1610
2 1 1163 1 1483
2 1 843 1 1163
2 1 843 1 1483
2 1 713 1 1993
2 1 1033 1 1993
2 1 713 1 1033
2 1 1865 1 2185
2 1 905 1 1865
2 1 905 1 2185
2 1 712 1 1032
2 1 904 1 2184
2 1 904 1 1864
2 1 1864 1 2184
2 1 1031 1 1991
2 1 711 1 1991
2 1 711 1 1031
2 1 1863 1 2183
2 1 903 1 2183
2 1 903 1 1863
2 1 1030 1 1990
2 1 902 1 2182
2 1 709 1 1029
2 1 901 1 2181
2 1 708 1 1028
2 1 900 1 2180
2 1 900 1 1860
2 1 1860 1 2180
2 1 899 1 2179
2 1 1155 1 1475
2 1 835 1 1475
2 1 835 1 1155
2 1 962 1 1282
2 1 1411 1 1731
2 1 705 1 1985
2 1 705 1 1025
2 1 1025 1 1985
2 1 1858 1 2178
2 1 897 1 2177
2 1 1409 1 1729
2 1 1024 1 1984
2 1 1856 1 2176
2 1 896 1 2176
2 1 896 1 1856
3 1 411 1 1460 1 1780
3 1 473 1 962 1 1922
3 1 571 1 831 1 1471
3 1 473 1 1282 1 1922
3 1 598 1 1274 1 2234
3 1 346 1 1379 1 2019
3 1 571 1 831 1 1791
3 1 551 1 811 1 1771
3 1 577 1 933 1 1253
3 1 551 1 811 1 2091
3 1 631 1 923 1 1243
3 1 571 1 831 1 2111
3 1 618 1 1230 1 1870
3 1 631 1 859 1 1179
3 1 549 1 809 1 2089
3 1 493 1 982 1 1942
3 1 570 1 830 1 2110
3 1 400 1 1769 1 2089
3 1 570 1 830 1 1470
3 1 346 1 1059 1 1379
3 1 631 1 1243 1 1883
3 1 397 1 1766 1 2086
3 1 421 1 1790 1 2110
3 1 629 1 1177 1 1497
3 1 631 1 1243 1 2203
3 1 411 1 1780 1 2100
3 1 421 1 1470 1 1790
3 1 598 1 1274 1 1914
3 1 346 1 739 1 1379
3 1 368 1 761 1 1401
3 1 606 1 1218 1 2178
3 1 546 1 806 1 2086
3 1 498 1 1627 1 1947
3 1 618 1 910 1 1230
3 1 605 1 1217 1 2177
3 1 508 1 933 1 2213
3 1 485 1 910 1 2190
3 1 485 1 1870 1 2190
3 1 386 1 1755 1 2075
3 1 578 1 1254 1 2214
3 1 412 1 1781 1 2101
3 1 560 1 820 1 1460
3 1 560 1 820 1 2100
3 1 536 1 796 1 2076
3 1 362 1 755 1 1395
3 1 606 1 1218 1 1858
3 1 607 1 899 1 1219
3 1 539 1 799 1 2079
3 1 450 1 1003 1 1963
3 1 605 1 897 1 1217
3 1 613 1 1161 1 1481
3 1 535 1 795 1 2075
3 1 608 1 1220 1 1860
3 1 426 1 1155 1 1795
3 1 537 1 797 1 1757
3 1 424 1 833 1 1793
3 1 333 1 982 1 1302
3 1 562 1 822 1 1782
3 1 633 1 1181 1 1501
3 1 587 1 943 1 1263
3 1 352 1 1065 1 1385
3 1 338 1 1307 1 1627
3 1 431 1 1480 1 1800
3 1 568 1 828 1 2108
3 1 416 1 1209 1 1849
3 1 384 1 1497 1 1817
3 1 634 1 1182 1 1502
3 1 575 1 771 1 1731
3 1 607 1 1219 1 2179
3 1 537 1 797 1 2077
3 1 449 1 1322 1 1962
3 1 526 1 786 1 2066
3 1 440 1 1489 1 1809
3 1 418 1 1211 1 1851
3 1 549 1 745 1 2025
3 1 504 1 993 1 1953
3 1 369 1 762 1 1402
3 1 538 1 798 1 2078
3 1 362 1 1075 1 1395
3 1 528 1 788 1 1748
3 1 379 1 1028 1 1348
3 1 572 1 704 1 1024
3 1 326 1 719 1 1359
3 1 349 1 742 1 1382
3 1 412 1 1205 1 1845
3 1 573 1 769 1 1729
3 1 340 1 1309 1 1629
3 1 537 1 797 1 1437
3 1 536 1 796 1 1756
3 1 450 1 1323 1 1963
3 1 356 1 1069 1 1389
3 1 390 1 1183 1 1823
3 1 431 1 1160 1 1800
3 1 528 1 788 1 1428
3 1 539 1 799 1 1759
3 1 375 1 1344 1 1984
3 1 375 1 1024 1 1344
3 1 622 1 1234 1 2194
3 1 415 1 1208 1 1848
3 1 425 1 1154 1 1794
3 1 376 1 1345 1 1985
3 1 539 1 799 1 1439
3 1 404 1 877 1 1837
3 1 592 1 1268 1 1908
3 1 538 1 798 1 1758
3 1 538 1 798 1 1438
3 1 513 1 773 1 1733
3 1 376 1 705 1 1345
3 1 614 1 842 1 1162
3 1 549 1 745 1 1065
3 1 601 1 957 1 1277
3 1 337 1 1306 1 1626
3 1 528 1 788 1 2068
3 1 567 1 827 1 1787
3 1 521 1 717 1 1037
3 1 377 1 1026 1 1346
3 1 511 1 1320 1 1960
3 1 484 1 973 1 1933
3 1 426 1 1475 1 1795
3 1 340 1 1373 1 2013
3 1 512 1 772 1 1412
3 1 582 1 938 1 1258
3 1 633 1 925 1 1245
3 1 372 1 1085 1 1405
3 1 504 1 1313 1 1953
3 1 582 1 1258 1 2218
3 1 517 1 777 1 1417
3 1 337 1 1370 1 2010
3 1 460 1 1333 1 1973
3 1 556 1 816 1 2096
3 1 379 1 708 1 1348
3 1 574 1 770 1 1730
3 1 321 1 1034 1 1354
3 1 418 1 891 1 1851
3 1 349 1 1062 1 1382
3 1 332 1 725 1 1365
3 1 433 1 1482 1 1802
3 1 324 1 1037 1 1357
3 1 501 1 1310 1 1950
3 1 600 1 956 1 1276
3 1 620 1 912 1 1232
3 1 407 1 1776 1 2096
3 1 401 1 1514 1 1834
3 1 472 1 1281 1 1921
3 1 586 1 1262 1 2222
3 1 458 1 1651 1 1971
3 1 418 1 1531 1 1851
3 1 331 1 1364 1 2004
3 1 625 1 1173 1 1493
3 1 436 1 845 1 1805
3 1 582 1 1258 1 1898
3 1 522 1 782 1 1422
3 1 385 1 1178 1 1818
3 1 580 1 936 1 1256
3 1 528 1 724 1 1044
3 1 444 1 1493 1 1813
3 1 574 1 770 1 2050
3 1 548 1 744 1 2024
3 1 602 1 958 1 1278
3 1 385 1 1498 1 1818
3 1 574 1 770 1 1410
3 1 639 1 1251 1 2211
3 1 559 1 819 1 2099
3 1 337 1 730 1 1370
3 1 533 1 793 1 1753
3 1 580 1 1256 1 1896
3 1 573 1 769 1 1409
3 1 545 1 805 1 2085
3 1 332 1 981 1 1301
3 1 572 1 704 1 1984
3 1 620 1 1232 1 2192
3 1 464 1 1657 1 1977
3 1 326 1 1039 1 1359
3 1 487 1 976 1 1936
3 1 362 1 1011 1 1331
3 1 479 1 1288 1 1928
3 1 553 1 749 1 2029
3 1 567 1 827 1 1467
3 1 330 1 1363 1 2003
3 1 431 1 840 1 1800
3 1 603 1 1215 1 1535
3 1 611 1 1223 1 2183
3 1 601 1 1277 1 1917
3 1 547 1 807 1 1767
3 1 628 1 1176 1 1496
3 1 449 1 1002 1 1962
3 1 612 1 1224 1 2184
3 1 517 1 777 1 2057
3 1 402 1 1515 1 1835
3 1 449 1 1642 1 1962
3 1 438 1 847 1 1807
3 1 611 1 1159 1 1479
3 1 370 1 763 1 1403
3 1 376 1 1025 1 1345
3 1 419 1 1788 1 2108
3 1 615 1 1227 1 1867
3 1 593 1 1269 1 2229
3 1 329 1 1042 1 1362
3 1 435 1 844 1 1804
3 1 335 1 984 1 1304
3 1 359 1 752 1 1392
3 1 575 1 707 1 1987
3 1 382 1 1351 1 1991
3 1 525 1 785 1 1745
3 1 624 1 852 1 1172
3 1 426 1 835 1 1795
3 1 421 1 1214 1 1854
3 1 621 1 913 1 1233
3 1 517 1 777 1 1737
3 1 487 1 1616 1 1936
3 1 614 1 1162 1 1482
3 1 608 1 1220 1 2180
3 1 621 1 1233 1 1873
3 1 506 1 1315 1 1955
3 1 433 1 842 1 1802
3 1 432 1 841 1 1801
3 1 458 1 1011 1 1971
3 1 486 1 975 1 1935
3 1 562 1 822 1 1462
3 1 408 1 1521 1 1841
3 1 461 1 950 1 2230
3 1 476 1 1285 1 1925
3 1 533 1 793 1 2073
3 1 497 1 986 1 1946
3 1 602 1 1278 1 2238
3 1 487 1 1296 1 1936
3 1 400 1 1193 1 1833
3 1 355 1 1324 1 1644
3 1 502 1 1631 1 1951
3 1 609 1 1221 1 2181
3 1 633 1 861 1 1181
