746 2240
2 1 1789 1 2109
2 1 1783 1 2103
2 1 1461 1 1781
2 1 1461 1 2101
2 1 1781 1 2101
2 1 1460 1 2100
2 1 1780 1 2100
2 1 1460 1 1780
2 1 1459 1 2099
2 1 1779 1 2099
2 1 1459 1 1779
2 1 1458 1 2098
2 1 1458 1 1778
2 1 1778 1 2098
2 1 1777 1 2097
2 1 1457 1 1777
2 1 1457 1 2097
2 1 1776 1 2096
2 1 1456 1 2096
2 1 1456 1 1776
2 1 1453 1 2093
2 1 1448 1 2088
2 1 1443 1 1763
2 1 1763 1 2083
2 1 1443 1 2083
2 1 1439 1 2079
2 1 1756 1 2076
2 1 1436 1 2076
2 1 1436 1 1756
2 1 1737 1 2057
2 1 1416 1 2056
2 1 1736 1 2056
2 1 1416 1 1736
2 1 1735 1 2055
2 1 1415 1 1735
2 1 1415 1 2055
2 1 1414 1 2054
2 1 1734 1 2054
2 1 1414 1 1734
2 1 974 1 1614
2 1 1292 1 1612
2 1 972 1 1612
2 1 972 1 1292
2 1 1290 1 1610
2 1 1285 1 1605
2 1 960 1 1600
2 1 1471 1 1791
2 1 1022 1 1662
2 1 1020 1 1660
2 1 1409 1 1729
2 1 1332 1 1652
2 1 1012 1 1652
2 1 1012 1 1332
2 1 1010 1 1650
2 1 1328 1 1648
2 1 1455 1 1775
2 1 1454 1 1774
2 1 1008 1 1328
2 1 1008 1 1648
2 1 1320 1 1640
2 1 1000 1 1640
2 1 1000 1 1320
2 1 1447 1 1767
2 1 994 1 1314
2 1 992 1 1312
2 1 992 1 1632
2 1 993 1 1313
2 1 1313 1 1633
2 1 993 1 1633
2 1 1312 1 1632
2 1 1311 1 1631
2 1 1308 1 1628
2 1 978 1 1298
2 1 990 1 1310
2 1 990 1 1630
2 1 1310 1 1630
2 1 1300 1 1620
2 1 980 1 1620
2 1 978 1 1618
2 1 1298 1 1618
2 1 1296 1 1616
2 1 961 1 1281
2 1 1154 1 1474
2 1 980 1 1300
2 1 1788 1 2108
2 1 891 1 1531
2 1 1466 1 1786
2 1 1018 1 1658
2 1 1784 1 2104
2 1 887 1 1207
2 1 1207 1 1527
2 1 887 1 1527
2 1 1464 1 2104
2 1 1464 1 1784
2 1 1462 1 1782
2 1 1462 1 2102
2 1 1782 1 2102
2 1 885 1 1525
2 1 1204 1 1524
2 1 884 1 1204
2 1 884 1 1524
2 1 883 1 1523
2 1 883 1 1203
2 1 1203 1 1523
2 1 882 1 1522
2 1 881 1 1521
2 1 880 1 1520
2 1 879 1 1519
2 1 879 1 1199
2 1 1199 1 1519
2 1 878 1 1198
2 1 877 1 1197
2 1 1324 1 1644
2 1 1004 1 1324
2 1 1004 1 1644
2 1 1451 1 1771
2 1 1450 1 1770
2 1 1450 1 2090
2 1 1770 1 2090
2 1 1193 1 1513
2 1 873 1 1513
2 1 873 1 1193
2 1 871 1 1191
2 1 1191 1 1511
2 1 871 1 1511
2 1 1446 1 2086
2 1 1319 1 1639
2 1 998 1 1638
2 1 998 1 1318
2 1 1318 1 1638
2 1 1187 1 1507
2 1 866 1 1506
2 1 1186 1 1506
2 1 866 1 1186
2 1 1185 1 1505
2 1 864 1 1184
2 1 1183 1 1503
2 1 862 1 1502
2 1 1182 1 1502
2 1 862 1 1182
2 1 1181 1 1501
2 1 1180 1 1500
2 1 860 1 1180
2 1 860 1 1500
2 1 1306 1 1626
2 1 859 1 1179
2 1 859 1 1499
2 1 1179 1 1499
2 1 1176 1 1496
2 1 856 1 1176
2 1 856 1 1496
2 1 1175 1 1495
2 1 1173 1 1493
2 1 1171 1 1491
2 1 1167 1 1487
2 1 846 1 1166
2 1 845 1 1165
2 1 973 1 1293
2 1 1293 1 1613
2 1 973 1 1613
2 1 1163 1 1483
2 1 1161 1 1481
2 1 840 1 1160
2 1 840 1 1480
2 1 1160 1 1480
2 1 839 1 1479
2 1 838 1 1478
2 1 839 1 1159
2 1 1159 1 1479
2 1 1286 1 1606
2 1 966 1 1606
2 1 966 1 1286
2 1 1156 1 1476
2 1 896 1 2176
2 1 896 1 1856
2 1 1856 1 2176
2 1 1408 1 1728
2 1 1087 1 2047
2 1 1919 1 2239
2 1 832 1 1152
2 1 1023 1 1663
2 1 1343 1 1663
2 1 1023 1 1343
2 1 1918 1 2238
2 1 958 1 1918
2 1 958 1 2238
2 1 1790 1 2110
2 1 894 1 1214
2 1 1341 1 1661
2 1 1021 1 1341
2 1 1021 1 1661
2 1 1085 1 2045
2 1 765 1 2045
2 1 765 1 1085
2 1 1917 1 2237
2 1 956 1 2236
2 1 1916 1 2236
2 1 956 1 1916
2 1 892 1 1532
2 1 763 1 2043
2 1 763 1 1083
2 1 1083 1 2043
2 1 1019 1 1339
2 1 1339 1 1659
2 1 1019 1 1659
2 1 1915 1 2235
2 1 1914 1 2234
2 1 954 1 2234
2 1 954 1 1914
2 1 890 1 1210
2 1 761 1 2041
2 1 1017 1 1657
2 1 1913 1 2233
2 1 1016 1 1656
2 1 1079 1 2039
2 1 759 1 1079
2 1 759 1 2039
2 1 1015 1 1335
2 1 1911 1 2231
2 1 950 1 1910
2 1 950 1 2230
2 1 1910 1 2230
2 1 1013 1 1653
2 1 886 1 1526
2 1 1077 1 2037
2 1 1076 1 2036
2 1 948 1 1908
2 1 948 1 2228
2 1 1908 1 2228
2 1 755 1 1075
2 1 1075 1 2035
2 1 755 1 2035
2 1 1907 1 2227
2 1 947 1 1907
2 1 947 1 2227
2 1 946 1 1906
2 1 1906 1 2226
2 1 946 1 2226
2 1 1073 1 2033
2 1 1905 1 2225
2 1 945 1 2225
2 1 945 1 1905
2 1 752 1 1072
2 1 944 1 2224
2 1 943 1 1903
2 1 1903 1 2223
2 1 943 1 2223
2 1 942 1 2222
2 1 749 1 1069
2 1 1901 1 2221
2 1 941 1 1901
2 1 941 1 2221
2 1 1772 1 2092
2 1 1452 1 1772
2 1 1452 1 2092
2 1 876 1 1196
2 1 876 1 1516
2 1 1196 1 1516
2 1 1323 1 1643
2 1 1003 1 1643
2 1 1003 1 1323
2 1 1002 1 1642
2 1 1322 1 1642
2 1 1002 1 1322
2 1 1195 1 1515
2 1 1899 1 2219
2 1 874 1 1194
2 1 1897 1 2217
2 1 1449 1 1769
2 1 744 1 1064
2 1 1063 1 2023
2 1 743 1 2023
2 1 743 1 1063
2 1 936 1 1896
2 1 1896 1 2216
2 1 936 1 2216
2 1 935 1 1895
2 1 742 1 2022
2 1 870 1 1190
2 1 934 1 2214
2 1 1317 1 1637
2 1 741 1 2021
2 1 996 1 1316
2 1 1316 1 1636
2 1 996 1 1636
2 1 1189 1 1509
2 1 869 1 1509
2 1 869 1 1189
2 1 1315 1 1635
2 1 1764 1 2084
2 1 1444 1 1764
2 1 1444 1 2084
2 1 868 1 1188
2 1 739 1 1059
2 1 738 1 1058
2 1 930 1 2210
2 1 1057 1 2017
2 1 737 1 1057
2 1 737 1 2017
2 1 1056 1 2016
2 1 736 1 1056
2 1 736 1 2016
2 1 1440 1 1760
2 1 1440 1 2080
2 1 1760 1 2080
2 1 735 1 2015
2 1 1055 1 2015
2 1 735 1 1055
2 1 734 1 1054
2 1 734 1 2014
2 1 1054 1 2014
2 1 927 1 2207
2 1 1438 1 1758
2 1 1758 1 2078
2 1 1438 1 2078
2 1 733 1 1053
2 1 732 1 1052
2 1 925 1 2205
2 1 731 1 1051
2 1 1883 1 2203
2 1 923 1 1883
2 1 923 1 2203
2 1 1178 1 1498
2 1 858 1 1498
2 1 858 1 1178
2 1 1434 1 1754
2 1 922 1 1882
2 1 729 1 2009
2 1 1304 1 1624
2 1 728 1 1048
2 1 1881 1 2201
2 1 1432 1 2072
2 1 727 1 1047
2 1 727 1 2007
2 1 1047 1 2007
2 1 1430 1 1750
2 1 1750 1 2070
2 1 1430 1 2070
2 1 1174 1 1494
2 1 725 1 1045
2 1 1045 1 2005
2 1 725 1 2005
2 1 724 1 2004
2 1 1877 1 2197
2 1 1428 1 2068
2 1 1043 1 2003
2 1 723 1 2003
2 1 723 1 1043
2 1 979 1 1299
2 1 916 1 1876
2 1 722 1 2002
2 1 1426 1 2066
2 1 1297 1 1617
2 1 721 1 2001
2 1 1041 1 2001
2 1 721 1 1041
2 1 1874 1 2194
2 1 914 1 2194
2 1 914 1 1874
2 1 720 1 2000
2 1 1295 1 1615
2 1 1744 1 2064
2 1 719 1 1999
2 1 719 1 1039
2 1 1039 1 1999
2 1 718 1 1038
2 1 1038 1 1998
2 1 718 1 1998
2 1 910 1 2190
2 1 717 1 1997
2 1 717 1 1037
2 1 1037 1 1997
2 1 909 1 1869
2 1 716 1 1996
2 1 1291 1 1611
2 1 971 1 1291
2 1 971 1 1611
2 1 1035 1 1995
2 1 715 1 1035
2 1 715 1 1995
2 1 1034 1 1994
2 1 1738 1 2058
2 1 713 1 1993
2 1 1033 1 1993
2 1 713 1 1033
2 1 906 1 2186
2 1 712 1 1992
2 1 712 1 1032
2 1 1032 1 1992
2 1 905 1 2185
2 1 905 1 1865
2 1 1865 1 2185
2 1 1864 1 2184
2 1 904 1 1864
2 1 904 1 2184
2 1 711 1 1031
2 1 1031 1 1991
2 1 711 1 1991
2 1 903 1 2183
2 1 903 1 1863
2 1 1863 1 2183
2 1 1030 1 1990
2 1 710 1 1030
2 1 710 1 1990
2 1 1862 1 2182
2 1 902 1 2182
2 1 902 1 1862
2 1 901 1 1861
2 1 1861 1 2181
2 1 901 1 2181
2 1 1284 1 1604
2 1 964 1 1604
2 1 964 1 1284
2 1 708 1 1028
2 1 1733 1 2053
2 1 837 1 1477
2 1 1732 1 2052
2 1 1027 1 1987
2 1 1860 1 2180
2 1 1731 1 2051
2 1 706 1 1986
2 1 1026 1 1986
2 1 706 1 1026
2 1 1859 1 2179
2 1 899 1 2179
2 1 899 1 1859
2 1 1730 1 2050
2 1 1410 1 1730
2 1 1410 1 2050
2 1 705 1 1025
2 1 898 1 2178
2 1 1858 1 2178
2 1 898 1 1858
2 1 704 1 1984
2 1 897 1 2177
2 1 1857 1 2177
2 1 897 1 1857
3 1 583 1 1259 1 2219
3 1 581 1 1257 1 1897
3 1 591 1 1267 1 2227
3 1 583 1 1259 1 1899
3 1 533 1 793 1 2073
3 1 491 1 1620 1 1940
3 1 361 1 1074 1 1394
3 1 558 1 818 1 1778
3 1 604 1 896 1 1216
3 1 371 1 1020 1 1340
3 1 610 1 1158 1 1478
3 1 489 1 1618 1 1938
3 1 497 1 1306 1 1946
3 1 465 1 1018 1 1978
3 1 368 1 761 1 1401
3 1 630 1 1242 1 1882
3 1 581 1 1257 1 2217
3 1 510 1 935 1 2215
3 1 348 1 741 1 1381
3 1 510 1 1895 1 2215
3 1 348 1 1381 1 2021
3 1 591 1 947 1 1267
3 1 591 1 1267 1 1907
3 1 589 1 945 1 1265
3 1 589 1 1265 1 2225
3 1 589 1 1265 1 1905
3 1 368 1 1401 1 2041
3 1 491 1 980 1 1940
3 1 451 1 940 1 2220
3 1 384 1 1753 1 2073
3 1 366 1 1079 1 1399
3 1 569 1 829 1 1789
3 1 558 1 754 1 1074
3 1 569 1 829 1 2109
3 1 489 1 1298 1 1938
3 1 465 1 1658 1 1978
3 1 508 1 1893 1 2213
3 1 416 1 889 1 1849
3 1 425 1 1474 1 1794
3 1 604 1 1216 1 1856
3 1 556 1 816 1 1776
3 1 491 1 1300 1 1940
3 1 475 1 1284 1 1924
3 1 404 1 1453 1 1773
3 1 625 1 1237 1 1877
3 1 563 1 823 1 1783
3 1 593 1 885 1 1205
3 1 604 1 1216 1 2176
3 1 635 1 927 1 1247
3 1 609 1 1221 1 1861
3 1 577 1 1253 1 1893
3 1 496 1 1305 1 1945
3 1 405 1 1198 1 1838
3 1 432 1 1481 1 1801
3 1 446 1 1175 1 1815
3 1 322 1 1035 1 1355
3 1 558 1 818 1 1458
3 1 584 1 940 1 1260
3 1 630 1 922 1 1242
3 1 543 1 803 1 1763
3 1 405 1 878 1 1838
3 1 553 1 813 1 2093
3 1 559 1 819 1 2099
3 1 556 1 816 1 2096
3 1 563 1 823 1 2103
3 1 399 1 1768 1 2088
3 1 472 1 1281 1 1921
3 1 557 1 817 1 2097
3 1 536 1 796 1 1756
3 1 448 1 1321 1 1961
3 1 399 1 1448 1 1768
3 1 548 1 808 1 2088
3 1 548 1 808 1 1448
3 1 558 1 818 1 2098
3 1 559 1 819 1 1459
3 1 559 1 819 1 1779
3 1 561 1 821 1 1781
3 1 402 1 1515 1 1835
3 1 556 1 816 1 1456
3 1 553 1 813 1 1453
3 1 404 1 1773 1 2093
3 1 605 1 1153 1 1473
3 1 557 1 817 1 1777
3 1 557 1 817 1 1457
3 1 567 1 827 1 1787
3 1 560 1 820 1 2100
3 1 560 1 820 1 1460
3 1 560 1 820 1 1780
3 1 561 1 821 1 1461
3 1 561 1 821 1 2101
3 1 574 1 770 1 1730
3 1 467 1 1660 1 1980
3 1 547 1 807 1 1767
3 1 366 1 759 1 1399
3 1 517 1 777 1 1737
3 1 355 1 748 1 1388
3 1 575 1 771 1 2051
3 1 365 1 1014 1 1334
3 1 574 1 770 1 2050
3 1 625 1 1237 1 2197
3 1 467 1 1020 1 1980
3 1 349 1 742 1 1382
3 1 550 1 810 1 1770
3 1 347 1 740 1 1380
3 1 550 1 810 1 1450
3 1 482 1 1867 1 2187
3 1 575 1 771 1 1731
3 1 550 1 810 1 2090
3 1 401 1 874 1 1834
3 1 541 1 801 1 1441
3 1 351 1 744 1 1384
3 1 565 1 825 1 1785
3 1 575 1 707 1 1027
3 1 511 1 1320 1 1960
3 1 489 1 978 1 1938
3 1 605 1 1217 1 1857
3 1 574 1 770 1 1410
3 1 401 1 1194 1 1834
3 1 605 1 897 1 1217
3 1 511 1 1640 1 1960
3 1 427 1 1476 1 1796
3 1 397 1 1766 1 2086
3 1 395 1 1188 1 1828
3 1 366 1 1399 1 2039
3 1 403 1 876 1 1836
3 1 484 1 1869 1 2189
3 1 552 1 812 1 1772
3 1 350 1 743 1 1383
3 1 605 1 1217 1 2177
3 1 579 1 935 1 1255
3 1 607 1 1219 1 2179
3 1 543 1 803 1 1443
3 1 391 1 1184 1 1824
3 1 390 1 1183 1 1823
3 1 463 1 1656 1 1976
3 1 431 1 1160 1 1800
3 1 371 1 1340 1 1660
3 1 375 1 1280 1 1600
3 1 572 1 768 1 1728
3 1 606 1 1218 1 2178
3 1 620 1 912 1 1232
3 1 609 1 1157 1 1477
3 1 516 1 776 1 1416
3 1 373 1 1342 1 1662
3 1 415 1 888 1 1848
3 1 432 1 1161 1 1801
3 1 375 1 960 1 1280
3 1 351 1 1064 1 1384
3 1 445 1 1494 1 1814
3 1 509 1 998 1 1958
3 1 599 1 891 1 1211
3 1 461 1 1014 1 1974
3 1 576 1 1252 1 2212
3 1 469 1 1022 1 1982
3 1 607 1 1219 1 1859
3 1 349 1 1382 1 2022
3 1 395 1 868 1 1828
3 1 418 1 1531 1 1851
3 1 561 1 757 1 2037
3 1 546 1 806 1 1446
3 1 430 1 1159 1 1799
3 1 439 1 1168 1 1808
3 1 587 1 1263 1 2223
3 1 594 1 1270 1 1910
3 1 560 1 756 1 2036
3 1 343 1 1056 1 1376
3 1 503 1 928 1 2208
3 1 582 1 1258 1 2218
3 1 552 1 812 1 1452
3 1 621 1 1169 1 1489
3 1 593 1 1205 1 1525
3 1 512 1 772 1 1732
3 1 543 1 803 1 2083
3 1 436 1 1165 1 1805
3 1 402 1 1195 1 1835
3 1 334 1 1367 1 2007
3 1 490 1 1875 1 2195
3 1 469 1 1662 1 1982
3 1 477 1 1606 1 1926
3 1 475 1 1604 1 1924
3 1 560 1 756 1 1076
3 1 399 1 1192 1 1832
3 1 429 1 838 1 1798
3 1 462 1 1015 1 1975
3 1 403 1 1196 1 1836
3 1 587 1 943 1 1263
3 1 456 1 1329 1 1969
3 1 453 1 1646 1 1966
3 1 508 1 1637 1 1957
3 1 594 1 950 1 1270
3 1 593 1 1269 1 2229
3 1 441 1 1170 1 1810
3 1 487 1 1616 1 1936
3 1 588 1 1200 1 1520
3 1 634 1 926 1 1246
3 1 387 1 860 1 1820
3 1 427 1 1156 1 1796
3 1 369 1 1018 1 1338
3 1 516 1 776 1 2056
3 1 516 1 776 1 1736
3 1 552 1 812 1 2092
3 1 492 1 1301 1 1941
3 1 540 1 800 1 1760
3 1 535 1 795 1 2075
3 1 540 1 800 1 2080
3 1 377 1 1346 1 1986
3 1 449 1 1322 1 1962
3 1 377 1 706 1 1346
3 1 631 1 923 1 1243
3 1 443 1 1172 1 1812
3 1 540 1 800 1 1440
3 1 352 1 1065 1 1385
3 1 377 1 1026 1 1346
3 1 438 1 1487 1 1807
3 1 545 1 805 1 1765
3 1 334 1 727 1 1367
3 1 407 1 880 1 1840
3 1 587 1 1263 1 1903
3 1 392 1 1185 1 1825
3 1 607 1 899 1 1219
3 1 429 1 1478 1 1798
3 1 463 1 1016 1 1976
3 1 497 1 1882 1 2202
3 1 616 1 908 1 1228
3 1 322 1 715 1 1355
3 1 532 1 792 1 1432
3 1 568 1 828 1 1788
3 1 557 1 753 1 2033
3 1 370 1 1403 1 2043
3 1 611 1 903 1 1223
3 1 485 1 974 1 1934
3 1 601 1 1213 1 1533
3 1 364 1 1077 1 1397
3 1 515 1 775 1 1415
3 1 411 1 1204 1 1844
3 1 515 1 775 1 2055
3 1 411 1 884 1 1844
3 1 513 1 773 1 2053
3 1 600 1 892 1 1212
3 1 518 1 778 1 2058
3 1 639 1 1251 1 2211
3 1 610 1 838 1 1158
3 1 551 1 811 1 1451
3 1 622 1 1234 1 1874
3 1 372 1 1405 1 2045
3 1 497 1 922 1 2202
3 1 398 1 1511 1 1831
3 1 430 1 839 1 1799
3 1 551 1 811 1 1771
3 1 421 1 1214 1 1854
3 1 334 1 1047 1 1367
3 1 517 1 777 1 2057
3 1 597 1 889 1 1209
3 1 518 1 778 1 1738
3 1 394 1 1187 1 1827
3 1 523 1 783 1 1743
3 1 626 1 918 1 1238
3 1 518 1 714 1 1994
3 1 484 1 1293 1 1933
3 1 464 1 1017 1 1977
3 1 481 1 1610 1 1930
3 1 376 1 1025 1 1345
3 1 375 1 704 1 1344
3 1 599 1 1275 1 1915
3 1 430 1 1479 1 1799
3 1 424 1 1473 1 1793
3 1 580 1 1256 1 2216
3 1 571 1 831 1 1471
3 1 481 1 1290 1 1930
3 1 618 1 910 1 1230
3 1 636 1 928 1 1248
3 1 379 1 1028 1 1348
3 1 376 1 705 1 1345
3 1 585 1 1261 1 2221
3 1 596 1 1272 1 2232
3 1 487 1 912 1 2192
3 1 595 1 1271 1 2231
3 1 623 1 1235 1 1875
3 1 408 1 1521 1 1841
3 1 600 1 1212 1 1532
3 1 450 1 1643 1 1963
3 1 588 1 880 1 1200
3 1 561 1 757 1 1077
3 1 341 1 734 1 1374
3 1 638 1 1250 1 2210
3 1 568 1 828 1 2108
3 1 578 1 1254 1 2214
3 1 578 1 934 1 1254
3 1 357 1 1326 1 1646
3 1 379 1 708 1 1348
3 1 403 1 1516 1 1836
3 1 579 1 1255 1 1895
3 1 420 1 1533 1 1853
3 1 457 1 1650 1 1970
3 1 471 1 1600 1 1920
3 1 510 1 1639 1 1959
3 1 370 1 763 1 1403
3 1 397 1 1446 1 1766
3 1 555 1 815 1 1775
3 1 602 1 1278 1 1918
3 1 529 1 789 1 1429
3 1 391 1 864 1 1824
3 1 485 1 1614 1 1934
3 1 440 1 1489 1 1809
3 1 321 1 1034 1 1354
3 1 501 1 1310 1 1950
3 1 385 1 1178 1 1818
3 1 455 1 1008 1 1968
3 1 390 1 1759 1 2079
