570 2240
2 1 1789 1 2109
2 1 1777 1 2097
2 1 1783 1 2103
2 1 1776 1 2096
2 1 1456 1 2096
2 1 1456 1 1776
2 1 1775 1 2095
2 1 1450 1 1770
2 1 1450 1 2090
2 1 1454 1 1774
2 1 1770 1 2090
2 1 1774 1 2094
2 1 1454 1 2094
2 1 1448 1 2088
2 1 1448 1 1768
2 1 1768 1 2088
2 1 1446 1 1766
2 1 1766 1 2086
2 1 1446 1 2086
2 1 1437 1 2077
2 1 1757 1 2077
2 1 1437 1 1757
2 1 1435 1 2075
2 1 1755 1 2075
2 1 1435 1 1755
2 1 1753 1 2073
2 1 1429 1 2069
2 1 1747 1 2067
2 1 1743 1 2063
2 1 1423 1 1743
2 1 1423 1 2063
2 1 1414 1 2054
2 1 1414 1 1734
2 1 1734 1 2054
2 1 1287 1 1607
2 1 1343 1 1663
2 1 1023 1 1343
2 1 1023 1 1663
2 1 1020 1 1340
2 1 1340 1 1660
2 1 1020 1 1660
2 1 1339 1 1659
2 1 1337 1 1657
2 1 1014 1 1654
2 1 1333 1 1653
2 1 1013 1 1333
2 1 1013 1 1653
2 1 1011 1 1331
2 1 1328 1 1648
2 1 1007 1 1647
2 1 1002 1 1322
2 1 1449 1 1769
2 1 1335 1 1655
2 1 999 1 1319
2 1 1442 1 1762
2 1 990 1 1310
2 1 1438 1 1758
2 1 989 1 1629
2 1 1306 1 1626
2 1 986 1 1626
2 1 986 1 1306
2 1 984 1 1304
2 1 984 1 1624
2 1 987 1 1627
2 1 985 1 1625
2 1 1305 1 1625
2 1 985 1 1305
2 1 1304 1 1624
2 1 1300 1 1620
2 1 980 1 1620
2 1 980 1 1300
2 1 1298 1 1618
2 1 978 1 1618
2 1 978 1 1298
2 1 1411 1 1731
2 1 1411 1 2051
2 1 1731 1 2051
2 1 1283 1 1603
2 1 1213 1 1533
2 1 1212 1 1532
2 1 1214 1 1534
2 1 892 1 1532
2 1 892 1 1212
2 1 1210 1 1530
2 1 1338 1 1658
2 1 1018 1 1338
2 1 1018 1 1658
2 1 888 1 1208
2 1 1206 1 1526
2 1 886 1 1526
2 1 886 1 1206
2 1 1205 1 1525
2 1 1459 1 1779
2 1 1459 1 2099
2 1 1779 1 2099
2 1 1332 1 1652
2 1 1012 1 1652
2 1 1012 1 1332
2 1 882 1 1522
2 1 1201 1 1521
2 1 1200 1 1520
2 1 880 1 1200
2 1 880 1 1520
2 1 1773 1 2093
2 1 1199 1 1519
2 1 879 1 1199
2 1 879 1 1519
2 1 878 1 1518
2 1 1006 1 1326
2 1 1006 1 1646
2 1 1326 1 1646
2 1 1452 1 2092
2 1 1005 1 1325
2 1 875 1 1195
2 1 1195 1 1515
2 1 875 1 1515
2 1 873 1 1513
2 1 1767 1 2087
2 1 1447 1 1767
2 1 1447 1 2087
2 1 1000 1 1640
2 1 1320 1 1640
2 1 1000 1 1320
2 1 870 1 1510
2 1 1445 1 1765
2 1 1443 1 1763
2 1 866 1 1186
2 1 865 1 1185
2 1 993 1 1633
2 1 861 1 1181
2 1 1180 1 1500
2 1 860 1 1500
2 1 860 1 1180
2 1 859 1 1179
2 1 858 1 1498
2 1 858 1 1178
2 1 1178 1 1498
2 1 856 1 1496
2 1 855 1 1175
2 1 1303 1 1623
2 1 1430 1 1750
2 1 853 1 1173
2 1 1428 1 1748
2 1 851 1 1171
2 1 1170 1 1490
2 1 850 1 1490
2 1 850 1 1170
2 1 1169 1 1489
2 1 1297 1 1617
2 1 847 1 1167
2 1 1167 1 1487
2 1 847 1 1487
2 1 1421 1 2061
2 1 1421 1 1741
2 1 1741 1 2061
2 1 1294 1 1614
2 1 1163 1 1483
2 1 970 1 1290
2 1 1735 1 2055
2 1 1415 1 2055
2 1 1415 1 1735
2 1 1158 1 1478
2 1 838 1 1158
2 1 838 1 1478
2 1 836 1 1156
2 1 836 1 1476
2 1 1156 1 1476
2 1 1408 1 2048
2 1 767 1 2047
2 1 1342 1 1662
2 1 1022 1 1342
2 1 1022 1 1662
2 1 1471 1 2111
2 1 1215 1 1535
2 1 1086 1 2046
2 1 959 1 1919
2 1 1470 1 2110
2 1 1470 1 1790
2 1 1790 1 2110
2 1 1085 1 2045
2 1 765 1 2045
2 1 765 1 1085
2 1 764 1 2044
2 1 764 1 1084
2 1 1084 1 2044
2 1 957 1 2237
2 1 1917 1 2237
2 1 957 1 1917
2 1 1916 1 2236
2 1 956 1 1916
2 1 956 1 2236
2 1 1083 1 2043
2 1 763 1 2043
2 1 763 1 1083
2 1 762 1 2042
2 1 762 1 1082
2 1 1082 1 2042
2 1 955 1 1915
2 1 954 1 1914
2 1 953 1 1913
2 1 1016 1 1336
2 1 1336 1 1656
2 1 1016 1 1656
2 1 760 1 1080
2 1 1912 1 2232
2 1 759 1 1079
2 1 1078 1 2038
2 1 758 1 2038
2 1 758 1 1078
2 1 951 1 2231
2 1 950 1 1910
2 1 950 1 2230
2 1 1910 1 2230
2 1 1782 1 2102
2 1 1462 1 1782
2 1 1462 1 2102
2 1 1077 1 2037
2 1 757 1 2037
2 1 757 1 1077
2 1 1909 1 2229
2 1 949 1 1909
2 1 949 1 2229
2 1 756 1 1076
2 1 756 1 2036
2 1 1076 1 2036
2 1 948 1 1908
2 1 755 1 2035
2 1 1010 1 1330
2 1 1330 1 1650
2 1 1010 1 1650
2 1 1203 1 1523
2 1 947 1 1907
2 1 1778 1 2098
2 1 1458 1 1778
2 1 1458 1 2098
2 1 1906 1 2226
2 1 753 1 2033
2 1 1073 1 2033
2 1 753 1 1073
2 1 752 1 2032
2 1 1072 1 2032
2 1 752 1 1072
2 1 945 1 1905
2 1 945 1 2225
2 1 1905 1 2225
2 1 944 1 1904
2 1 944 1 2224
2 1 1904 1 2224
2 1 751 1 1071
2 1 1903 1 2223
2 1 943 1 1903
2 1 943 1 2223
2 1 750 1 2030
2 1 750 1 1070
2 1 1070 1 2030
2 1 942 1 1902
2 1 942 1 2222
2 1 1902 1 2222
2 1 941 1 1901
2 1 1901 1 2221
2 1 941 1 2221
2 1 1004 1 1324
2 1 1324 1 1644
2 1 1004 1 1644
2 1 877 1 1517
2 1 1197 1 1517
2 1 877 1 1197
2 1 748 1 2028
2 1 876 1 1516
2 1 1067 1 2027
2 1 746 1 1066
2 1 745 1 1065
2 1 938 1 2218
2 1 938 1 1898
2 1 1898 1 2218
2 1 937 1 1897
2 1 937 1 2217
2 1 1897 1 2217
2 1 744 1 2024
2 1 744 1 1064
2 1 1064 1 2024
2 1 936 1 1896
2 1 936 1 2216
2 1 1896 1 2216
2 1 935 1 1895
2 1 1895 1 2215
2 1 935 1 2215
2 1 871 1 1191
2 1 1191 1 1511
2 1 871 1 1511
2 1 742 1 2022
2 1 742 1 1062
2 1 1062 1 2022
2 1 1189 1 1509
2 1 869 1 1189
2 1 869 1 1509
2 1 933 1 1893
2 1 933 1 2213
2 1 1893 1 2213
2 1 1892 1 2212
2 1 995 1 1635
2 1 994 1 1314
2 1 867 1 1507
2 1 1058 1 2018
2 1 1890 1 2210
2 1 929 1 1889
2 1 1889 1 2209
2 1 929 1 2209
2 1 736 1 2016
2 1 1440 1 2080
2 1 1440 1 1760
2 1 1760 1 2080
2 1 928 1 1888
2 1 1055 1 2015
2 1 1439 1 1759
2 1 1054 1 2014
2 1 734 1 2014
2 1 734 1 1054
2 1 1887 1 2207
2 1 1053 1 2013
2 1 926 1 2206
2 1 925 1 2205
2 1 1884 1 2204
2 1 924 1 1884
2 1 924 1 2204
2 1 731 1 2011
2 1 1051 1 2011
2 1 731 1 1051
2 1 923 1 1883
2 1 730 1 1050
2 1 922 1 2202
2 1 1882 1 2202
2 1 922 1 1882
2 1 1434 1 1754
2 1 921 1 2201
2 1 921 1 1881
2 1 1881 1 2201
2 1 920 1 2200
2 1 1431 1 1751
2 1 919 1 2199
2 1 1045 1 2005
2 1 725 1 2005
2 1 725 1 1045
2 1 981 1 1621
2 1 918 1 1878
2 1 1878 1 2198
2 1 918 1 2198
2 1 916 1 1876
2 1 1172 1 1492
2 1 852 1 1172
2 1 852 1 1492
2 1 979 1 1619
2 1 1299 1 1619
2 1 979 1 1299
2 1 723 1 1043
2 1 1875 1 2195
2 1 1042 1 2002
2 1 1426 1 2066
2 1 1426 1 1746
2 1 1746 1 2066
2 1 914 1 1874
2 1 1874 1 2194
2 1 914 1 2194
2 1 1041 1 2001
2 1 1745 1 2065
2 1 1425 1 2065
2 1 1425 1 1745
2 1 1873 1 2193
2 1 913 1 2193
2 1 913 1 1873
2 1 719 1 1039
2 1 1039 1 1999
2 1 719 1 1999
2 1 975 1 1295
2 1 1295 1 1615
2 1 975 1 1615
2 1 912 1 2192
2 1 910 1 2190
2 1 1166 1 1486
2 1 846 1 1486
2 1 846 1 1166
2 1 717 1 1997
2 1 973 1 1613
2 1 972 1 1612
2 1 1292 1 1612
2 1 972 1 1292
2 1 845 1 1165
2 1 1420 1 1740
2 1 1420 1 2060
2 1 1740 1 2060
2 1 844 1 1484
2 1 844 1 1164
2 1 1164 1 1484
2 1 971 1 1611
2 1 971 1 1291
2 1 1291 1 1611
2 1 715 1 1995
2 1 1035 1 1995
2 1 715 1 1035
2 1 1739 1 2059
2 1 1162 1 1482
2 1 906 1 2186
2 1 1417 1 1737
2 1 1737 1 2057
2 1 1417 1 2057
2 1 1161 1 1481
2 1 841 1 1481
2 1 841 1 1161
2 1 712 1 1992
2 1 712 1 1032
2 1 1032 1 1992
2 1 1288 1 1608
2 1 968 1 1608
2 1 968 1 1288
2 1 711 1 1991
2 1 839 1 1159
2 1 1286 1 1606
2 1 710 1 1990
2 1 1030 1 1990
2 1 710 1 1030
2 1 1862 1 2182
2 1 709 1 1989
2 1 837 1 1477
2 1 901 1 1861
2 1 1861 1 2181
2 1 901 1 2181
2 1 708 1 1028
2 1 1028 1 1988
2 1 708 1 1988
2 1 1155 1 1475
2 1 706 1 1986
2 1 899 1 1859
2 1 834 1 1154
2 1 834 1 1474
2 1 1154 1 1474
2 1 1409 1 1729
2 1 1024 1 1984
2 1 704 1 1984
2 1 704 1 1024
3 1 569 1 829 1 1789
3 1 569 1 829 1 2109
3 1 413 1 1526 1 1846
3 1 325 1 718 1 1358
3 1 413 1 886 1 1846
3 1 619 1 1231 1 1871
3 1 557 1 817 1 2097
3 1 624 1 916 1 1236
3 1 486 1 1871 1 2191
3 1 383 1 1032 1 1352
3 1 476 1 1605 1 1925
3 1 557 1 817 1 1777
3 1 380 1 1285 1 1605
3 1 632 1 1244 1 2204
3 1 534 1 794 1 1434
3 1 632 1 924 1 1244
3 1 383 1 712 1 1352
3 1 538 1 798 1 1758
3 1 632 1 1244 1 1884
3 1 324 1 717 1 1357
3 1 324 1 1357 1 1997
3 1 523 1 783 1 2063
3 1 548 1 808 1 1768
3 1 523 1 783 1 1743
3 1 523 1 783 1 1423
3 1 365 1 1334 1 1654
3 1 563 1 823 1 1783
3 1 470 1 1663 1 1983
3 1 521 1 781 1 1741
3 1 470 1 1023 1 1983
3 1 529 1 789 1 1429
3 1 546 1 806 1 1446
3 1 529 1 789 1 2069
3 1 550 1 810 1 1450
3 1 548 1 808 1 1448
3 1 444 1 1749 1 2069
3 1 548 1 808 1 2088
3 1 624 1 1236 1 1876
3 1 413 1 1206 1 1846
3 1 383 1 1352 1 1992
3 1 546 1 806 1 1766
3 1 470 1 1343 1 1983
3 1 546 1 806 1 2086
3 1 613 1 1225 1 1865
3 1 550 1 810 1 2090
3 1 550 1 810 1 1770
3 1 480 1 1865 1 2185
3 1 556 1 816 1 1776
3 1 563 1 823 1 2103
3 1 392 1 1441 1 1761
3 1 538 1 798 1 1438
3 1 340 1 989 1 1309
3 1 340 1 1309 1 1629
3 1 556 1 816 1 2096
3 1 555 1 815 1 2095
3 1 537 1 797 1 2077
3 1 556 1 816 1 1456
3 1 541 1 801 1 1441
3 1 397 1 870 1 1830
3 1 537 1 797 1 1437
3 1 537 1 797 1 1757
3 1 555 1 815 1 1775
3 1 554 1 814 1 1454
3 1 554 1 814 1 2094
3 1 554 1 814 1 1774
3 1 372 1 765 1 1405
3 1 321 1 714 1 1354
3 1 472 1 1281 1 1921
3 1 491 1 916 1 2196
3 1 590 1 882 1 1202
3 1 479 1 968 1 1928
3 1 518 1 778 1 2058
3 1 519 1 779 1 1739
3 1 577 1 933 1 1253
3 1 503 1 992 1 1952
3 1 458 1 1011 1 1971
3 1 513 1 773 1 2053
3 1 438 1 1167 1 1807
3 1 343 1 992 1 1312
3 1 590 1 1202 1 1522
3 1 423 1 1408 1 1728
3 1 616 1 1228 1 2188
3 1 618 1 1230 1 2190
3 1 549 1 809 1 1769
3 1 491 1 1876 1 2196
3 1 437 1 1486 1 1806
3 1 337 1 1050 1 1370
3 1 437 1 1166 1 1806
3 1 630 1 1242 1 2202
3 1 438 1 1487 1 1807
3 1 517 1 777 1 1417
3 1 630 1 1242 1 1882
3 1 438 1 847 1 1807
3 1 462 1 1655 1 1975
3 1 581 1 1257 1 2217
3 1 382 1 711 1 1351
3 1 618 1 910 1 1230
3 1 535 1 795 1 1755
3 1 581 1 937 1 1257
3 1 445 1 1174 1 1814
3 1 382 1 1351 1 1991
3 1 620 1 1232 1 2192
3 1 581 1 1257 1 1897
3 1 630 1 922 1 1242
3 1 535 1 795 1 2075
3 1 444 1 1429 1 1749
3 1 535 1 795 1 1435
3 1 462 1 1335 1 1975
3 1 354 1 1067 1 1387
3 1 344 1 1057 1 1377
3 1 430 1 839 1 1799
3 1 429 1 1478 1 1798
3 1 446 1 855 1 1815
3 1 497 1 1306 1 1946
3 1 541 1 737 1 1057
3 1 515 1 775 1 1735
3 1 547 1 743 1 2023
3 1 568 1 828 1 1468
3 1 515 1 775 1 1415
3 1 580 1 936 1 1256
3 1 477 1 1606 1 1926
3 1 387 1 1436 1 1756
3 1 511 1 1000 1 1960
3 1 430 1 1159 1 1799
3 1 500 1 989 1 1949
3 1 515 1 775 1 2055
3 1 459 1 1652 1 1972
3 1 358 1 1007 1 1327
3 1 533 1 793 1 2073
3 1 519 1 779 1 2059
3 1 612 1 1224 1 2184
