430 2240
2 1 1786 1 2106
2 1 1466 1 1786
2 1 1466 1 2106
2 1 1459 1 2099
2 1 1779 1 2099
2 1 1459 1 1779
2 1 1774 1 2094
2 1 1454 1 1774
2 1 1454 1 2094
2 1 1451 1 2091
2 1 1766 1 2086
2 1 1446 1 2086
2 1 1446 1 1766
2 1 1428 1 2068
2 1 1745 1 2065
2 1 1425 1 2065
2 1 1425 1 1745
2 1 1742 1 2062
2 1 1422 1 2062
2 1 1422 1 1742
2 1 1739 1 2059
2 1 1419 1 1739
2 1 1419 1 2059
2 1 1414 1 2054
2 1 1738 1 2058
2 1 1418 1 2058
2 1 1421 1 1741
2 1 1418 1 1738
2 1 967 1 1287
2 1 1413 1 1733
2 1 1412 1 1732
2 1 1283 1 1603
2 1 963 1 1603
2 1 963 1 1283
2 1 1410 1 1730
2 1 1339 1 1659
2 1 1465 1 1785
2 1 1014 1 1654
2 1 1460 1 1780
2 1 1012 1 1332
2 1 1010 1 1330
2 1 998 1 1318
2 1 1445 1 1765
2 1 1441 1 1761
2 1 1438 1 1758
2 1 981 1 1301
2 1 978 1 1618
2 1 1411 1 1731
2 1 1731 1 2051
2 1 964 1 1604
2 1 1411 1 2051
2 1 1284 1 1604
2 1 964 1 1284
2 1 1154 1 1474
2 1 834 1 1154
2 1 834 1 1474
2 1 1728 1 2048
2 1 1408 1 1728
2 1 1408 1 2048
2 1 1469 1 1789
2 1 895 1 1535
2 1 1022 1 1662
2 1 1342 1 1662
2 1 1022 1 1342
2 1 1467 1 2107
2 1 890 1 1530
2 1 1210 1 1530
2 1 890 1 1210
2 1 887 1 1207
2 1 889 1 1529
2 1 1205 1 1525
2 1 884 1 1524
2 1 1204 1 1524
2 1 884 1 1204
2 1 1778 1 2098
2 1 1458 1 1778
2 1 1458 1 2098
2 1 1011 1 1651
2 1 881 1 1201
2 1 1201 1 1521
2 1 881 1 1521
2 1 1775 1 2095
2 1 1008 1 1648
2 1 878 1 1198
2 1 878 1 1518
2 1 1198 1 1518
2 1 875 1 1195
2 1 1002 1 1642
2 1 1448 1 2088
2 1 1191 1 1511
2 1 1452 1 1772
2 1 871 1 1511
2 1 871 1 1191
2 1 869 1 1189
2 1 1189 1 1509
2 1 869 1 1509
2 1 1317 1 1637
2 1 997 1 1637
2 1 997 1 1317
2 1 1763 1 2083
2 1 1443 1 2083
2 1 1443 1 1763
2 1 996 1 1316
2 1 1762 1 2082
2 1 865 1 1185
2 1 1185 1 1505
2 1 865 1 1505
2 1 864 1 1184
2 1 1439 1 1759
2 1 1439 1 2079
2 1 1759 1 2079
2 1 1182 1 1502
2 1 862 1 1502
2 1 862 1 1182
2 1 989 1 1309
2 1 1435 1 2075
2 1 861 1 1181
2 1 988 1 1628
2 1 1178 1 1498
2 1 858 1 1178
2 1 858 1 1498
2 1 985 1 1625
2 1 1431 1 2071
2 1 984 1 1304
2 1 851 1 1171
2 1 851 1 1491
2 1 1171 1 1491
2 1 1174 1 1494
2 1 854 1 1174
2 1 854 1 1494
2 1 979 1 1619
2 1 1299 1 1619
2 1 979 1 1299
2 1 849 1 1169
2 1 976 1 1296
2 1 1424 1 1744
2 1 1296 1 1616
2 1 976 1 1616
2 1 846 1 1486
2 1 1165 1 1485
2 1 845 1 1165
2 1 845 1 1485
2 1 1420 1 2060
2 1 1162 1 1482
2 1 843 1 1483
2 1 842 1 1482
2 1 842 1 1162
2 1 1417 1 2057
2 1 970 1 1290
2 1 840 1 1480
2 1 838 1 1158
2 1 1415 1 1735
2 1 1856 1 2176
2 1 832 1 1152
2 1 837 1 1477
2 1 837 1 1157
2 1 1157 1 1477
2 1 767 1 1087
2 1 1023 1 1343
2 1 766 1 2046
2 1 1919 1 2239
2 1 958 1 1918
2 1 1021 1 1341
2 1 1341 1 1661
2 1 1021 1 1661
2 1 894 1 1214
2 1 893 1 1213
2 1 764 1 1084
2 1 764 1 2044
2 1 1084 1 2044
2 1 1788 1 2108
2 1 1468 1 2108
2 1 1468 1 1788
2 1 1916 1 2236
2 1 763 1 2043
2 1 1338 1 1658
2 1 1018 1 1338
2 1 1018 1 1658
2 1 762 1 1082
2 1 1082 1 2042
2 1 762 1 2042
2 1 955 1 1915
2 1 1915 1 2235
2 1 955 1 2235
2 1 761 1 2041
2 1 1081 1 2041
2 1 761 1 1081
2 1 953 1 2233
2 1 1913 1 2233
2 1 953 1 1913
2 1 1912 1 2232
2 1 952 1 1912
2 1 952 1 2232
2 1 1015 1 1655
2 1 1015 1 1335
2 1 1335 1 1655
2 1 1079 1 2039
2 1 759 1 2039
2 1 759 1 1079
2 1 1463 1 1783
2 1 758 1 1078
2 1 1078 1 2038
2 1 758 1 2038
2 1 1782 1 2102
2 1 1462 1 2102
2 1 1462 1 1782
2 1 950 1 1910
2 1 1910 1 2230
2 1 950 1 2230
2 1 949 1 2229
2 1 948 1 1908
2 1 755 1 2035
2 1 755 1 1075
2 1 1075 1 2035
2 1 947 1 2227
2 1 946 1 2226
2 1 946 1 1906
2 1 1906 1 2226
2 1 1202 1 1522
2 1 882 1 1202
2 1 882 1 1522
2 1 1009 1 1329
2 1 1329 1 1649
2 1 1009 1 1649
2 1 1905 1 2225
2 1 752 1 2032
2 1 944 1 1904
2 1 1007 1 1327
2 1 879 1 1199
2 1 1326 1 1646
2 1 1453 1 1773
2 1 750 1 1070
2 1 1902 1 2222
2 1 749 1 2029
2 1 877 1 1517
2 1 941 1 1901
2 1 1901 1 2221
2 1 941 1 2221
2 1 1900 1 2220
2 1 876 1 1196
2 1 747 1 1067
2 1 747 1 2027
2 1 1067 1 2027
2 1 1003 1 1323
2 1 1003 1 1643
2 1 1323 1 1643
2 1 1899 1 2219
2 1 746 1 2026
2 1 938 1 1898
2 1 874 1 1514
2 1 1001 1 1321
2 1 1000 1 1640
2 1 1000 1 1320
2 1 1320 1 1640
2 1 1769 1 2089
2 1 1449 1 1769
2 1 1449 1 2089
2 1 873 1 1193
2 1 744 1 2024
2 1 999 1 1639
2 1 1192 1 1512
2 1 743 1 2023
2 1 1063 1 2023
2 1 743 1 1063
2 1 1062 1 2022
2 1 741 1 1061
2 1 741 1 2021
2 1 1061 1 2021
2 1 933 1 2213
2 1 740 1 2020
2 1 932 1 1892
2 1 1892 1 2212
2 1 932 1 2212
2 1 868 1 1188
2 1 995 1 1315
2 1 1315 1 1635
2 1 995 1 1635
2 1 1314 1 1634
2 1 738 1 2018
2 1 866 1 1506
2 1 1313 1 1633
2 1 737 1 1057
2 1 1057 1 2017
2 1 737 1 2017
2 1 1889 1 2209
2 1 736 1 1056
2 1 928 1 1888
2 1 928 1 2208
2 1 1888 1 2208
2 1 735 1 2015
2 1 863 1 1503
2 1 927 1 1887
2 1 734 1 2014
2 1 1054 1 2014
2 1 734 1 1054
2 1 1886 1 2206
2 1 1053 1 2013
2 1 733 1 2013
2 1 733 1 1053
2 1 1437 1 1757
2 1 1437 1 2077
2 1 1757 1 2077
2 1 1885 1 2205
2 1 925 1 2205
2 1 925 1 1885
2 1 1436 1 1756
2 1 924 1 1884
2 1 1884 1 2204
2 1 924 1 2204
2 1 986 1 1306
2 1 730 1 1050
2 1 1050 1 2010
2 1 730 1 2010
2 1 1883 1 2203
2 1 1754 1 2074
2 1 1434 1 2074
2 1 1434 1 1754
2 1 729 1 2009
2 1 1049 1 2009
2 1 729 1 1049
2 1 1753 1 2073
2 1 1433 1 1753
2 1 1433 1 2073
2 1 921 1 1881
2 1 1881 1 2201
2 1 921 1 2201
2 1 983 1 1303
2 1 983 1 1623
2 1 1303 1 1623
2 1 1176 1 1496
2 1 727 1 2007
2 1 1880 1 2200
2 1 920 1 2200
2 1 920 1 1880
2 1 855 1 1175
2 1 982 1 1622
2 1 1046 1 2006
2 1 726 1 2006
2 1 726 1 1046
2 1 980 1 1620
2 1 980 1 1300
2 1 1300 1 1620
2 1 724 1 1044
2 1 917 1 2197
2 1 917 1 1877
2 1 1877 1 2197
2 1 723 1 2003
2 1 723 1 1043
2 1 1043 1 2003
2 1 915 1 1875
2 1 1874 1 2194
2 1 914 1 2194
2 1 914 1 1874
2 1 850 1 1170
2 1 1041 1 2001
2 1 721 1 2001
2 1 721 1 1041
2 1 977 1 1617
2 1 720 1 2000
2 1 1872 1 2192
2 1 912 1 1872
2 1 912 1 2192
2 1 975 1 1295
2 1 848 1 1168
2 1 1168 1 1488
2 1 848 1 1488
2 1 1871 1 2191
2 1 1294 1 1614
2 1 974 1 1294
2 1 974 1 1614
2 1 1037 1 1997
2 1 1869 1 2189
2 1 909 1 2189
2 1 909 1 1869
2 1 716 1 1996
2 1 908 1 2188
2 1 1868 1 2188
2 1 908 1 1868
2 1 971 1 1611
2 1 715 1 1035
2 1 715 1 1995
2 1 1035 1 1995
2 1 1034 1 1994
2 1 714 1 1034
2 1 714 1 1994
2 1 906 1 2186
2 1 1866 1 2186
2 1 906 1 1866
2 1 713 1 1993
2 1 1865 1 2185
2 1 905 1 2185
2 1 905 1 1865
2 1 1161 1 1481
2 1 841 1 1161
2 1 841 1 1481
2 1 1032 1 1992
2 1 968 1 1608
2 1 1416 1 1736
2 1 1736 1 2056
2 1 1416 1 2056
2 1 966 1 1286
2 1 1159 1 1479
2 1 710 1 1990
2 1 710 1 1030
2 1 1030 1 1990
2 1 1863 1 2183
2 1 903 1 1863
2 1 903 1 2183
2 1 1862 1 2182
2 1 1029 1 1989
2 1 901 1 1861
2 1 1028 1 1988
2 1 1860 1 2180
2 1 900 1 2180
2 1 900 1 1860
2 1 707 1 1987
2 1 899 1 2179
2 1 835 1 1155
2 1 962 1 1282
2 1 962 1 1602
2 1 1282 1 1602
2 1 706 1 1026
2 1 1026 1 1986
2 1 706 1 1986
2 1 897 1 1857
2 1 1857 1 2177
2 1 897 1 2177
2 1 960 1 1280
2 1 833 1 1153
2 1 704 1 1984
