417 2240
2 1 1468 1 2108
2 1 1468 1 1788
2 1 1788 1 2108
2 1 1460 1 1780
2 1 1460 1 2100
2 1 1780 1 2100
2 1 1458 1 1778
2 1 1778 1 2098
2 1 1458 1 2098
2 1 1774 1 2094
2 1 1772 1 2092
2 1 1447 1 2087
2 1 1447 1 1767
2 1 1767 1 2087
2 1 1765 1 2085
2 1 1445 1 2085
2 1 1445 1 1765
2 1 1439 1 1759
2 1 1759 1 2079
2 1 1439 1 2079
2 1 1440 1 1760
2 1 1760 1 2080
2 1 1440 1 2080
2 1 1747 1 2067
2 1 1427 1 1747
2 1 1427 1 2067
2 1 1425 1 2065
2 1 1425 1 1745
2 1 1745 1 2065
2 1 1739 1 2059
2 1 1414 1 2054
2 1 1412 1 1732
2 1 1732 1 2052
2 1 1412 1 2052
2 1 1731 1 2051
2 1 1295 1 1615
2 1 1293 1 1613
2 1 1420 1 1740
2 1 971 1 1611
2 1 969 1 1289
2 1 1289 1 1609
2 1 969 1 1609
2 1 967 1 1287
2 1 1343 1 1663
2 1 1341 1 1661
2 1 1021 1 1341
2 1 1021 1 1661
2 1 1019 1 1339
2 1 1017 1 1337
2 1 1015 1 1335
2 1 1332 1 1652
2 1 1011 1 1331
2 1 1010 1 1330
2 1 1456 1 1776
2 1 1007 1 1647
2 1 1005 1 1325
2 1 1005 1 1645
2 1 1325 1 1645
2 1 1328 1 1648
2 1 995 1 1635
2 1 998 1 1318
2 1 984 1 1304
2 1 1442 1 1762
2 1 1313 1 1633
2 1 1298 1 1618
2 1 978 1 1618
2 1 978 1 1298
2 1 977 1 1297
2 1 1297 1 1617
2 1 977 1 1617
2 1 963 1 1283
2 1 1282 1 1602
2 1 835 1 1155
2 1 1155 1 1475
2 1 835 1 1475
2 1 1152 1 1472
2 1 993 1 1633
2 1 1729 1 2049
2 1 832 1 1472
2 1 832 1 1152
2 1 894 1 1214
2 1 1020 1 1660
2 1 1785 1 2105
2 1 1467 1 1787
2 1 890 1 1210
2 1 888 1 1528
2 1 1463 1 1783
2 1 1463 1 2103
2 1 1783 1 2103
2 1 885 1 1205
2 1 1206 1 1526
2 1 886 1 1206
2 1 886 1 1526
2 1 881 1 1521
2 1 883 1 1203
2 1 1203 1 1523
2 1 1006 1 1646
2 1 879 1 1199
2 1 1453 1 1773
2 1 875 1 1515
2 1 1003 1 1643
2 1 883 1 1523
2 1 1002 1 1322
2 1 1768 1 2088
2 1 1191 1 1511
2 1 871 1 1511
2 1 871 1 1191
2 1 1446 1 2086
2 1 1446 1 1766
2 1 1766 1 2086
2 1 1189 1 1509
2 1 869 1 1509
2 1 869 1 1189
2 1 868 1 1188
2 1 1188 1 1508
2 1 868 1 1508
2 1 1443 1 2083
2 1 996 1 1316
2 1 1186 1 1506
2 1 866 1 1186
2 1 866 1 1506
2 1 1441 1 2081
2 1 1441 1 1761
2 1 1761 1 2081
2 1 993 1 1313
2 1 1183 1 1503
2 1 1184 1 1504
2 1 864 1 1504
2 1 863 1 1503
2 1 863 1 1183
2 1 991 1 1311
2 1 864 1 1184
2 1 1438 1 1758
2 1 861 1 1181
2 1 1436 1 1756
2 1 1435 1 2075
2 1 1434 1 1754
2 1 1432 1 2072
2 1 1432 1 1752
2 1 1752 1 2072
2 1 1175 1 1495
2 1 855 1 1495
2 1 855 1 1175
2 1 1170 1 1490
2 1 850 1 1490
2 1 850 1 1170
2 1 1169 1 1489
2 1 976 1 1616
2 1 1296 1 1616
2 1 976 1 1296
2 1 847 1 1167
2 1 1294 1 1614
2 1 1168 1 1488
2 1 974 1 1614
2 1 848 1 1488
2 1 974 1 1294
2 1 844 1 1164
2 1 844 1 1484
2 1 848 1 1168
2 1 1164 1 1484
2 1 843 1 1163
2 1 842 1 1482
2 1 842 1 1162
2 1 1162 1 1482
2 1 1417 1 1737
2 1 1417 1 2057
2 1 1737 1 2057
2 1 840 1 1480
2 1 1158 1 1478
2 1 1156 1 1476
2 1 1728 1 2048
2 1 1856 1 2176
2 1 767 1 2047
2 1 766 1 1086
2 1 766 1 2046
2 1 1086 1 2046
2 1 959 1 2239
2 1 765 1 2045
2 1 1085 1 2045
2 1 765 1 1085
2 1 957 1 2237
2 1 1469 1 1789
2 1 764 1 1084
2 1 764 1 2044
2 1 1084 1 2044
2 1 763 1 2043
2 1 956 1 2236
2 1 1916 1 2236
2 1 956 1 1916
2 1 891 1 1211
2 1 1211 1 1531
2 1 891 1 1531
2 1 955 1 2235
2 1 1082 1 2042
2 1 1466 1 2106
2 1 1914 1 2234
2 1 761 1 2041
2 1 1080 1 2040
2 1 953 1 1913
2 1 1912 1 2232
2 1 759 1 2039
2 1 887 1 1207
2 1 1078 1 2038
2 1 1910 1 2230
2 1 757 1 1077
2 1 1461 1 2101
2 1 949 1 1909
2 1 1909 1 2229
2 1 949 1 2229
2 1 1076 1 2036
2 1 756 1 2036
2 1 756 1 1076
2 1 1075 1 2035
2 1 755 1 2035
2 1 755 1 1075
2 1 948 1 1908
2 1 1907 1 2227
2 1 947 1 2227
2 1 947 1 1907
2 1 1074 1 2034
2 1 1906 1 2226
2 1 946 1 1906
2 1 946 1 2226
2 1 1457 1 1777
2 1 945 1 2225
2 1 1905 1 2225
2 1 945 1 1905
2 1 752 1 1072
2 1 752 1 2032
2 1 1072 1 2032
2 1 751 1 1071
2 1 944 1 2224
2 1 944 1 1904
2 1 1904 1 2224
2 1 943 1 2223
2 1 1903 1 2223
2 1 943 1 1903
2 1 1455 1 1775
2 1 750 1 1070
2 1 942 1 1902
2 1 1902 1 2222
2 1 942 1 2222
2 1 1901 1 2221
2 1 941 1 1901
2 1 941 1 2221
2 1 1197 1 1517
2 1 877 1 1197
2 1 877 1 1517
2 1 748 1 1068
2 1 1004 1 1644
2 1 1324 1 1644
2 1 1004 1 1324
2 1 1900 1 2220
2 1 1067 1 2027
2 1 939 1 1899
2 1 1899 1 2219
2 1 939 1 2219
2 1 1451 1 1771
2 1 1001 1 1641
2 1 745 1 2025
2 1 938 1 1898
2 1 938 1 2218
2 1 1898 1 2218
2 1 1000 1 1640
2 1 873 1 1193
2 1 744 1 2024
2 1 872 1 1192
2 1 999 1 1639
2 1 1895 1 2215
2 1 742 1 2022
2 1 934 1 2214
2 1 1894 1 2214
2 1 934 1 1894
2 1 1317 1 1637
2 1 997 1 1637
2 1 997 1 1317
2 1 870 1 1510
2 1 1061 1 2021
2 1 1060 1 2020
2 1 932 1 2212
2 1 932 1 1892
2 1 1892 1 2212
2 1 867 1 1507
2 1 738 1 1058
2 1 737 1 2017
2 1 929 1 2209
2 1 992 1 1632
2 1 865 1 1185
2 1 736 1 1056
2 1 1887 1 2207
2 1 927 1 1887
2 1 927 1 2207
2 1 734 1 2014
2 1 926 1 2206
2 1 862 1 1502
2 1 733 1 1053
2 1 1309 1 1629
2 1 989 1 1629
2 1 989 1 1309
2 1 1437 1 2077
2 1 1885 1 2205
2 1 924 1 1884
2 1 731 1 2011
2 1 1306 1 1626
2 1 859 1 1179
2 1 730 1 2010
2 1 858 1 1498
2 1 1178 1 1498
2 1 858 1 1178
2 1 729 1 1049
2 1 729 1 2009
2 1 1049 1 2009
2 1 1433 1 2073
2 1 1881 1 2201
2 1 1176 1 1496
2 1 1303 1 1623
2 1 1047 1 2007
2 1 920 1 1880
2 1 1879 1 2199
2 1 1431 1 1751
2 1 726 1 2006
2 1 981 1 1301
2 1 1301 1 1621
2 1 981 1 1621
2 1 918 1 2198
2 1 1429 1 2069
2 1 724 1 2004
2 1 1877 1 2197
2 1 1299 1 1619
2 1 979 1 1299
2 1 979 1 1619
2 1 1172 1 1492
2 1 1043 1 2003
2 1 723 1 2003
2 1 723 1 1043
2 1 1874 1 2194
2 1 914 1 1874
2 1 914 1 2194
2 1 1746 1 2066
2 1 721 1 2001
2 1 1041 1 2001
2 1 721 1 1041
2 1 720 1 2000
2 1 720 1 1040
2 1 1040 1 2000
2 1 913 1 2193
2 1 912 1 1872
2 1 912 1 2192
2 1 1872 1 2192
2 1 1039 1 1999
2 1 719 1 1039
2 1 719 1 1999
2 1 1743 1 2063
2 1 911 1 1871
2 1 1038 1 1998
2 1 718 1 1998
2 1 718 1 1038
2 1 910 1 1870
2 1 910 1 2190
2 1 1870 1 2190
2 1 1292 1 1612
2 1 909 1 1869
2 1 716 1 1996
2 1 716 1 1036
2 1 1036 1 1996
2 1 715 1 1035
2 1 907 1 2187
2 1 907 1 1867
2 1 1867 1 2187
2 1 1034 1 1994
2 1 714 1 1994
2 1 714 1 1034
2 1 906 1 1866
2 1 906 1 2186
2 1 1866 1 2186
2 1 1418 1 2058
2 1 1161 1 1481
2 1 712 1 1992
2 1 1032 1 1992
2 1 712 1 1032
2 1 968 1 1288
2 1 1288 1 1608
2 1 968 1 1608
2 1 1864 1 2184
2 1 1415 1 2055
2 1 1030 1 1990
2 1 966 1 1286
2 1 903 1 1863
2 1 709 1 1989
2 1 901 1 1861
2 1 964 1 1604
2 1 708 1 1988
2 1 1028 1 1988
2 1 708 1 1028
2 1 1413 1 2053
2 1 1733 1 2053
2 1 1413 1 1733
2 1 837 1 1477
2 1 1157 1 1477
2 1 837 1 1157
2 1 707 1 1027
2 1 1860 1 2180
2 1 899 1 2179
2 1 1859 1 2179
2 1 899 1 1859
2 1 706 1 1986
2 1 898 1 1858
2 1 898 1 2178
2 1 1858 1 2178
2 1 961 1 1281
2 1 961 1 1601
2 1 1281 1 1601
2 1 1154 1 1474
2 1 834 1 1154
2 1 834 1 1474
2 1 1024 1 1984
2 1 960 1 1280
