564 2240
2 1 1471 1 2111
2 1 1471 1 1791
2 1 1791 1 2111
2 1 1463 1 2103
2 1 1773 1 2093
2 1 1771 1 2091
2 1 1770 1 2090
2 1 1453 1 2093
2 1 1453 1 1773
2 1 1450 1 2090
2 1 1450 1 1770
2 1 1762 1 2082
2 1 1442 1 2082
2 1 1764 1 2084
2 1 1444 1 1764
2 1 1442 1 1762
2 1 1758 1 2078
2 1 1444 1 2084
2 1 1438 1 1758
2 1 1438 1 2078
2 1 1422 1 1742
2 1 1422 1 2062
2 1 1742 1 2062
2 1 1420 1 2060
2 1 1741 1 2061
2 1 1740 1 2060
2 1 1421 1 2061
2 1 1420 1 1740
2 1 1421 1 1741
2 1 1419 1 2059
2 1 1423 1 1743
2 1 1419 1 1739
2 1 1739 1 2059
2 1 1417 1 2057
2 1 1294 1 1614
2 1 974 1 1614
2 1 974 1 1294
2 1 1292 1 1612
2 1 970 1 1610
2 1 1288 1 1608
2 1 1020 1 1660
2 1 1340 1 1660
2 1 1020 1 1340
2 1 1018 1 1658
2 1 1018 1 1338
2 1 1338 1 1658
2 1 1016 1 1656
2 1 1335 1 1655
2 1 1014 1 1654
2 1 1333 1 1653
2 1 1013 1 1333
2 1 1013 1 1653
2 1 1006 1 1326
2 1 1004 1 1644
2 1 1446 1 1766
2 1 1331 1 1651
2 1 1011 1 1651
2 1 990 1 1310
2 1 1011 1 1331
2 1 988 1 1628
2 1 1004 1 1324
2 1 1324 1 1644
2 1 1008 1 1328
2 1 1328 1 1648
2 1 1008 1 1648
2 1 986 1 1626
2 1 1305 1 1625
2 1 1437 1 1757
2 1 985 1 1305
2 1 1435 1 1755
2 1 985 1 1625
2 1 984 1 1624
2 1 983 1 1303
2 1 982 1 1622
2 1 1430 1 1750
2 1 980 1 1300
2 1 980 1 1620
2 1 1300 1 1620
2 1 964 1 1284
2 1 1410 1 2050
2 1 1215 1 1535
2 1 893 1 1213
2 1 1786 1 2106
2 1 1339 1 1659
2 1 889 1 1529
2 1 1206 1 1526
2 1 1208 1 1528
2 1 886 1 1206
2 1 884 1 1524
2 1 886 1 1526
2 1 884 1 1204
2 1 1204 1 1524
2 1 1779 1 2099
2 1 1459 1 1779
2 1 1459 1 2099
2 1 882 1 1202
2 1 882 1 1522
2 1 1202 1 1522
2 1 1201 1 1521
2 1 1456 1 2096
2 1 1009 1 1329
2 1 1199 1 1519
2 1 879 1 1199
2 1 879 1 1519
2 1 1774 1 2094
2 1 1454 1 1774
2 1 1454 1 2094
2 1 877 1 1517
2 1 1452 1 2092
2 1 1194 1 1514
2 1 1195 1 1515
2 1 874 1 1514
2 1 875 1 1195
2 1 875 1 1515
2 1 1002 1 1642
2 1 1447 1 1767
2 1 874 1 1194
2 1 1321 1 1641
2 1 1001 1 1321
2 1 1001 1 1641
2 1 869 1 1189
2 1 1443 1 1763
2 1 1443 1 2083
2 1 1763 1 2083
2 1 866 1 1506
2 1 864 1 1504
2 1 861 1 1501
2 1 1436 1 1756
2 1 1436 1 2076
2 1 1756 1 2076
2 1 859 1 1499
2 1 858 1 1178
2 1 854 1 1174
2 1 853 1 1173
2 1 1428 1 2068
2 1 1428 1 1748
2 1 1748 1 2068
2 1 981 1 1621
2 1 851 1 1491
2 1 1171 1 1491
2 1 851 1 1171
2 1 1426 1 1746
2 1 1746 1 2066
2 1 1426 1 2066
2 1 978 1 1298
2 1 978 1 1618
2 1 1298 1 1618
2 1 1744 1 2064
2 1 1424 1 2064
2 1 1424 1 1744
2 1 1167 1 1487
2 1 847 1 1167
2 1 847 1 1487
2 1 846 1 1166
2 1 845 1 1485
2 1 1163 1 1483
2 1 843 1 1483
2 1 843 1 1163
2 1 1164 1 1484
2 1 1418 1 2058
2 1 1738 1 2058
2 1 1418 1 1738
2 1 844 1 1164
2 1 844 1 1484
2 1 971 1 1291
2 1 841 1 1481
2 1 1734 1 2054
2 1 1414 1 2054
2 1 1414 1 1734
2 1 837 1 1477
2 1 1412 1 2052
2 1 1412 1 1732
2 1 1732 1 2052
2 1 767 1 1087
2 1 1087 1 2047
2 1 767 1 2047
2 1 1343 1 1663
2 1 1023 1 1663
2 1 1023 1 1343
2 1 1341 1 1661
2 1 894 1 1534
2 1 894 1 1214
2 1 1214 1 1534
2 1 958 1 2238
2 1 1085 1 2045
2 1 765 1 2045
2 1 765 1 1085
2 1 1469 1 1789
2 1 1084 1 2044
2 1 764 1 2044
2 1 764 1 1084
2 1 763 1 1083
2 1 1083 1 2043
2 1 763 1 2043
2 1 1916 1 2236
2 1 956 1 1916
2 1 956 1 2236
2 1 1467 1 2107
2 1 762 1 2042
2 1 1210 1 1530
2 1 761 1 1081
2 1 1081 1 2041
2 1 761 1 2041
2 1 954 1 1914
2 1 1913 1 2233
2 1 760 1 1080
2 1 1464 1 1784
2 1 759 1 1079
2 1 952 1 1912
2 1 758 1 2038
2 1 1078 1 2038
2 1 758 1 1078
2 1 951 1 1911
2 1 951 1 2231
2 1 1911 1 2231
2 1 950 1 1910
2 1 1077 1 2037
2 1 949 1 2229
2 1 1909 1 2229
2 1 1076 1 2036
2 1 949 1 1909
2 1 755 1 2035
2 1 947 1 1907
2 1 1010 1 1650
2 1 1203 1 1523
2 1 883 1 1203
2 1 883 1 1523
2 1 1778 1 2098
2 1 1906 1 2226
2 1 753 1 1073
2 1 1073 1 2033
2 1 753 1 2033
2 1 945 1 1905
2 1 1905 1 2225
2 1 945 1 2225
2 1 1904 1 2224
2 1 944 1 1904
2 1 944 1 2224
2 1 880 1 1200
2 1 751 1 1071
2 1 751 1 2031
2 1 1071 1 2031
2 1 1007 1 1327
2 1 1775 1 2095
2 1 1198 1 1518
2 1 942 1 2222
2 1 942 1 1902
2 1 1902 1 2222
2 1 749 1 1069
2 1 1069 1 2029
2 1 749 1 2029
2 1 1901 1 2221
2 1 748 1 2028
2 1 940 1 2220
2 1 1003 1 1643
2 1 1003 1 1323
2 1 1323 1 1643
2 1 876 1 1516
2 1 876 1 1196
2 1 1196 1 1516
2 1 747 1 2027
2 1 747 1 1067
2 1 1067 1 2027
2 1 1066 1 2026
2 1 746 1 1066
2 1 746 1 2026
2 1 1898 1 2218
2 1 938 1 1898
2 1 938 1 2218
2 1 745 1 2025
2 1 1897 1 2217
2 1 937 1 1897
2 1 937 1 2217
2 1 873 1 1513
2 1 744 1 2024
2 1 1000 1 1320
2 1 1000 1 1640
2 1 1320 1 1640
2 1 999 1 1319
2 1 1768 1 2088
2 1 872 1 1192
2 1 743 1 2023
2 1 998 1 1638
2 1 1062 1 2022
2 1 1895 1 2215
2 1 741 1 2021
2 1 1061 1 2021
2 1 741 1 1061
2 1 933 1 1893
2 1 933 1 2213
2 1 1893 1 2213
2 1 740 1 1060
2 1 740 1 2020
2 1 1060 1 2020
2 1 739 1 2019
2 1 1891 1 2211
2 1 931 1 1891
2 1 931 1 2211
2 1 867 1 1507
2 1 1187 1 1507
2 1 867 1 1187
2 1 994 1 1634
2 1 994 1 1314
2 1 1314 1 1634
2 1 1058 1 2018
2 1 1890 1 2210
2 1 737 1 2017
2 1 929 1 2209
2 1 929 1 1889
2 1 1889 1 2209
2 1 992 1 1312
2 1 865 1 1505
2 1 1185 1 1505
2 1 865 1 1185
2 1 1440 1 1760
2 1 1440 1 2080
2 1 1760 1 2080
2 1 1439 1 1759
2 1 734 1 2014
2 1 734 1 1054
2 1 1054 1 2014
2 1 927 1 2207
2 1 1887 1 2207
2 1 927 1 1887
2 1 1053 1 2013
2 1 926 1 1886
2 1 926 1 2206
2 1 1886 1 2206
2 1 1885 1 2205
2 1 925 1 1885
2 1 925 1 2205
2 1 732 1 2012
2 1 1884 1 2204
2 1 924 1 1884
2 1 924 1 2204
2 1 860 1 1180
2 1 987 1 1307
2 1 1883 1 2203
2 1 1050 1 2010
2 1 730 1 1050
2 1 730 1 2010
2 1 1754 1 2074
2 1 1434 1 2074
2 1 1434 1 1754
2 1 922 1 1882
2 1 1882 1 2202
2 1 922 1 2202
2 1 921 1 1881
2 1 921 1 2201
2 1 1881 1 2201
2 1 920 1 2200
2 1 1880 1 2200
2 1 920 1 1880
2 1 1047 1 2007
2 1 727 1 2007
2 1 727 1 1047
2 1 1046 1 2006
2 1 919 1 1879
2 1 918 1 1878
2 1 725 1 1045
2 1 917 1 2197
2 1 1877 1 2197
2 1 917 1 1877
2 1 723 1 1043
2 1 979 1 1299
2 1 1299 1 1619
2 1 979 1 1619
2 1 914 1 1874
2 1 850 1 1170
2 1 977 1 1617
2 1 1873 1 2193
2 1 976 1 1296
2 1 1169 1 1489
2 1 849 1 1169
2 1 849 1 1489
2 1 975 1 1615
2 1 1295 1 1615
2 1 975 1 1295
2 1 848 1 1488
2 1 719 1 1999
2 1 1039 1 1999
2 1 719 1 1039
2 1 718 1 1038
2 1 910 1 1870
2 1 910 1 2190
2 1 1870 1 2190
2 1 1037 1 1997
2 1 909 1 2189
2 1 1036 1 1996
2 1 716 1 1996
2 1 716 1 1036
2 1 908 1 2188
2 1 715 1 1035
2 1 715 1 1995
2 1 1035 1 1995
2 1 907 1 2187
2 1 907 1 1867
2 1 1867 1 2187
2 1 906 1 2186
2 1 906 1 1866
2 1 1866 1 2186
2 1 842 1 1482
2 1 842 1 1162
2 1 1162 1 1482
2 1 1033 1 1993
2 1 969 1 1289
2 1 712 1 1992
2 1 1416 1 1736
2 1 840 1 1480
2 1 1160 1 1480
2 1 840 1 1160
2 1 711 1 1031
2 1 967 1 1287
2 1 967 1 1607
2 1 1287 1 1607
2 1 1735 1 2055
2 1 1415 1 1735
2 1 1415 1 2055
2 1 1158 1 1478
2 1 709 1 1989
2 1 709 1 1029
2 1 1029 1 1989
2 1 1862 1 2182
2 1 902 1 1862
2 1 902 1 2182
2 1 708 1 1988
2 1 707 1 1987
2 1 963 1 1603
2 1 1283 1 1603
2 1 963 1 1283
2 1 836 1 1156
2 1 1155 1 1475
2 1 835 1 1475
2 1 835 1 1155
2 1 1859 1 2179
2 1 1281 1 1601
2 1 705 1 1985
2 1 833 1 1153
2 1 833 1 1473
2 1 1153 1 1473
2 1 1856 1 2176
3 1 620 1 1232 1 1872
3 1 455 1 1328 1 1968
3 1 495 1 984 1 1944
3 1 601 1 1277 1 1917
3 1 415 1 1528 1 1848
3 1 468 1 1917 1 2237
3 1 571 1 831 1 1471
3 1 382 1 711 1 1351
3 1 455 1 1008 1 1968
3 1 330 1 723 1 1363
3 1 495 1 1624 1 1944
3 1 517 1 777 1 2057
3 1 517 1 777 1 1417
3 1 455 1 1648 1 1968
3 1 612 1 904 1 1224
3 1 542 1 738 1 2018
3 1 542 1 802 1 2082
3 1 636 1 1184 1 1504
3 1 542 1 802 1 1762
3 1 382 1 1031 1 1351
3 1 347 1 1380 1 2020
3 1 462 1 1655 1 1975
3 1 330 1 1043 1 1363
3 1 571 1 831 1 2111
3 1 571 1 831 1 1791
3 1 479 1 904 1 2184
3 1 414 1 1463 1 1783
3 1 383 1 1352 1 1992
3 1 435 1 1484 1 1804
3 1 559 1 819 1 2099
3 1 587 1 1263 1 1903
3 1 512 1 772 1 1732
3 1 390 1 1503 1 1823
3 1 345 1 1058 1 1378
3 1 542 1 802 1 1442
3 1 501 1 1310 1 1950
3 1 415 1 1208 1 1848
3 1 553 1 813 1 2093
3 1 454 1 1903 1 2223
3 1 544 1 804 1 2084
3 1 432 1 1417 1 1737
3 1 544 1 804 1 1444
3 1 463 1 1656 1 1976
3 1 636 1 864 1 1184
3 1 553 1 813 1 1773
3 1 462 1 1335 1 1975
3 1 553 1 813 1 1453
3 1 335 1 1304 1 1624
3 1 512 1 772 1 1412
3 1 335 1 984 1 1304
3 1 501 1 990 1 1950
3 1 512 1 772 1 2052
3 1 551 1 811 1 2091
3 1 544 1 804 1 1764
3 1 538 1 798 1 1438
3 1 563 1 823 1 2103
3 1 538 1 798 1 2078
3 1 639 1 1251 1 2211
3 1 563 1 823 1 1463
3 1 538 1 798 1 1758
3 1 414 1 1783 1 2103
3 1 639 1 1251 1 1891
3 1 412 1 1781 1 2101
3 1 561 1 821 1 2101
3 1 560 1 820 1 2100
3 1 639 1 931 1 1251
3 1 432 1 1737 1 2057
3 1 551 1 811 1 1771
3 1 550 1 810 1 2090
3 1 550 1 810 1 1450
3 1 550 1 810 1 1770
3 1 411 1 1780 1 2100
3 1 378 1 1347 1 1987
3 1 378 1 707 1 1347
3 1 576 1 868 1 1188
3 1 581 1 937 1 1257
3 1 581 1 1257 1 2217
3 1 509 1 998 1 1958
3 1 506 1 995 1 1955
3 1 628 1 920 1 1240
3 1 547 1 807 1 1767
3 1 581 1 1257 1 1897
3 1 573 1 769 1 1729
3 1 439 1 1488 1 1808
3 1 516 1 776 1 1416
3 1 389 1 1182 1 1822
3 1 622 1 914 1 1234
3 1 567 1 827 1 2107
3 1 469 1 1342 1 1982
3 1 357 1 1390 1 2030
3 1 481 1 1610 1 1930
3 1 430 1 1159 1 1799
3 1 567 1 827 1 1467
3 1 619 1 1231 1 2191
3 1 461 1 950 1 2230
3 1 441 1 1170 1 1810
3 1 353 1 1002 1 1322
3 1 467 1 1660 1 1980
3 1 488 1 977 1 1937
3 1 377 1 1346 1 1986
3 1 358 1 751 1 1391
3 1 588 1 1264 1 2224
3 1 386 1 1499 1 1819
3 1 526 1 786 1 1746
3 1 320 1 1353 1 1993
3 1 623 1 1235 1 2195
3 1 516 1 776 1 1736
3 1 439 1 848 1 1808
3 1 321 1 970 1 1290
3 1 358 1 1071 1 1391
3 1 337 1 730 1 1370
3 1 514 1 710 1 1990
3 1 561 1 757 1 2037
3 1 363 1 1332 1 1652
3 1 494 1 1303 1 1943
3 1 321 1 714 1 1354
3 1 351 1 744 1 1384
3 1 379 1 708 1 1348
3 1 476 1 1285 1 1925
3 1 332 1 1045 1 1365
3 1 379 1 1348 1 1988
3 1 461 1 1654 1 1974
3 1 467 1 1340 1 1980
