433 2240
2 1 1782 1 2102
2 1 1462 1 2102
2 1 1462 1 1782
2 1 1777 1 2097
2 1 1771 1 2091
2 1 1765 1 2085
2 1 1444 1 2084
2 1 1759 1 2079
2 1 1432 1 2072
2 1 1752 1 2072
2 1 1432 1 1752
2 1 1751 1 2071
2 1 1429 1 1749
2 1 1749 1 2069
2 1 1429 1 2069
2 1 1424 1 1744
2 1 1424 1 2064
2 1 1744 1 2064
2 1 1418 1 2058
2 1 1736 1 2056
2 1 1423 1 1743
2 1 1423 1 2063
2 1 1743 1 2063
2 1 1416 1 1736
2 1 1416 1 2056
2 1 1281 1 1601
2 1 1019 1 1339
2 1 1339 1 1659
2 1 1340 1 1660
2 1 1019 1 1659
2 1 1338 1 1658
2 1 1017 1 1337
2 1 1017 1 1657
2 1 1337 1 1657
2 1 1335 1 1655
2 1 1014 1 1334
2 1 1014 1 1654
2 1 1334 1 1654
2 1 1330 1 1650
2 1 1329 1 1649
2 1 1317 1 1637
2 1 997 1 1317
2 1 997 1 1637
2 1 1443 1 1763
2 1 1442 1 1762
2 1 1441 1 1761
2 1 992 1 1632
2 1 993 1 1313
2 1 1440 1 1760
2 1 991 1 1311
2 1 1311 1 1631
2 1 991 1 1631
2 1 1434 1 1754
2 1 989 1 1629
2 1 1305 1 1625
2 1 1304 1 1624
2 1 1436 1 1756
2 1 984 1 1624
2 1 984 1 1304
2 1 1303 1 1623
2 1 983 1 1303
2 1 983 1 1623
2 1 982 1 1622
2 1 980 1 1620
2 1 980 1 1300
2 1 1300 1 1620
2 1 979 1 1299
2 1 979 1 1619
2 1 981 1 1621
2 1 1299 1 1619
2 1 1427 1 1747
2 1 1282 1 1602
2 1 962 1 1282
2 1 962 1 1602
2 1 1343 1 1663
2 1 893 1 1213
2 1 892 1 1212
2 1 1208 1 1528
2 1 1209 1 1529
2 1 977 1 1297
2 1 1210 1 1530
2 1 1207 1 1527
2 1 1780 1 2100
2 1 885 1 1525
2 1 885 1 1205
2 1 1205 1 1525
2 1 1013 1 1333
2 1 1333 1 1653
2 1 1013 1 1653
2 1 1012 1 1652
2 1 1012 1 1332
2 1 1332 1 1652
2 1 1201 1 1521
2 1 1203 1 1523
2 1 883 1 1203
2 1 880 1 1520
2 1 1202 1 1522
2 1 1455 1 2095
2 1 1301 1 1621
2 1 1008 1 1328
2 1 1008 1 1648
2 1 1328 1 1648
2 1 883 1 1523
2 1 1774 1 2094
2 1 1327 1 1647
2 1 1007 1 1327
2 1 1007 1 1647
2 1 1450 1 1770
2 1 1770 1 2090
2 1 1450 1 2090
2 1 1449 1 2089
2 1 1002 1 1322
2 1 1448 1 2088
2 1 1447 1 2087
2 1 1447 1 1767
2 1 1767 1 2087
2 1 1768 1 2088
2 1 870 1 1510
2 1 868 1 1508
2 1 868 1 1188
2 1 1188 1 1508
2 1 867 1 1507
2 1 866 1 1186
2 1 863 1 1183
2 1 862 1 1502
2 1 1181 1 1501
2 1 1180 1 1500
2 1 988 1 1308
2 1 1435 1 1755
2 1 858 1 1178
2 1 855 1 1495
2 1 855 1 1175
2 1 1175 1 1495
2 1 854 1 1494
2 1 1174 1 1494
2 1 854 1 1174
2 1 981 1 1301
2 1 853 1 1173
2 1 852 1 1492
2 1 1172 1 1492
2 1 852 1 1172
2 1 850 1 1170
2 1 1425 1 2065
2 1 1425 1 1745
2 1 1745 1 2065
2 1 978 1 1298
2 1 1298 1 1618
2 1 978 1 1618
2 1 848 1 1488
2 1 1168 1 1488
2 1 848 1 1168
2 1 847 1 1487
2 1 1167 1 1487
2 1 847 1 1167
2 1 1742 1 2062
2 1 1422 1 2062
2 1 1422 1 1742
2 1 975 1 1615
2 1 1295 1 1615
2 1 975 1 1295
2 1 1741 1 2061
2 1 1420 1 2060
2 1 1739 1 2059
2 1 1419 1 1739
2 1 1419 1 2059
2 1 842 1 1482
2 1 1162 1 1482
2 1 842 1 1162
2 1 841 1 1481
2 1 841 1 1161
2 1 1161 1 1481
2 1 1288 1 1608
2 1 1414 1 2054
2 1 967 1 1287
2 1 1728 1 2048
2 1 767 1 2047
2 1 1215 1 1535
2 1 959 1 2239
2 1 1341 1 1661
2 1 765 1 1085
2 1 1085 1 2045
2 1 765 1 2045
2 1 1917 1 2237
2 1 764 1 1084
2 1 764 1 2044
2 1 1084 1 2044
2 1 956 1 1916
2 1 1083 1 2043
2 1 763 1 1083
2 1 763 1 2043
2 1 1467 1 2107
2 1 1787 1 2107
2 1 1467 1 1787
2 1 1082 1 2042
2 1 955 1 1915
2 1 761 1 2041
2 1 1081 1 2041
2 1 761 1 1081
2 1 954 1 1914
2 1 1914 1 2234
2 1 954 1 2234
2 1 1785 1 2105
2 1 760 1 2040
2 1 1080 1 2040
2 1 760 1 1080
2 1 1784 1 2104
2 1 759 1 2039
2 1 1079 1 2039
2 1 759 1 1079
2 1 952 1 2232
2 1 1783 1 2103
2 1 1463 1 2103
2 1 1463 1 1783
2 1 758 1 1078
2 1 1911 1 2231
2 1 951 1 1911
2 1 951 1 2231
2 1 757 1 1077
2 1 1910 1 2230
2 1 950 1 2230
2 1 950 1 1910
2 1 949 1 1909
2 1 1909 1 2229
2 1 949 1 2229
2 1 756 1 2036
2 1 1011 1 1651
2 1 1204 1 1524
2 1 1075 1 2035
2 1 755 1 1075
2 1 755 1 2035
2 1 948 1 1908
2 1 1779 1 2099
2 1 1907 1 2227
2 1 754 1 1074
2 1 754 1 2034
2 1 1074 1 2034
2 1 1778 1 2098
2 1 753 1 1073
2 1 946 1 2226
2 1 945 1 2225
2 1 1905 1 2225
2 1 945 1 1905
2 1 752 1 1072
2 1 1072 1 2032
2 1 752 1 2032
2 1 1904 1 2224
2 1 944 1 2224
2 1 944 1 1904
2 1 943 1 2223
2 1 1903 1 2223
2 1 943 1 1903
2 1 879 1 1199
2 1 750 1 2030
2 1 1006 1 1326
2 1 878 1 1518
2 1 1005 1 1645
2 1 749 1 2029
2 1 1901 1 2221
2 1 1004 1 1644
2 1 1324 1 1644
2 1 1004 1 1324
2 1 1453 1 2093
2 1 1197 1 1517
2 1 877 1 1197
2 1 877 1 1517
2 1 1772 1 2092
2 1 1196 1 1516
2 1 747 1 2027
2 1 1067 1 2027
2 1 747 1 1067
2 1 746 1 2026
2 1 1899 1 2219
2 1 938 1 2218
2 1 874 1 1514
2 1 1001 1 1321
2 1 1193 1 1513
2 1 873 1 1193
2 1 873 1 1513
2 1 744 1 2024
2 1 1448 1 1768
2 1 999 1 1639
2 1 872 1 1512
2 1 872 1 1192
2 1 1192 1 1512
2 1 1895 1 2215
2 1 1318 1 1638
2 1 998 1 1638
2 1 998 1 1318
2 1 871 1 1511
2 1 742 1 2022
2 1 1062 1 2022
2 1 742 1 1062
2 1 1894 1 2214
2 1 1061 1 2021
2 1 741 1 1061
2 1 741 1 2021
2 1 1060 1 2020
2 1 933 1 2213
2 1 932 1 1892
2 1 932 1 2212
2 1 1892 1 2212
2 1 1059 1 2019
2 1 931 1 1891
2 1 738 1 1058
2 1 1058 1 2018
2 1 738 1 2018
2 1 930 1 2210
2 1 930 1 1890
2 1 1890 1 2210
2 1 737 1 1057
2 1 929 1 2209
2 1 929 1 1889
2 1 1889 1 2209
2 1 1056 1 2016
2 1 928 1 2208
2 1 927 1 2207
2 1 927 1 1887
2 1 1887 1 2207
2 1 1054 1 2014
2 1 926 1 2206
2 1 1886 1 2206
2 1 926 1 1886
2 1 1438 1 1758
2 1 1758 1 2078
2 1 1438 1 2078
2 1 733 1 1053
2 1 1437 1 2077
2 1 925 1 2205
2 1 925 1 1885
2 1 1885 1 2205
2 1 924 1 1884
2 1 923 1 2203
2 1 923 1 1883
2 1 1883 1 2203
2 1 859 1 1179
2 1 986 1 1306
2 1 986 1 1626
2 1 1306 1 1626
2 1 1050 1 2010
2 1 1882 1 2202
2 1 921 1 1881
2 1 921 1 2201
2 1 1881 1 2201
2 1 1433 1 1753
2 1 728 1 1048
2 1 1880 1 2200
2 1 920 1 2200
2 1 920 1 1880
2 1 1879 1 2199
2 1 919 1 2199
2 1 919 1 1879
2 1 1046 1 2006
2 1 726 1 1046
2 1 726 1 2006
2 1 918 1 1878
2 1 918 1 2198
2 1 1878 1 2198
2 1 1045 1 2005
2 1 725 1 1045
2 1 725 1 2005
2 1 917 1 2197
2 1 724 1 1044
2 1 1876 1 2196
2 1 916 1 2196
2 1 916 1 1876
2 1 1428 1 1748
2 1 723 1 1043
2 1 915 1 2195
2 1 1874 1 2194
2 1 914 1 2194
2 1 914 1 1874
2 1 976 1 1616
2 1 849 1 1489
2 1 720 1 1040
2 1 719 1 1039
2 1 911 1 2191
2 1 718 1 1998
2 1 1870 1 2190
2 1 910 1 2190
2 1 910 1 1870
2 1 846 1 1486
2 1 1166 1 1486
2 1 846 1 1166
2 1 973 1 1613
2 1 1293 1 1613
2 1 973 1 1293
2 1 845 1 1485
2 1 971 1 1291
2 1 1164 1 1484
2 1 844 1 1164
2 1 844 1 1484
2 1 1163 1 1483
2 1 843 1 1163
2 1 843 1 1483
2 1 1866 1 2186
2 1 713 1 1033
2 1 1033 1 1993
2 1 713 1 1993
2 1 1417 1 1737
2 1 905 1 1865
2 1 712 1 1992
2 1 712 1 1032
2 1 1032 1 1992
2 1 711 1 1991
2 1 904 1 2184
2 1 1415 1 2055
2 1 839 1 1479
2 1 839 1 1159
2 1 1159 1 1479
2 1 903 1 2183
2 1 1158 1 1478
2 1 1733 1 2053
2 1 1413 1 2053
2 1 1413 1 1733
2 1 1157 1 1477
2 1 837 1 1157
2 1 837 1 1477
2 1 963 1 1283
2 1 963 1 1603
2 1 1283 1 1603
2 1 1027 1 1987
2 1 707 1 1027
2 1 707 1 1987
2 1 1412 1 1732
2 1 1156 1 1476
2 1 1026 1 1986
2 1 706 1 1026
2 1 706 1 1986
2 1 898 1 1858
2 1 1280 1 1600
2 1 704 1 1024
2 1 704 1 1984
2 1 1024 1 1984
