423 2240
2 1 1785 1 2105
2 1 1454 1 2094
2 1 1782 1 2102
2 1 1462 1 2102
2 1 1462 1 1782
2 1 1779 1 2099
2 1 1459 1 2099
2 1 1454 1 1774
2 1 1459 1 1779
2 1 1774 1 2094
2 1 1444 1 2084
2 1 1762 1 2082
2 1 1442 1 2082
2 1 1442 1 1762
2 1 1761 1 2081
2 1 1777 1 2097
2 1 1756 1 2076
2 1 1433 1 2073
2 1 1457 1 2097
2 1 1433 1 1753
2 1 1434 1 2074
2 1 1457 1 1777
2 1 1754 1 2074
2 1 1434 1 1754
2 1 1753 1 2073
2 1 1432 1 2072
2 1 1741 1 2061
2 1 1739 1 2059
2 1 1293 1 1613
2 1 1294 1 1614
2 1 1292 1 1612
2 1 1291 1 1611
2 1 1290 1 1610
2 1 968 1 1288
2 1 1286 1 1606
2 1 1284 1 1604
2 1 1283 1 1603
2 1 1281 1 1601
2 1 1022 1 1662
2 1 1340 1 1660
2 1 1338 1 1658
2 1 1020 1 1660
2 1 1018 1 1658
2 1 1018 1 1338
2 1 1335 1 1655
2 1 1330 1 1650
2 1 1008 1 1648
2 1 1328 1 1648
2 1 1009 1 1329
2 1 1008 1 1328
2 1 1452 1 1772
2 1 1006 1 1326
2 1 1020 1 1340
2 1 1326 1 1646
2 1 1006 1 1646
2 1 1447 1 1767
2 1 999 1 1319
2 1 999 1 1639
2 1 1319 1 1639
2 1 1318 1 1638
2 1 998 1 1318
2 1 998 1 1638
2 1 997 1 1317
2 1 992 1 1632
2 1 989 1 1629
2 1 989 1 1309
2 1 1309 1 1629
2 1 1308 1 1628
2 1 988 1 1308
2 1 988 1 1628
2 1 987 1 1627
2 1 1307 1 1627
2 1 987 1 1307
2 1 1435 1 1755
2 1 1306 1 1626
2 1 1298 1 1618
2 1 978 1 1298
2 1 978 1 1618
2 1 1152 1 1472
2 1 1282 1 1602
2 1 976 1 1616
2 1 1154 1 1474
2 1 1296 1 1616
2 1 834 1 1154
2 1 834 1 1474
2 1 962 1 1282
2 1 962 1 1602
2 1 1213 1 1533
2 1 1211 1 1531
2 1 1786 1 2106
2 1 1023 1 1343
2 1 1343 1 1663
2 1 1023 1 1663
2 1 889 1 1529
2 1 888 1 1528
2 1 888 1 1208
2 1 1208 1 1528
2 1 1016 1 1656
2 1 1336 1 1656
2 1 1016 1 1336
2 1 886 1 1206
2 1 1206 1 1526
2 1 886 1 1526
2 1 971 1 1611
2 1 971 1 1291
2 1 1205 1 1525
2 1 885 1 1525
2 1 885 1 1205
2 1 1021 1 1341
2 1 1333 1 1653
2 1 1203 1 1523
2 1 882 1 1522
2 1 1201 1 1521
2 1 880 1 1520
2 1 1200 1 1520
2 1 880 1 1200
2 1 1199 1 1519
2 1 877 1 1517
2 1 1324 1 1644
2 1 1198 1 1518
2 1 1004 1 1644
2 1 1004 1 1324
2 1 976 1 1296
2 1 1323 1 1643
2 1 1193 1 1513
2 1 872 1 1192
2 1 1189 1 1509
2 1 996 1 1636
2 1 1186 1 1506
2 1 865 1 1505
2 1 1760 1 2080
2 1 1440 1 1760
2 1 1440 1 2080
2 1 993 1 1633
2 1 863 1 1183
2 1 1183 1 1503
2 1 863 1 1503
2 1 862 1 1502
2 1 1182 1 1502
2 1 862 1 1182
2 1 1181 1 1501
2 1 860 1 1180
2 1 859 1 1499
2 1 858 1 1178
2 1 1177 1 1497
2 1 857 1 1177
2 1 857 1 1497
2 1 856 1 1496
2 1 1176 1 1496
2 1 856 1 1176
2 1 1751 1 2071
2 1 1430 1 1750
2 1 853 1 1173
2 1 1171 1 1491
2 1 1169 1 1489
2 1 1424 1 1744
2 1 1744 1 2064
2 1 1424 1 2064
2 1 847 1 1487
2 1 1167 1 1487
2 1 847 1 1167
2 1 845 1 1165
2 1 845 1 1485
2 1 1165 1 1485
2 1 844 1 1164
2 1 844 1 1484
2 1 1164 1 1484
2 1 842 1 1482
2 1 1162 1 1482
2 1 842 1 1162
2 1 1161 1 1481
2 1 1289 1 1609
2 1 1159 1 1479
2 1 1414 1 2054
2 1 1414 1 1734
2 1 1734 1 2054
2 1 837 1 1157
2 1 837 1 1477
2 1 1157 1 1477
2 1 1156 1 1476
2 1 1087 1 2047
2 1 767 1 2047
2 1 767 1 1087
2 1 766 1 1086
2 1 959 1 1919
2 1 1790 1 2110
2 1 765 1 1085
2 1 957 1 2237
2 1 957 1 1917
2 1 1917 1 2237
2 1 1468 1 1788
2 1 1788 1 2108
2 1 1468 1 2108
2 1 892 1 1532
2 1 1019 1 1659
2 1 1339 1 1659
2 1 1019 1 1339
2 1 763 1 1083
2 1 1787 1 2107
2 1 1210 1 1530
2 1 761 1 2041
2 1 1081 1 2041
2 1 761 1 1081
2 1 1914 1 2234
2 1 954 1 2234
2 1 954 1 1914
2 1 760 1 1080
2 1 760 1 2040
2 1 1080 1 2040
2 1 952 1 2232
2 1 1912 1 2232
2 1 952 1 1912
2 1 759 1 2039
2 1 1911 1 2231
2 1 951 1 1911
2 1 951 1 2231
2 1 1014 1 1654
2 1 758 1 1078
2 1 1077 1 2037
2 1 1909 1 2229
2 1 949 1 2229
2 1 949 1 1909
2 1 756 1 2036
2 1 948 1 2228
2 1 1011 1 1331
2 1 1780 1 2100
2 1 884 1 1204
2 1 1075 1 2035
2 1 755 1 2035
2 1 755 1 1075
2 1 1074 1 2034
2 1 1907 1 2227
2 1 1458 1 2098
2 1 946 1 2226
2 1 1073 1 2033
2 1 753 1 1073
2 1 753 1 2033
2 1 1072 1 2032
2 1 1456 1 1776
2 1 1776 1 2096
2 1 1456 1 2096
2 1 944 1 1904
2 1 1904 1 2224
2 1 944 1 2224
2 1 751 1 1071
2 1 751 1 2031
2 1 1071 1 2031
2 1 1455 1 1775
2 1 1455 1 2095
2 1 1775 1 2095
2 1 750 1 1070
2 1 1070 1 2030
2 1 750 1 2030
2 1 943 1 2223
2 1 749 1 1069
2 1 942 1 2222
2 1 942 1 1902
2 1 1902 1 2222
2 1 941 1 1901
2 1 941 1 2221
2 1 1901 1 2221
2 1 1773 1 2093
2 1 748 1 1068
2 1 940 1 2220
2 1 1900 1 2220
2 1 940 1 1900
2 1 939 1 2219
2 1 1899 1 2219
2 1 939 1 1899
2 1 1001 1 1641
2 1 1770 1 2090
2 1 1450 1 1770
2 1 1450 1 2090
2 1 874 1 1194
2 1 745 1 1065
2 1 744 1 1064
2 1 1064 1 2024
2 1 744 1 2024
2 1 1897 1 2217
2 1 1768 1 2088
2 1 1896 1 2216
2 1 936 1 2216
2 1 936 1 1896
2 1 743 1 1063
2 1 1062 1 2022
2 1 935 1 2215
2 1 935 1 1895
2 1 1895 1 2215
2 1 1766 1 2086
2 1 934 1 1894
2 1 1894 1 2214
2 1 934 1 2214
2 1 1061 1 2021
2 1 1445 1 1765
2 1 1893 1 2213
2 1 933 1 1893
2 1 933 1 2213
2 1 739 1 2019
2 1 932 1 2212
2 1 1892 1 2212
2 1 932 1 1892
2 1 931 1 1891
2 1 1314 1 1634
2 1 994 1 1634
2 1 994 1 1314
2 1 1763 1 2083
2 1 867 1 1507
2 1 738 1 1058
2 1 737 1 1057
2 1 1890 1 2210
2 1 929 1 2209
2 1 928 1 2208
2 1 1311 1 1631
2 1 991 1 1311
2 1 991 1 1631
2 1 864 1 1184
2 1 864 1 1504
2 1 1184 1 1504
2 1 734 1 1054
2 1 1054 1 2014
2 1 734 1 2014
2 1 1758 1 2078
2 1 925 1 2205
2 1 924 1 1884
2 1 731 1 2011
2 1 1051 1 2011
2 1 731 1 1051
2 1 923 1 2203
2 1 922 1 2202
2 1 922 1 1882
2 1 1882 1 2202
2 1 729 1 1049
2 1 921 1 1881
2 1 921 1 2201
2 1 1881 1 2201
2 1 728 1 1048
2 1 920 1 2200
2 1 1302 1 1622
2 1 1175 1 1495
2 1 855 1 1175
2 1 855 1 1495
2 1 919 1 1879
2 1 854 1 1494
2 1 1045 1 2005
2 1 725 1 2005
2 1 725 1 1045
2 1 981 1 1621
2 1 1301 1 1621
2 1 981 1 1301
2 1 1429 1 2069
2 1 1748 1 2068
2 1 1428 1 1748
2 1 1428 1 2068
2 1 1172 1 1492
2 1 723 1 1043
2 1 979 1 1619
2 1 1427 1 2067
2 1 722 1 2002
2 1 1746 1 2066
2 1 1426 1 2066
2 1 1426 1 1746
2 1 1170 1 1490
2 1 1041 1 2001
2 1 721 1 2001
2 1 721 1 1041
2 1 914 1 1874
2 1 1425 1 1745
2 1 720 1 2000
2 1 1295 1 1615
2 1 1039 1 1999
2 1 912 1 2192
2 1 1423 1 1743
2 1 1871 1 2191
2 1 718 1 1998
2 1 1038 1 1998
2 1 718 1 1038
2 1 717 1 1037
2 1 1037 1 1997
2 1 717 1 1997
2 1 910 1 2190
2 1 716 1 1036
2 1 908 1 2188
2 1 1035 1 1995
2 1 715 1 1995
2 1 715 1 1035
2 1 714 1 1034
2 1 907 1 2187
2 1 1738 1 2058
2 1 906 1 2186
2 1 1033 1 1993
2 1 713 1 1033
2 1 713 1 1993
2 1 1865 1 2185
2 1 905 1 2185
2 1 905 1 1865
2 1 711 1 1031
2 1 1415 1 2055
2 1 710 1 1990
2 1 1158 1 1478
2 1 709 1 1029
2 1 902 1 1862
2 1 1733 1 2053
2 1 1861 1 2181
2 1 708 1 1028
2 1 708 1 1988
2 1 1028 1 1988
2 1 1412 1 1732
2 1 1732 1 2052
2 1 1412 1 2052
2 1 707 1 1027
2 1 707 1 1987
2 1 1027 1 1987
2 1 900 1 2180
2 1 900 1 1860
2 1 1860 1 2180
2 1 706 1 1026
2 1 899 1 1859
2 1 899 1 2179
2 1 1859 1 2179
2 1 898 1 1858
2 1 1729 1 2049
2 1 704 1 1024
2 1 897 1 1857
