417 2240
2 1 1469 1 2109
2 1 1457 1 2097
2 1 1453 1 2093
2 1 1453 1 1773
2 1 1773 1 2093
2 1 1447 1 1767
2 1 1767 1 2087
2 1 1447 1 2087
2 1 1456 1 2096
2 1 1456 1 1776
2 1 1776 1 2096
2 1 1758 1 2078
2 1 1436 1 2076
2 1 1434 1 1754
2 1 1754 1 2074
2 1 1434 1 2074
2 1 1750 1 2070
2 1 1424 1 2064
2 1 1433 1 2073
2 1 1744 1 2064
2 1 1424 1 1744
2 1 1417 1 2057
2 1 1737 1 2057
2 1 1417 1 1737
2 1 1736 1 2056
2 1 1413 1 2053
2 1 1412 1 2052
2 1 1732 1 2052
2 1 1412 1 1732
2 1 975 1 1295
2 1 973 1 1293
2 1 1734 1 2054
2 1 1414 1 1734
2 1 1414 1 2054
2 1 1293 1 1613
2 1 973 1 1613
2 1 971 1 1291
2 1 1418 1 1738
2 1 1289 1 1609
2 1 969 1 1609
2 1 969 1 1289
2 1 1020 1 1660
2 1 1340 1 1660
2 1 1287 1 1607
2 1 967 1 1607
2 1 1020 1 1340
2 1 967 1 1287
2 1 1339 1 1659
2 1 1017 1 1657
2 1 1010 1 1330
2 1 1330 1 1650
2 1 1010 1 1650
2 1 1328 1 1648
2 1 1003 1 1643
2 1 1321 1 1641
2 1 998 1 1638
2 1 1323 1 1643
2 1 990 1 1630
2 1 1003 1 1323
2 1 989 1 1309
2 1 1440 1 1760
2 1 986 1 1626
2 1 986 1 1306
2 1 1306 1 1626
2 1 985 1 1305
2 1 985 1 1625
2 1 1305 1 1625
2 1 1303 1 1623
2 1 1431 1 1751
2 1 984 1 1624
2 1 1429 1 1749
2 1 982 1 1302
2 1 1427 1 1747
2 1 977 1 1297
2 1 1297 1 1617
2 1 977 1 1617
2 1 1284 1 1604
2 1 1730 1 2050
2 1 1410 1 1730
2 1 1410 1 2050
2 1 833 1 1153
2 1 1153 1 1473
2 1 833 1 1473
2 1 892 1 1532
2 1 1211 1 1531
2 1 1018 1 1658
2 1 1335 1 1655
2 1 1015 1 1655
2 1 1015 1 1335
2 1 1781 1 2101
2 1 884 1 1204
2 1 1204 1 1524
2 1 884 1 1524
2 1 1203 1 1523
2 1 883 1 1523
2 1 883 1 1203
2 1 1331 1 1651
2 1 1011 1 1331
2 1 1011 1 1651
2 1 1201 1 1521
2 1 881 1 1521
2 1 881 1 1201
2 1 880 1 1520
2 1 1199 1 1519
2 1 879 1 1199
2 1 879 1 1519
2 1 877 1 1517
2 1 1774 1 2094
2 1 1197 1 1517
2 1 877 1 1197
2 1 1454 1 2094
2 1 1454 1 1774
2 1 876 1 1196
2 1 1196 1 1516
2 1 876 1 1516
2 1 1004 1 1644
2 1 1324 1 1644
2 1 1194 1 1514
2 1 1191 1 1511
2 1 999 1 1319
2 1 999 1 1639
2 1 1319 1 1639
2 1 1004 1 1324
2 1 1446 1 1766
2 1 869 1 1189
2 1 1763 1 2083
2 1 1316 1 1636
2 1 1761 1 2081
2 1 864 1 1184
2 1 1184 1 1504
2 1 864 1 1504
2 1 1181 1 1501
2 1 861 1 1501
2 1 861 1 1181
2 1 1180 1 1500
2 1 859 1 1499
2 1 1178 1 1498
2 1 856 1 1496
2 1 855 1 1175
2 1 1177 1 1497
2 1 853 1 1493
2 1 857 1 1497
2 1 857 1 1177
2 1 981 1 1621
2 1 850 1 1170
2 1 1425 1 2065
2 1 1745 1 2065
2 1 1425 1 1745
2 1 1168 1 1488
2 1 848 1 1488
2 1 848 1 1168
2 1 847 1 1167
2 1 847 1 1487
2 1 1167 1 1487
2 1 1166 1 1486
2 1 1421 1 2061
2 1 1741 1 2061
2 1 1421 1 1741
2 1 1294 1 1614
2 1 974 1 1614
2 1 974 1 1294
2 1 844 1 1484
2 1 1164 1 1484
2 1 844 1 1164
2 1 842 1 1162
2 1 841 1 1161
2 1 840 1 1480
2 1 839 1 1479
2 1 1159 1 1479
2 1 839 1 1159
2 1 838 1 1158
2 1 837 1 1477
2 1 837 1 1157
2 1 1157 1 1477
2 1 836 1 1156
2 1 836 1 1476
2 1 1156 1 1476
2 1 1408 1 1728
2 1 767 1 2047
2 1 1471 1 2111
2 1 1791 1 2111
2 1 1471 1 1791
2 1 766 1 2046
2 1 1021 1 1661
2 1 1214 1 1534
2 1 765 1 1085
2 1 1918 1 2238
2 1 1788 1 2108
2 1 956 1 1916
2 1 763 1 2043
2 1 1083 1 2043
2 1 763 1 1083
2 1 762 1 1082
2 1 762 1 2042
2 1 1082 1 2042
2 1 955 1 2235
2 1 954 1 1914
2 1 1209 1 1529
2 1 1336 1 1656
2 1 760 1 1080
2 1 1080 1 2040
2 1 760 1 2040
2 1 953 1 1913
2 1 951 1 2231
2 1 887 1 1207
2 1 1334 1 1654
2 1 1014 1 1654
2 1 1014 1 1334
2 1 1013 1 1653
2 1 1462 1 1782
2 1 886 1 1206
2 1 1332 1 1652
2 1 1076 1 2036
2 1 756 1 2036
2 1 756 1 1076
2 1 755 1 1075
2 1 947 1 1907
2 1 1779 1 2099
2 1 754 1 2034
2 1 1073 1 2033
2 1 946 1 1906
2 1 1906 1 2226
2 1 946 1 2226
2 1 1072 1 2032
2 1 752 1 2032
2 1 752 1 1072
2 1 751 1 2031
2 1 1071 1 2031
2 1 751 1 1071
2 1 943 1 1903
2 1 1903 1 2223
2 1 943 1 2223
2 1 750 1 2030
2 1 1198 1 1518
2 1 749 1 1069
2 1 1069 1 2029
2 1 749 1 2029
2 1 942 1 1902
2 1 1901 1 2221
2 1 748 1 1068
2 1 1068 1 2028
2 1 748 1 2028
2 1 940 1 2220
2 1 940 1 1900
2 1 1900 1 2220
2 1 1772 1 2092
2 1 1451 1 2091
2 1 1771 1 2091
2 1 1451 1 1771
2 1 746 1 1066
2 1 939 1 2219
2 1 1450 1 2090
2 1 1770 1 2090
2 1 1450 1 1770
2 1 1898 1 2218
2 1 744 1 1064
2 1 1064 1 2024
2 1 744 1 2024
2 1 937 1 2217
2 1 1768 1 2088
2 1 742 1 2022
2 1 743 1 1063
2 1 935 1 2215
2 1 934 1 2214
2 1 934 1 1894
2 1 1894 1 2214
2 1 870 1 1190
2 1 1190 1 1510
2 1 870 1 1510
2 1 997 1 1317
2 1 997 1 1637
2 1 1317 1 1637
2 1 1061 1 2021
2 1 741 1 1061
2 1 741 1 2021
2 1 1765 1 2085
2 1 1893 1 2213
2 1 1188 1 1508
2 1 995 1 1635
2 1 995 1 1315
2 1 1315 1 1635
2 1 739 1 2019
2 1 932 1 2212
2 1 1892 1 2212
2 1 932 1 1892
2 1 1187 1 1507
2 1 1314 1 1634
2 1 1890 1 2210
2 1 993 1 1633
2 1 1313 1 1633
2 1 993 1 1313
2 1 866 1 1506
2 1 737 1 2017
2 1 1889 1 2209
2 1 1056 1 2016
2 1 736 1 2016
2 1 736 1 1056
2 1 1888 1 2208
2 1 735 1 1055
2 1 735 1 2015
2 1 1055 1 2015
2 1 1439 1 2079
2 1 927 1 2207
2 1 1887 1 2207
2 1 927 1 1887
2 1 734 1 1054
2 1 1054 1 2014
2 1 734 1 2014
2 1 1053 1 2013
2 1 733 1 2013
2 1 733 1 1053
2 1 1757 1 2077
2 1 925 1 2205
2 1 925 1 1885
2 1 1885 1 2205
2 1 732 1 2012
2 1 732 1 1052
2 1 1052 1 2012
2 1 924 1 2204
2 1 1884 1 2204
2 1 924 1 1884
2 1 1435 1 1755
2 1 1435 1 2075
2 1 1755 1 2075
2 1 1050 1 2010
2 1 729 1 1049
2 1 1882 1 2202
2 1 922 1 1882
2 1 922 1 2202
2 1 921 1 1881
2 1 1881 1 2201
2 1 921 1 2201
2 1 920 1 1880
2 1 919 1 1879
2 1 726 1 1046
2 1 918 1 1878
2 1 918 1 2198
2 1 1878 1 2198
2 1 725 1 1045
2 1 1045 1 2005
2 1 725 1 2005
2 1 917 1 2197
2 1 1877 1 2197
2 1 917 1 1877
2 1 916 1 2196
2 1 916 1 1876
2 1 1876 1 2196
2 1 852 1 1172
2 1 723 1 1043
2 1 722 1 1042
2 1 1426 1 1746
2 1 1746 1 2066
2 1 1426 1 2066
2 1 1874 1 2194
2 1 914 1 1874
2 1 914 1 2194
2 1 976 1 1616
2 1 1169 1 1489
2 1 720 1 1040
2 1 1040 1 2000
2 1 720 1 2000
2 1 1873 1 2193
2 1 913 1 2193
2 1 913 1 1873
2 1 1872 1 2192
2 1 1039 1 1999
2 1 911 1 2191
2 1 1423 1 1743
2 1 1423 1 2063
2 1 1743 1 2063
2 1 717 1 1997
2 1 910 1 1870
2 1 1870 1 2190
2 1 910 1 2190
2 1 1292 1 1612
2 1 972 1 1612
2 1 972 1 1292
2 1 1036 1 1996
2 1 970 1 1610
2 1 843 1 1163
2 1 714 1 1034
2 1 1034 1 1994
2 1 714 1 1994
2 1 1033 1 1993
2 1 713 1 1033
2 1 713 1 1993
2 1 905 1 2185
2 1 905 1 1865
2 1 1865 1 2185
2 1 1032 1 1992
2 1 712 1 1992
2 1 712 1 1032
2 1 904 1 2184
2 1 711 1 1031
2 1 903 1 2183
2 1 1030 1 1990
2 1 709 1 1029
2 1 1029 1 1989
2 1 709 1 1989
2 1 901 1 2181
2 1 708 1 1028
2 1 900 1 1860
2 1 1859 1 2179
2 1 899 1 2179
2 1 899 1 1859
2 1 1411 1 1731
2 1 835 1 1475
2 1 962 1 1282
2 1 962 1 1602
2 1 1282 1 1602
2 1 1409 1 1729
2 1 1729 1 2049
2 1 1409 1 2049
2 1 1857 1 2177
2 1 896 1 1856
2 1 896 1 2176
2 1 1856 1 2176
