444 2240
2 1 1464 1 2104
2 1 1782 1 2102
2 1 1780 1 2100
2 1 1459 1 2099
2 1 1779 1 2099
2 1 1459 1 1779
2 1 1778 1 2098
2 1 1760 1 2080
2 1 1440 1 1760
2 1 1440 1 2080
2 1 1439 1 1759
2 1 1439 1 2079
2 1 1759 1 2079
2 1 1436 1 2076
2 1 1438 1 2078
2 1 1758 1 2078
2 1 1756 1 2076
2 1 1436 1 1756
2 1 1755 1 2075
2 1 1428 1 1748
2 1 1438 1 1758
2 1 1428 1 2068
2 1 1748 1 2068
2 1 1421 1 1741
2 1 1421 1 2061
2 1 1741 1 2061
2 1 1740 1 2060
2 1 1420 1 2060
2 1 1419 1 1739
2 1 1420 1 1740
2 1 1739 1 2059
2 1 1419 1 2059
2 1 1417 1 2057
2 1 1737 1 2057
2 1 1417 1 1737
2 1 1416 1 1736
2 1 1736 1 2056
2 1 1416 1 2056
2 1 1733 1 2053
2 1 1413 1 2053
2 1 1413 1 1733
2 1 971 1 1611
2 1 970 1 1290
2 1 1418 1 1738
2 1 1414 1 1734
2 1 1471 1 1791
2 1 1017 1 1657
2 1 1017 1 1337
2 1 1337 1 1657
2 1 1015 1 1655
2 1 1333 1 1653
2 1 1331 1 1651
2 1 1327 1 1647
2 1 993 1 1313
2 1 995 1 1635
2 1 992 1 1312
2 1 989 1 1309
2 1 988 1 1628
2 1 988 1 1308
2 1 1308 1 1628
2 1 987 1 1627
2 1 1432 1 1752
2 1 1303 1 1623
2 1 983 1 1623
2 1 983 1 1303
2 1 1431 1 1751
2 1 984 1 1304
2 1 1301 1 1621
2 1 981 1 1621
2 1 981 1 1301
2 1 979 1 1619
2 1 979 1 1299
2 1 1299 1 1619
2 1 977 1 1297
2 1 977 1 1617
2 1 1297 1 1617
2 1 1731 1 2051
2 1 964 1 1604
2 1 895 1 1215
2 1 1342 1 1662
2 1 1411 1 2051
2 1 1468 1 2108
2 1 1788 1 2108
2 1 1468 1 1788
2 1 1411 1 1731
2 1 1021 1 1661
2 1 1341 1 1661
2 1 1021 1 1341
2 1 1208 1 1528
2 1 1206 1 1526
2 1 1334 1 1654
2 1 887 1 1527
2 1 1207 1 1527
2 1 887 1 1207
2 1 1014 1 1654
2 1 1014 1 1334
2 1 883 1 1523
2 1 882 1 1202
2 1 882 1 1522
2 1 1202 1 1522
2 1 1457 1 2097
2 1 880 1 1200
2 1 1200 1 1520
2 1 880 1 1520
2 1 1775 1 2095
2 1 1455 1 1775
2 1 1455 1 2095
2 1 1198 1 1518
2 1 1005 1 1645
2 1 1005 1 1325
2 1 1325 1 1645
2 1 878 1 1198
2 1 878 1 1518
2 1 1769 1 2089
2 1 1448 1 1768
2 1 1765 1 2085
2 1 871 1 1191
2 1 868 1 1188
2 1 1318 1 1638
2 1 867 1 1187
2 1 868 1 1508
2 1 1188 1 1508
2 1 1184 1 1504
2 1 1183 1 1503
2 1 863 1 1503
2 1 863 1 1183
2 1 862 1 1502
2 1 1181 1 1501
2 1 861 1 1501
2 1 861 1 1181
2 1 859 1 1499
2 1 859 1 1179
2 1 1179 1 1499
2 1 858 1 1178
2 1 1178 1 1498
2 1 858 1 1498
2 1 1177 1 1497
2 1 857 1 1497
2 1 857 1 1177
2 1 855 1 1175
2 1 850 1 1170
2 1 1170 1 1490
2 1 850 1 1490
2 1 1425 1 1745
2 1 1423 1 2063
2 1 1747 1 2067
2 1 1427 1 2067
2 1 1427 1 1747
2 1 975 1 1295
2 1 1295 1 1615
2 1 975 1 1615
2 1 845 1 1165
2 1 844 1 1164
2 1 844 1 1484
2 1 1164 1 1484
2 1 843 1 1483
2 1 842 1 1482
2 1 841 1 1161
2 1 840 1 1160
2 1 840 1 1480
2 1 1160 1 1480
2 1 839 1 1479
2 1 1158 1 1478
2 1 965 1 1285
2 1 1023 1 1663
2 1 1343 1 1663
2 1 1023 1 1343
2 1 767 1 2047
2 1 767 1 1087
2 1 1087 1 2047
2 1 1919 1 2239
2 1 854 1 1174
2 1 1086 1 2046
2 1 958 1 2238
2 1 958 1 1918
2 1 1918 1 2238
2 1 765 1 2045
2 1 1340 1 1660
2 1 764 1 2044
2 1 957 1 1917
2 1 1019 1 1659
2 1 763 1 2043
2 1 1211 1 1531
2 1 891 1 1211
2 1 891 1 1531
2 1 1915 1 2235
2 1 1338 1 1658
2 1 762 1 1082
2 1 1465 1 2105
2 1 1785 1 2105
2 1 1465 1 1785
2 1 982 1 1302
2 1 1016 1 1336
2 1 1336 1 1656
2 1 1016 1 1656
2 1 889 1 1209
2 1 760 1 1080
2 1 760 1 2040
2 1 1080 1 2040
2 1 1079 1 2039
2 1 1783 1 2103
2 1 758 1 2038
2 1 1078 1 2038
2 1 758 1 1078
2 1 950 1 2230
2 1 1909 1 2229
2 1 949 1 1909
2 1 949 1 2229
2 1 1012 1 1652
2 1 1332 1 1652
2 1 1012 1 1332
2 1 1461 1 2101
2 1 1461 1 1781
2 1 1781 1 2101
2 1 885 1 1525
2 1 1205 1 1525
2 1 885 1 1205
2 1 756 1 2036
2 1 1076 1 2036
2 1 756 1 1076
2 1 1075 1 2035
2 1 1908 1 2228
2 1 947 1 2227
2 1 1907 1 2227
2 1 947 1 1907
2 1 1074 1 2034
2 1 754 1 1074
2 1 754 1 2034
2 1 946 1 2226
2 1 946 1 1906
2 1 1906 1 2226
2 1 1201 1 1521
2 1 881 1 1201
2 1 881 1 1521
2 1 945 1 1905
2 1 1905 1 2225
2 1 945 1 2225
2 1 752 1 2032
2 1 1072 1 2032
2 1 752 1 1072
2 1 1776 1 2096
2 1 751 1 2031
2 1 1199 1 1519
2 1 750 1 2030
2 1 1070 1 2030
2 1 750 1 1070
2 1 1006 1 1326
2 1 1903 1 2223
2 1 943 1 2223
2 1 943 1 1903
2 1 1774 1 2094
2 1 1453 1 2093
2 1 1197 1 1517
2 1 1004 1 1324
2 1 941 1 2221
2 1 1452 1 2092
2 1 1196 1 1516
2 1 747 1 2027
2 1 1003 1 1323
2 1 1451 1 1771
2 1 1771 1 2091
2 1 1451 1 2091
2 1 1195 1 1515
2 1 1322 1 1642
2 1 1002 1 1322
2 1 1002 1 1642
2 1 746 1 2026
2 1 1194 1 1514
2 1 1001 1 1641
2 1 1321 1 1641
2 1 1001 1 1321
2 1 745 1 2025
2 1 1898 1 2218
2 1 1000 1 1640
2 1 1320 1 1640
2 1 1000 1 1320
2 1 744 1 2024
2 1 1192 1 1512
2 1 872 1 1192
2 1 872 1 1512
2 1 1896 1 2216
2 1 1319 1 1639
2 1 743 1 1063
2 1 1063 1 2023
2 1 743 1 2023
2 1 1895 1 2215
2 1 742 1 2022
2 1 934 1 1894
2 1 997 1 1637
2 1 997 1 1317
2 1 1317 1 1637
2 1 870 1 1510
2 1 741 1 2021
2 1 1316 1 1636
2 1 996 1 1316
2 1 996 1 1636
2 1 740 1 2020
2 1 1060 1 2020
2 1 740 1 1060
2 1 1892 1 2212
2 1 1059 1 2019
2 1 739 1 1059
2 1 739 1 2019
2 1 931 1 1891
2 1 1891 1 2211
2 1 931 1 2211
2 1 738 1 1058
2 1 1058 1 2018
2 1 738 1 2018
2 1 1442 1 2082
2 1 1442 1 1762
2 1 1762 1 2082
2 1 930 1 1890
2 1 1057 1 2017
2 1 737 1 1057
2 1 737 1 2017
2 1 1441 1 2081
2 1 1056 1 2016
2 1 736 1 1056
2 1 736 1 2016
2 1 929 1 2209
2 1 928 1 1888
2 1 927 1 2207
2 1 927 1 1887
2 1 1887 1 2207
2 1 1054 1 2014
2 1 926 1 1886
2 1 1886 1 2206
2 1 926 1 2206
2 1 733 1 2013
2 1 1053 1 2013
2 1 733 1 1053
2 1 1885 1 2205
2 1 925 1 2205
2 1 925 1 1885
2 1 1437 1 2077
2 1 1757 1 2077
2 1 1437 1 1757
2 1 732 1 1052
2 1 1051 1 2011
2 1 1884 1 2204
2 1 924 1 1884
2 1 924 1 2204
2 1 1883 1 2203
2 1 923 1 2203
2 1 923 1 1883
2 1 922 1 2202
2 1 1882 1 2202
2 1 922 1 1882
2 1 729 1 1049
2 1 921 1 1881
2 1 1433 1 1753
2 1 728 1 1048
2 1 1048 1 2008
2 1 728 1 2008
2 1 1047 1 2007
2 1 920 1 2200
2 1 920 1 1880
2 1 1880 1 2200
2 1 919 1 1879
2 1 919 1 2199
2 1 1879 1 2199
2 1 726 1 1046
2 1 918 1 1878
2 1 1878 1 2198
2 1 918 1 2198
2 1 917 1 1877
2 1 1429 1 1749
2 1 1044 1 2004
2 1 724 1 1044
2 1 724 1 2004
2 1 980 1 1300
2 1 980 1 1620
2 1 1300 1 1620
2 1 1876 1 2196
2 1 915 1 2195
2 1 851 1 1171
2 1 851 1 1491
2 1 1171 1 1491
2 1 722 1 1042
2 1 722 1 2002
2 1 1042 1 2002
2 1 1874 1 2194
2 1 913 1 1873
2 1 913 1 2193
2 1 1873 1 2193
2 1 720 1 2000
2 1 1040 1 2000
2 1 720 1 1040
2 1 976 1 1296
2 1 976 1 1616
2 1 1296 1 1616
2 1 911 1 1871
2 1 847 1 1167
2 1 973 1 1613
2 1 846 1 1486
2 1 717 1 1037
2 1 716 1 1996
2 1 716 1 1036
2 1 1036 1 1996
2 1 908 1 2188
2 1 1868 1 2188
2 1 908 1 1868
2 1 715 1 1035
2 1 1035 1 1995
2 1 715 1 1995
2 1 1867 1 2187
2 1 907 1 1867
2 1 907 1 2187
2 1 1034 1 1994
2 1 906 1 2186
2 1 1033 1 1993
2 1 905 1 2185
2 1 712 1 1032
2 1 1864 1 2184
2 1 904 1 1864
2 1 904 1 2184
2 1 1031 1 1991
2 1 1415 1 1735
2 1 1735 1 2055
2 1 1415 1 2055
2 1 903 1 2183
2 1 710 1 1030
2 1 709 1 1029
2 1 902 1 2182
2 1 902 1 1862
2 1 1862 1 2182
2 1 901 1 2181
2 1 900 1 1860
2 1 1860 1 2180
2 1 900 1 2180
2 1 1412 1 1732
2 1 836 1 1476
2 1 836 1 1156
2 1 1156 1 1476
2 1 1858 1 2178
2 1 1154 1 1474
2 1 834 1 1474
2 1 834 1 1154
2 1 961 1 1601
2 1 1281 1 1601
2 1 961 1 1281
2 1 705 1 1985
2 1 1280 1 1600
