434 2240
2 1 1788 1 2108
2 1 1468 1 1788
2 1 1468 1 2108
2 1 1784 1 2104
2 1 1464 1 1784
2 1 1464 1 2104
2 1 1783 1 2103
2 1 1775 1 2095
2 1 1450 1 1770
2 1 1770 1 2090
2 1 1450 1 2090
2 1 1448 1 2088
2 1 1446 1 2086
2 1 1765 1 2085
2 1 1439 1 2079
2 1 1438 1 1758
2 1 1758 1 2078
2 1 1438 1 2078
2 1 1757 1 2077
2 1 1746 1 2066
2 1 1755 1 2075
2 1 1435 1 2075
2 1 1425 1 1745
2 1 1435 1 1755
2 1 1425 1 2065
2 1 1745 1 2065
2 1 1420 1 2060
2 1 1420 1 1740
2 1 1744 1 2064
2 1 1740 1 2060
2 1 1424 1 2064
2 1 1424 1 1744
2 1 1412 1 2052
2 1 965 1 1605
2 1 965 1 1285
2 1 1285 1 1605
2 1 1408 1 1728
2 1 1340 1 1660
2 1 1020 1 1660
2 1 1020 1 1340
2 1 1339 1 1659
2 1 1337 1 1657
2 1 1015 1 1655
2 1 1014 1 1334
2 1 1014 1 1654
2 1 1334 1 1654
2 1 1012 1 1332
2 1 1012 1 1652
2 1 1332 1 1652
2 1 1321 1 1641
2 1 1000 1 1320
2 1 999 1 1639
2 1 998 1 1638
2 1 996 1 1316
2 1 1461 1 1781
2 1 995 1 1635
2 1 1310 1 1630
2 1 989 1 1629
2 1 989 1 1309
2 1 1309 1 1629
2 1 988 1 1628
2 1 1432 1 1752
2 1 988 1 1308
2 1 1305 1 1625
2 1 1308 1 1628
2 1 985 1 1305
2 1 985 1 1625
2 1 984 1 1624
2 1 983 1 1623
2 1 1304 1 1624
2 1 984 1 1304
2 1 983 1 1303
2 1 1303 1 1623
2 1 1431 1 1751
2 1 980 1 1620
2 1 1298 1 1618
2 1 982 1 1302
2 1 978 1 1618
2 1 978 1 1298
2 1 977 1 1297
2 1 964 1 1604
2 1 1283 1 1603
2 1 895 1 1215
2 1 1343 1 1663
2 1 1213 1 1533
2 1 1212 1 1532
2 1 891 1 1531
2 1 891 1 1211
2 1 1211 1 1531
2 1 1338 1 1658
2 1 1018 1 1658
2 1 1018 1 1338
2 1 887 1 1527
2 1 1207 1 1527
2 1 887 1 1207
2 1 886 1 1206
2 1 1206 1 1526
2 1 886 1 1526
2 1 1013 1 1653
2 1 1202 1 1522
2 1 1457 1 2097
2 1 1457 1 1777
2 1 1777 1 2097
2 1 1010 1 1650
2 1 1330 1 1650
2 1 1010 1 1330
2 1 1456 1 1776
2 1 1456 1 2096
2 1 1776 1 2096
2 1 1199 1 1519
2 1 1454 1 2094
2 1 879 1 1199
2 1 879 1 1519
2 1 1773 1 2093
2 1 1326 1 1646
2 1 873 1 1513
2 1 871 1 1191
2 1 1191 1 1511
2 1 871 1 1511
2 1 1188 1 1508
2 1 868 1 1508
2 1 868 1 1188
2 1 1189 1 1509
2 1 869 1 1189
2 1 869 1 1509
2 1 1761 1 2081
2 1 866 1 1186
2 1 1441 1 1761
2 1 1441 1 2081
2 1 1314 1 1634
2 1 994 1 1634
2 1 994 1 1314
2 1 1313 1 1633
2 1 993 1 1633
2 1 993 1 1313
2 1 862 1 1182
2 1 1182 1 1502
2 1 862 1 1502
2 1 861 1 1501
2 1 860 1 1180
2 1 1180 1 1500
2 1 860 1 1500
2 1 859 1 1179
2 1 858 1 1178
2 1 1178 1 1498
2 1 858 1 1498
2 1 1177 1 1497
2 1 1173 1 1493
2 1 1428 1 2068
2 1 981 1 1621
2 1 1171 1 1491
2 1 849 1 1489
2 1 851 1 1171
2 1 851 1 1491
2 1 1169 1 1489
2 1 849 1 1169
2 1 848 1 1488
2 1 1296 1 1616
2 1 976 1 1296
2 1 976 1 1616
2 1 1741 1 2061
2 1 1421 1 1741
2 1 1421 1 2061
2 1 844 1 1484
2 1 1419 1 1739
2 1 1739 1 2059
2 1 1419 1 2059
2 1 842 1 1482
2 1 1161 1 1481
2 1 1415 1 2055
2 1 1735 1 2055
2 1 1415 1 1735
2 1 838 1 1478
2 1 838 1 1158
2 1 1158 1 1478
2 1 836 1 1156
2 1 896 1 2176
2 1 767 1 1087
2 1 959 1 2239
2 1 766 1 2046
2 1 958 1 1918
2 1 1790 1 2110
2 1 1470 1 1790
2 1 1470 1 2110
2 1 1214 1 1534
2 1 894 1 1214
2 1 894 1 1534
2 1 765 1 1085
2 1 765 1 2045
2 1 1085 1 2045
2 1 1469 1 2109
2 1 1469 1 1789
2 1 1789 1 2109
2 1 1917 1 2237
2 1 763 1 1083
2 1 1083 1 2043
2 1 763 1 2043
2 1 956 1 1916
2 1 1916 1 2236
2 1 956 1 2236
2 1 955 1 1915
2 1 955 1 2235
2 1 1915 1 2235
2 1 1787 1 2107
2 1 762 1 1082
2 1 1082 1 2042
2 1 762 1 2042
2 1 1466 1 2106
2 1 1466 1 1786
2 1 1786 1 2106
2 1 954 1 1914
2 1 1914 1 2234
2 1 954 1 2234
2 1 1336 1 1656
2 1 1465 1 2105
2 1 1209 1 1529
2 1 760 1 1080
2 1 1913 1 2233
2 1 953 1 1913
2 1 953 1 2233
2 1 1079 1 2039
2 1 759 1 2039
2 1 759 1 1079
2 1 951 1 2231
2 1 758 1 1078
2 1 758 1 2038
2 1 1078 1 2038
2 1 950 1 1910
2 1 950 1 2230
2 1 1910 1 2230
2 1 757 1 1077
2 1 757 1 2037
2 1 1077 1 2037
2 1 756 1 2036
2 1 949 1 2229
2 1 1908 1 2228
2 1 948 1 1908
2 1 948 1 2228
2 1 1011 1 1651
2 1 1331 1 1651
2 1 1011 1 1331
2 1 884 1 1204
2 1 1075 1 2035
2 1 754 1 1074
2 1 946 1 1906
2 1 881 1 1201
2 1 881 1 1521
2 1 1201 1 1521
2 1 945 1 1905
2 1 752 1 2032
2 1 1200 1 1520
2 1 880 1 1520
2 1 880 1 1200
2 1 1071 1 2031
2 1 751 1 2031
2 1 751 1 1071
2 1 1007 1 1647
2 1 1007 1 1327
2 1 1327 1 1647
2 1 1903 1 2223
2 1 942 1 2222
2 1 942 1 1902
2 1 1902 1 2222
2 1 878 1 1518
2 1 1005 1 1325
2 1 1325 1 1645
2 1 1005 1 1645
2 1 877 1 1517
2 1 1196 1 1516
2 1 876 1 1516
2 1 876 1 1196
2 1 747 1 2027
2 1 1771 1 2091
2 1 1451 1 2091
2 1 1451 1 1771
2 1 1195 1 1515
2 1 746 1 2026
2 1 1066 1 2026
2 1 746 1 1066
2 1 1065 1 2025
2 1 745 1 1065
2 1 745 1 2025
2 1 1898 1 2218
2 1 1897 1 2217
2 1 937 1 1897
2 1 937 1 2217
2 1 1449 1 1769
2 1 744 1 2024
2 1 744 1 1064
2 1 1064 1 2024
2 1 1063 1 2023
2 1 936 1 2216
2 1 936 1 1896
2 1 1896 1 2216
2 1 935 1 1895
2 1 1447 1 2087
2 1 1062 1 2022
2 1 1061 1 2021
2 1 741 1 1061
2 1 741 1 2021
2 1 740 1 2020
2 1 1060 1 2020
2 1 740 1 1060
2 1 1892 1 2212
2 1 932 1 2212
2 1 932 1 1892
2 1 1059 1 2019
2 1 931 1 1891
2 1 931 1 2211
2 1 1891 1 2211
2 1 929 1 2209
2 1 865 1 1185
2 1 864 1 1504
2 1 864 1 1184
2 1 1184 1 1504
2 1 1888 1 2208
2 1 1055 1 2015
2 1 734 1 1054
2 1 1887 1 2207
2 1 926 1 1886
2 1 733 1 2013
2 1 1053 1 2013
2 1 733 1 1053
2 1 925 1 2205
2 1 925 1 1885
2 1 1885 1 2205
2 1 1052 1 2012
2 1 924 1 1884
2 1 924 1 2204
2 1 1884 1 2204
2 1 731 1 2011
2 1 1051 1 2011
2 1 731 1 1051
2 1 923 1 1883
2 1 730 1 1050
2 1 922 1 2202
2 1 1882 1 2202
2 1 922 1 1882
2 1 1434 1 2074
2 1 1754 1 2074
2 1 1434 1 1754
2 1 1049 1 2009
2 1 729 1 1049
2 1 729 1 2009
2 1 1753 1 2073
2 1 1048 1 2008
2 1 728 1 1048
2 1 728 1 2008
2 1 921 1 2201
2 1 1881 1 2201
2 1 921 1 1881
2 1 1047 1 2007
2 1 727 1 2007
2 1 727 1 1047
2 1 920 1 1880
2 1 1880 1 2200
2 1 920 1 2200
2 1 1879 1 2199
2 1 919 1 2199
2 1 919 1 1879
2 1 1430 1 2070
2 1 918 1 2198
2 1 725 1 1045
2 1 1749 1 2069
2 1 1429 1 1749
2 1 1429 1 2069
2 1 724 1 2004
2 1 979 1 1619
2 1 1172 1 1492
2 1 723 1 1043
2 1 916 1 2196
2 1 722 1 1042
2 1 914 1 2194
2 1 1873 1 2193
2 1 913 1 1873
2 1 913 1 2193
2 1 1040 1 2000
2 1 1872 1 2192
2 1 912 1 1872
2 1 912 1 2192
2 1 847 1 1167
2 1 1167 1 1487
2 1 847 1 1487
2 1 911 1 2191
2 1 911 1 1871
2 1 1871 1 2191
2 1 846 1 1486
2 1 846 1 1166
2 1 1166 1 1486
2 1 717 1 1997
2 1 1869 1 2189
2 1 845 1 1165
2 1 716 1 1036
2 1 972 1 1292
2 1 972 1 1612
2 1 1292 1 1612
2 1 1868 1 2188
2 1 1867 1 2187
2 1 907 1 1867
2 1 907 1 2187
2 1 970 1 1290
2 1 843 1 1483
2 1 714 1 1994
2 1 714 1 1034
2 1 1034 1 1994
2 1 1418 1 2058
2 1 1033 1 1993
2 1 712 1 1032
2 1 712 1 1992
2 1 1032 1 1992
2 1 1736 1 2056
2 1 1416 1 2056
2 1 1416 1 1736
2 1 711 1 1991
2 1 904 1 1864
2 1 1286 1 1606
2 1 966 1 1286
2 1 966 1 1606
2 1 710 1 1030
2 1 1030 1 1990
2 1 710 1 1990
2 1 903 1 2183
2 1 1029 1 1989
2 1 900 1 1860
2 1 1282 1 1602
2 1 835 1 1475
2 1 899 1 1859
2 1 706 1 1986
2 1 961 1 1601
2 1 961 1 1281
2 1 1281 1 1601
2 1 834 1 1154
2 1 705 1 1025
2 1 1024 1 1984
