439 2240
2 1 1460 1 2100
2 1 1780 1 2100
2 1 1460 1 1780
2 1 1457 1 1777
2 1 1457 1 2097
2 1 1777 1 2097
2 1 1456 1 1776
2 1 1776 1 2096
2 1 1456 1 2096
2 1 1454 1 2094
2 1 1774 1 2094
2 1 1454 1 1774
2 1 1451 1 1771
2 1 1451 1 2091
2 1 1771 1 2091
2 1 1768 1 2088
2 1 1765 1 2085
2 1 1759 1 2079
2 1 1439 1 1759
2 1 1439 1 2079
2 1 1438 1 1758
2 1 1438 1 2078
2 1 1758 1 2078
2 1 1437 1 2077
2 1 1756 1 2076
2 1 1436 1 2076
2 1 1436 1 1756
2 1 1430 1 1750
2 1 1750 1 2070
2 1 1430 1 2070
2 1 1740 1 2060
2 1 1418 1 2058
2 1 1738 1 2058
2 1 1418 1 1738
2 1 1732 1 2052
2 1 1412 1 2052
2 1 1412 1 1732
2 1 1411 1 2051
2 1 1295 1 1615
2 1 975 1 1615
2 1 975 1 1295
2 1 1293 1 1613
2 1 971 1 1291
2 1 971 1 1611
2 1 1291 1 1611
2 1 1290 1 1610
2 1 970 1 1610
2 1 970 1 1290
2 1 1289 1 1609
2 1 969 1 1289
2 1 969 1 1609
2 1 1282 1 1602
2 1 968 1 1608
2 1 962 1 1282
2 1 962 1 1602
2 1 960 1 1280
2 1 1336 1 1656
2 1 1014 1 1654
2 1 1333 1 1653
2 1 1462 1 1782
2 1 1013 1 1653
2 1 1013 1 1333
2 1 1011 1 1651
2 1 1008 1 1648
2 1 1005 1 1645
2 1 1328 1 1648
2 1 1008 1 1328
2 1 1449 1 1769
2 1 999 1 1319
2 1 1325 1 1645
2 1 1005 1 1325
2 1 999 1 1639
2 1 1319 1 1639
2 1 997 1 1637
2 1 1317 1 1637
2 1 997 1 1317
2 1 1310 1 1630
2 1 1308 1 1628
2 1 987 1 1627
2 1 988 1 1628
2 1 987 1 1307
2 1 988 1 1308
2 1 1307 1 1627
2 1 1435 1 1755
2 1 1434 1 1754
2 1 1431 1 1751
2 1 835 1 1155
2 1 835 1 1475
2 1 1155 1 1475
2 1 1728 1 2048
2 1 1789 1 2109
2 1 1469 1 1789
2 1 895 1 1535
2 1 895 1 1215
2 1 1215 1 1535
2 1 1469 1 2109
2 1 1021 1 1341
2 1 887 1 1207
2 1 884 1 1204
2 1 1332 1 1652
2 1 881 1 1521
2 1 880 1 1200
2 1 880 1 1520
2 1 1200 1 1520
2 1 879 1 1519
2 1 1198 1 1518
2 1 877 1 1517
2 1 1195 1 1515
2 1 1003 1 1643
2 1 1003 1 1323
2 1 1323 1 1643
2 1 1450 1 1770
2 1 873 1 1193
2 1 872 1 1192
2 1 1787 1 2107
2 1 1000 1 1640
2 1 1000 1 1320
2 1 1320 1 1640
2 1 870 1 1190
2 1 1188 1 1508
2 1 868 1 1188
2 1 868 1 1508
2 1 1443 1 2083
2 1 1443 1 1763
2 1 1763 1 2083
2 1 996 1 1636
2 1 995 1 1315
2 1 1441 1 1761
2 1 1441 1 2081
2 1 1761 1 2081
2 1 1440 1 2080
2 1 1440 1 1760
2 1 1760 1 2080
2 1 863 1 1503
2 1 863 1 1183
2 1 1183 1 1503
2 1 1182 1 1502
2 1 862 1 1182
2 1 862 1 1502
2 1 861 1 1181
2 1 861 1 1501
2 1 1181 1 1501
2 1 860 1 1500
2 1 1179 1 1499
2 1 858 1 1178
2 1 859 1 1179
2 1 1176 1 1496
2 1 859 1 1499
2 1 982 1 1622
2 1 1171 1 1491
2 1 978 1 1618
2 1 1298 1 1618
2 1 978 1 1298
2 1 848 1 1168
2 1 844 1 1164
2 1 843 1 1483
2 1 842 1 1162
2 1 842 1 1482
2 1 1162 1 1482
2 1 1161 1 1481
2 1 841 1 1481
2 1 841 1 1161
2 1 1734 1 2054
2 1 1414 1 2054
2 1 1414 1 1734
2 1 1413 1 2053
2 1 1733 1 2053
2 1 1413 1 1733
2 1 1286 1 1606
2 1 1156 1 1476
2 1 836 1 1476
2 1 836 1 1156
2 1 1152 1 1472
2 1 1087 1 2047
2 1 766 1 1086
2 1 1086 1 2046
2 1 766 1 2046
2 1 1470 1 2110
2 1 1471 1 1791
2 1 765 1 2045
2 1 958 1 2238
2 1 958 1 1918
2 1 1918 1 2238
2 1 1213 1 1533
2 1 1020 1 1660
2 1 1020 1 1340
2 1 1340 1 1660
2 1 764 1 2044
2 1 957 1 1917
2 1 1916 1 2236
2 1 1468 1 1788
2 1 892 1 1532
2 1 1019 1 1339
2 1 1019 1 1659
2 1 1339 1 1659
2 1 763 1 2043
2 1 1018 1 1658
2 1 1338 1 1658
2 1 1018 1 1338
2 1 1914 1 2234
2 1 1786 1 2106
2 1 1210 1 1530
2 1 890 1 1530
2 1 890 1 1210
2 1 1017 1 1657
2 1 1081 1 2041
2 1 761 1 1081
2 1 761 1 2041
2 1 1465 1 1785
2 1 1465 1 2105
2 1 1785 1 2105
2 1 760 1 2040
2 1 1015 1 1335
2 1 1335 1 1655
2 1 1015 1 1655
2 1 1208 1 1528
2 1 1079 1 2039
2 1 759 1 2039
2 1 759 1 1079
2 1 952 1 2232
2 1 1078 1 2038
2 1 758 1 1078
2 1 758 1 2038
2 1 950 1 1910
2 1 950 1 2230
2 1 1910 1 2230
2 1 1077 1 2037
2 1 949 1 1909
2 1 949 1 2229
2 1 1909 1 2229
2 1 756 1 1076
2 1 756 1 2036
2 1 1076 1 2036
2 1 948 1 1908
2 1 755 1 2035
2 1 1203 1 1523
2 1 883 1 1523
2 1 883 1 1203
2 1 1907 1 2227
2 1 947 1 2227
2 1 947 1 1907
2 1 1074 1 2034
2 1 753 1 1073
2 1 945 1 1905
2 1 752 1 1072
2 1 1904 1 2224
2 1 944 1 1904
2 1 944 1 2224
2 1 1071 1 2031
2 1 1775 1 2095
2 1 1455 1 2095
2 1 1455 1 1775
2 1 943 1 2223
2 1 943 1 1903
2 1 1903 1 2223
2 1 1070 1 2030
2 1 749 1 1069
2 1 1902 1 2222
2 1 942 1 2222
2 1 942 1 1902
2 1 1773 1 2093
2 1 1453 1 1773
2 1 1453 1 2093
2 1 941 1 2221
2 1 941 1 1901
2 1 1901 1 2221
2 1 748 1 1068
2 1 1772 1 2092
2 1 1900 1 2220
2 1 940 1 2220
2 1 940 1 1900
2 1 939 1 1899
2 1 1899 1 2219
2 1 939 1 2219
2 1 938 1 2218
2 1 938 1 1898
2 1 1898 1 2218
2 1 1001 1 1641
2 1 874 1 1194
2 1 1194 1 1514
2 1 874 1 1514
2 1 1065 1 2025
2 1 745 1 2025
2 1 745 1 1065
2 1 1897 1 2217
2 1 936 1 1896
2 1 1896 1 2216
2 1 936 1 2216
2 1 1895 1 2215
2 1 935 1 2215
2 1 935 1 1895
2 1 998 1 1638
2 1 1318 1 1638
2 1 998 1 1318
2 1 871 1 1511
2 1 1062 1 2022
2 1 1061 1 2021
2 1 933 1 2213
2 1 740 1 1060
2 1 1060 1 2020
2 1 740 1 2020
2 1 932 1 2212
2 1 739 1 2019
2 1 931 1 1891
2 1 867 1 1187
2 1 738 1 2018
2 1 1890 1 2210
2 1 866 1 1506
2 1 1313 1 1633
2 1 993 1 1313
2 1 993 1 1633
2 1 992 1 1632
2 1 1312 1 1632
2 1 992 1 1312
2 1 865 1 1185
2 1 864 1 1504
2 1 1184 1 1504
2 1 864 1 1184
2 1 735 1 1055
2 1 1054 1 2014
2 1 926 1 2206
2 1 733 1 2013
2 1 733 1 1053
2 1 1053 1 2013
2 1 925 1 1885
2 1 1885 1 2205
2 1 925 1 2205
2 1 732 1 1052
2 1 1052 1 2012
2 1 732 1 2012
2 1 1051 1 2011
2 1 923 1 2203
2 1 730 1 1050
2 1 922 1 2202
2 1 922 1 1882
2 1 1882 1 2202
2 1 729 1 1049
2 1 1433 1 2073
2 1 1433 1 1753
2 1 1753 1 2073
2 1 921 1 1881
2 1 921 1 2201
2 1 1881 1 2201
2 1 1048 1 2008
2 1 728 1 2008
2 1 728 1 1048
2 1 1432 1 2072
2 1 727 1 1047
2 1 1880 1 2200
2 1 920 1 2200
2 1 920 1 1880
2 1 726 1 1046
2 1 919 1 1879
2 1 1878 1 2198
2 1 918 1 1878
2 1 918 1 2198
2 1 1173 1 1493
2 1 853 1 1493
2 1 853 1 1173
2 1 917 1 2197
2 1 1748 1 2068
2 1 1428 1 1748
2 1 1428 1 2068
2 1 979 1 1619
2 1 723 1 2003
2 1 723 1 1043
2 1 1043 1 2003
2 1 1427 1 1747
2 1 1427 1 2067
2 1 1747 1 2067
2 1 977 1 1297
2 1 1297 1 1617
2 1 977 1 1617
2 1 1170 1 1490
2 1 914 1 2194
2 1 1874 1 2194
2 1 914 1 1874
2 1 1040 1 2000
2 1 976 1 1296
2 1 1424 1 1744
2 1 1423 1 1743
2 1 1294 1 1614
2 1 1871 1 2191
2 1 911 1 2191
2 1 911 1 1871
2 1 718 1 1998
2 1 718 1 1038
2 1 1038 1 1998
2 1 717 1 1997
2 1 1292 1 1612
2 1 845 1 1165
2 1 1165 1 1485
2 1 845 1 1485
2 1 1036 1 1996
2 1 716 1 1996
2 1 716 1 1036
2 1 715 1 1035
2 1 907 1 2187
2 1 714 1 1034
2 1 714 1 1994
2 1 1034 1 1994
2 1 1033 1 1993
2 1 713 1 1033
2 1 713 1 1993
2 1 1865 1 2185
2 1 905 1 1865
2 1 905 1 2185
2 1 1032 1 1992
2 1 712 1 1032
2 1 712 1 1992
2 1 711 1 1031
2 1 1415 1 2055
2 1 1735 1 2055
2 1 1415 1 1735
2 1 710 1 1990
2 1 903 1 1863
2 1 965 1 1605
2 1 902 1 2182
2 1 837 1 1477
2 1 1157 1 1477
2 1 837 1 1157
2 1 1860 1 2180
2 1 707 1 1027
2 1 1027 1 1987
2 1 707 1 1987
2 1 899 1 2179
2 1 899 1 1859
2 1 1859 1 2179
2 1 706 1 1986
2 1 1730 1 2050
2 1 834 1 1474
2 1 1154 1 1474
2 1 834 1 1154
2 1 898 1 1858
2 1 1281 1 1601
2 1 1025 1 1985
2 1 704 1 1984
2 1 896 1 1856
2 1 1857 1 2177
