425 2240
2 1 1789 1 2109
2 1 1469 1 1789
2 1 1469 1 2109
2 1 1468 1 1788
2 1 1468 1 2108
2 1 1788 1 2108
2 1 1461 1 2101
2 1 1781 1 2101
2 1 1461 1 1781
2 1 1776 1 2096
2 1 1456 1 2096
2 1 1456 1 1776
2 1 1768 1 2088
2 1 1448 1 1768
2 1 1771 1 2091
2 1 1451 1 1771
2 1 1448 1 2088
2 1 1451 1 2091
2 1 1447 1 1767
2 1 1767 1 2087
2 1 1447 1 2087
2 1 1444 1 1764
2 1 1764 1 2084
2 1 1444 1 2084
2 1 1758 1 2078
2 1 1442 1 1762
2 1 1438 1 2078
2 1 1438 1 1758
2 1 1442 1 2082
2 1 1762 1 2082
2 1 1430 1 2070
2 1 1430 1 1750
2 1 1750 1 2070
2 1 1749 1 2069
2 1 1425 1 2065
2 1 1746 1 2066
2 1 1745 1 2065
2 1 1425 1 1745
2 1 1738 1 2058
2 1 1426 1 1746
2 1 1426 1 2066
2 1 1418 1 1738
2 1 1418 1 2058
2 1 1424 1 1744
2 1 975 1 1295
2 1 1423 1 1743
2 1 1421 1 1741
2 1 974 1 1294
2 1 1417 1 1737
2 1 968 1 1288
2 1 1288 1 1608
2 1 968 1 1608
2 1 1411 1 1731
2 1 962 1 1602
2 1 1455 1 1775
2 1 1323 1 1643
2 1 998 1 1638
2 1 1001 1 1321
2 1 1318 1 1638
2 1 998 1 1318
2 1 1316 1 1636
2 1 995 1 1315
2 1 991 1 1311
2 1 1309 1 1629
2 1 989 1 1629
2 1 989 1 1309
2 1 988 1 1308
2 1 1302 1 1622
2 1 982 1 1302
2 1 982 1 1622
2 1 1427 1 1747
2 1 978 1 1618
2 1 977 1 1297
2 1 980 1 1300
2 1 835 1 1475
2 1 1410 1 1730
2 1 960 1 1600
2 1 1343 1 1663
2 1 1023 1 1663
2 1 1023 1 1343
2 1 1470 1 1790
2 1 1212 1 1532
2 1 892 1 1532
2 1 892 1 1212
2 1 1467 1 1787
2 1 1019 1 1659
2 1 889 1 1209
2 1 1209 1 1529
2 1 889 1 1529
2 1 1784 1 2104
2 1 1783 1 2103
2 1 1463 1 1783
2 1 1463 1 2103
2 1 1016 1 1656
2 1 885 1 1205
2 1 1459 1 1779
2 1 1459 1 2099
2 1 1779 1 2099
2 1 1012 1 1652
2 1 1332 1 1652
2 1 1012 1 1332
2 1 1200 1 1520
2 1 879 1 1519
2 1 1327 1 1647
2 1 1454 1 1774
2 1 1458 1 2098
2 1 1195 1 1515
2 1 1194 1 1514
2 1 1006 1 1326
2 1 1778 1 2098
2 1 874 1 1514
2 1 874 1 1194
2 1 1002 1 1642
2 1 1322 1 1642
2 1 1002 1 1322
2 1 1449 1 1769
2 1 1006 1 1646
2 1 1191 1 1511
2 1 872 1 1192
2 1 871 1 1511
2 1 1326 1 1646
2 1 871 1 1191
2 1 999 1 1639
2 1 1319 1 1639
2 1 999 1 1319
2 1 1189 1 1509
2 1 868 1 1188
2 1 868 1 1508
2 1 1188 1 1508
2 1 867 1 1507
2 1 1186 1 1506
2 1 994 1 1314
2 1 864 1 1184
2 1 861 1 1501
2 1 860 1 1180
2 1 1179 1 1499
2 1 986 1 1626
2 1 1752 1 2072
2 1 1175 1 1495
2 1 855 1 1175
2 1 855 1 1495
2 1 854 1 1174
2 1 853 1 1493
2 1 1428 1 1748
2 1 851 1 1171
2 1 850 1 1170
2 1 849 1 1489
2 1 1169 1 1489
2 1 849 1 1169
2 1 847 1 1167
2 1 848 1 1488
2 1 1420 1 1740
2 1 1292 1 1612
2 1 1165 1 1485
2 1 841 1 1481
2 1 1289 1 1609
2 1 969 1 1289
2 1 969 1 1609
2 1 1413 1 1733
2 1 1733 1 2053
2 1 1413 1 2053
2 1 1732 1 2052
2 1 1728 1 2048
2 1 767 1 2047
2 1 959 1 1919
2 1 1919 1 2239
2 1 959 1 2239
2 1 1021 1 1661
2 1 1085 1 2045
2 1 1084 1 2044
2 1 956 1 1916
2 1 956 1 2236
2 1 1916 1 2236
2 1 955 1 1915
2 1 1915 1 2235
2 1 955 1 2235
2 1 1018 1 1658
2 1 891 1 1531
2 1 1914 1 2234
2 1 890 1 1210
2 1 1017 1 1657
2 1 1017 1 1337
2 1 1337 1 1657
2 1 1081 1 2041
2 1 1208 1 1528
2 1 888 1 1528
2 1 888 1 1208
2 1 1015 1 1335
2 1 887 1 1207
2 1 1207 1 1527
2 1 887 1 1527
2 1 1911 1 2231
2 1 886 1 1526
2 1 886 1 1206
2 1 1206 1 1526
2 1 757 1 2037
2 1 757 1 1077
2 1 1077 1 2037
2 1 1013 1 1333
2 1 1908 1 2228
2 1 948 1 1908
2 1 948 1 2228
2 1 1204 1 1524
2 1 884 1 1204
2 1 884 1 1524
2 1 755 1 2035
2 1 1331 1 1651
2 1 1011 1 1651
2 1 1011 1 1331
2 1 883 1 1203
2 1 1330 1 1650
2 1 1458 1 1778
2 1 754 1 2034
2 1 882 1 1522
2 1 1202 1 1522
2 1 882 1 1202
2 1 753 1 2033
2 1 1905 1 2225
2 1 1328 1 1648
2 1 1008 1 1648
2 1 1008 1 1328
2 1 1457 1 2097
2 1 1201 1 1521
2 1 881 1 1201
2 1 881 1 1521
2 1 1072 1 2032
2 1 752 1 1072
2 1 752 1 2032
2 1 1071 1 2031
2 1 751 1 2031
2 1 751 1 1071
2 1 943 1 2223
2 1 750 1 2030
2 1 942 1 2222
2 1 1902 1 2222
2 1 942 1 1902
2 1 1325 1 1645
2 1 1005 1 1325
2 1 1005 1 1645
2 1 878 1 1198
2 1 749 1 2029
2 1 1901 1 2221
2 1 1004 1 1644
2 1 1453 1 1773
2 1 877 1 1197
2 1 748 1 2028
2 1 1068 1 2028
2 1 748 1 1068
2 1 1452 1 2092
2 1 1067 1 2027
2 1 747 1 1067
2 1 747 1 2027
2 1 746 1 1066
2 1 1066 1 2026
2 1 746 1 2026
2 1 938 1 2218
2 1 938 1 1898
2 1 1898 1 2218
2 1 745 1 2025
2 1 1193 1 1513
2 1 1064 1 2024
2 1 937 1 1897
2 1 743 1 2023
2 1 743 1 1063
2 1 1063 1 2023
2 1 935 1 2215
2 1 935 1 1895
2 1 1895 1 2215
2 1 1766 1 2086
2 1 870 1 1190
2 1 870 1 1510
2 1 1190 1 1510
2 1 1894 1 2214
2 1 934 1 1894
2 1 934 1 2214
2 1 741 1 2021
2 1 1061 1 2021
2 1 741 1 1061
2 1 1060 1 2020
2 1 740 1 1060
2 1 740 1 2020
2 1 1893 1 2213
2 1 932 1 1892
2 1 739 1 1059
2 1 1763 1 2083
2 1 1891 1 2211
2 1 931 1 2211
2 1 931 1 1891
2 1 738 1 1058
2 1 738 1 2018
2 1 1058 1 2018
2 1 737 1 2017
2 1 930 1 2210
2 1 930 1 1890
2 1 1890 1 2210
2 1 1889 1 2209
2 1 929 1 2209
2 1 929 1 1889
2 1 1185 1 1505
2 1 865 1 1505
2 1 865 1 1185
2 1 992 1 1632
2 1 736 1 1056
2 1 1310 1 1630
2 1 990 1 1630
2 1 990 1 1310
2 1 734 1 1054
2 1 927 1 1887
2 1 1053 1 2013
2 1 733 1 1053
2 1 733 1 2013
2 1 925 1 2205
2 1 1885 1 2205
2 1 925 1 1885
2 1 1052 1 2012
2 1 924 1 1884
2 1 731 1 2011
2 1 731 1 1051
2 1 1051 1 2011
2 1 730 1 2010
2 1 923 1 1883
2 1 1305 1 1625
2 1 985 1 1625
2 1 985 1 1305
2 1 984 1 1304
2 1 857 1 1177
2 1 1046 1 2006
2 1 918 1 1878
2 1 1045 1 2005
2 1 725 1 1045
2 1 725 1 2005
2 1 917 1 2197
2 1 1877 1 2197
2 1 917 1 1877
2 1 724 1 2004
2 1 852 1 1492
2 1 852 1 1172
2 1 1172 1 1492
2 1 916 1 2196
2 1 1043 1 2003
2 1 722 1 1042
2 1 722 1 2002
2 1 1042 1 2002
2 1 914 1 2194
2 1 1041 1 2001
2 1 1873 1 2193
2 1 913 1 2193
2 1 913 1 1873
2 1 1040 1 2000
2 1 720 1 2000
2 1 720 1 1040
2 1 912 1 1872
2 1 1872 1 2192
2 1 912 1 2192
2 1 1039 1 1999
2 1 719 1 1999
2 1 719 1 1039
2 1 911 1 2191
2 1 911 1 1871
2 1 1871 1 2191
2 1 1038 1 1998
2 1 1422 1 1742
2 1 1422 1 2062
2 1 1742 1 2062
2 1 1870 1 2190
2 1 910 1 2190
2 1 910 1 1870
2 1 717 1 1037
2 1 1037 1 1997
2 1 717 1 1997
2 1 716 1 1996
2 1 909 1 2189
2 1 844 1 1164
2 1 908 1 2188
2 1 715 1 1995
2 1 970 1 1290
2 1 843 1 1163
2 1 1034 1 1994
2 1 714 1 1994
2 1 714 1 1034
2 1 905 1 2185
2 1 905 1 1865
2 1 1865 1 2185
2 1 712 1 1992
2 1 1864 1 2184
2 1 904 1 1864
2 1 904 1 2184
2 1 840 1 1160
2 1 1416 1 1736
2 1 1031 1 1991
2 1 1287 1 1607
2 1 967 1 1607
2 1 967 1 1287
2 1 710 1 1990
2 1 1863 1 2183
2 1 1414 1 1734
2 1 1285 1 1605
2 1 902 1 1862
2 1 1862 1 2182
2 1 902 1 2182
2 1 1284 1 1604
2 1 1861 1 2181
2 1 1860 1 2180
2 1 1027 1 1987
2 1 707 1 1987
2 1 707 1 1027
2 1 963 1 1283
2 1 836 1 1476
2 1 1859 1 2179
2 1 898 1 1858
2 1 898 1 2178
2 1 1858 1 2178
2 1 961 1 1601
2 1 834 1 1154
2 1 1025 1 1985
2 1 705 1 1985
2 1 705 1 1025
2 1 1729 1 2049
2 1 1857 1 2177
2 1 704 1 1024
2 1 1024 1 1984
2 1 896 1 2176
2 1 896 1 1856
2 1 1856 1 2176
2 1 704 1 1984
