429 2240
2 1 1469 1 2109
2 1 1788 1 2108
2 1 1468 1 2108
2 1 1468 1 1788
2 1 1779 1 2099
2 1 1777 1 2097
2 1 1772 1 2092
2 1 1452 1 2092
2 1 1452 1 1772
2 1 1450 1 2090
2 1 1770 1 2090
2 1 1450 1 1770
2 1 1447 1 2087
2 1 1439 1 1759
2 1 1439 1 2079
2 1 1759 1 2079
2 1 1438 1 1758
2 1 1438 1 2078
2 1 1758 1 2078
2 1 1756 1 2076
2 1 1436 1 1756
2 1 1436 1 2076
2 1 1752 1 2072
2 1 1432 1 2072
2 1 1432 1 1752
2 1 1751 1 2071
2 1 1431 1 2071
2 1 1431 1 1751
2 1 1429 1 2069
2 1 1749 1 2069
2 1 1427 1 2067
2 1 1429 1 1749
2 1 1729 1 2049
2 1 1408 1 2048
2 1 1728 1 2048
2 1 1408 1 1728
2 1 971 1 1291
2 1 968 1 1608
2 1 962 1 1282
2 1 962 1 1602
2 1 1282 1 1602
2 1 1280 1 1600
2 1 1340 1 1660
2 1 1020 1 1340
2 1 1020 1 1660
2 1 1339 1 1659
2 1 1337 1 1657
2 1 1017 1 1337
2 1 1017 1 1657
2 1 1328 1 1648
2 1 1008 1 1648
2 1 1322 1 1642
2 1 1008 1 1328
2 1 1002 1 1322
2 1 1002 1 1642
2 1 1321 1 1641
2 1 1001 1 1321
2 1 1001 1 1641
2 1 1445 1 1765
2 1 996 1 1636
2 1 994 1 1314
2 1 1312 1 1632
2 1 1443 1 1763
2 1 990 1 1630
2 1 989 1 1309
2 1 1309 1 1629
2 1 989 1 1629
2 1 1019 1 1659
2 1 988 1 1628
2 1 982 1 1622
2 1 982 1 1302
2 1 835 1 1475
2 1 1302 1 1622
2 1 1155 1 1475
2 1 835 1 1155
2 1 834 1 1154
2 1 832 1 1472
2 1 832 1 1152
2 1 1152 1 1472
2 1 1215 1 1535
2 1 895 1 1215
2 1 895 1 1535
2 1 1214 1 1534
2 1 1212 1 1532
2 1 892 1 1212
2 1 892 1 1532
2 1 1019 1 1339
2 1 891 1 1531
2 1 1211 1 1531
2 1 891 1 1211
2 1 1210 1 1530
2 1 1209 1 1529
2 1 1015 1 1335
2 1 1016 1 1656
2 1 1016 1 1336
2 1 1336 1 1656
2 1 1780 1 2100
2 1 1778 1 2098
2 1 1782 1 2102
2 1 1462 1 2102
2 1 881 1 1521
2 1 1462 1 1782
2 1 1203 1 1523
2 1 883 1 1203
2 1 1196 1 1516
2 1 883 1 1523
2 1 875 1 1515
2 1 873 1 1513
2 1 871 1 1511
2 1 1190 1 1510
2 1 870 1 1510
2 1 870 1 1190
2 1 869 1 1189
2 1 1764 1 2084
2 1 1444 1 1764
2 1 1444 1 2084
2 1 867 1 1507
2 1 1187 1 1507
2 1 867 1 1187
2 1 862 1 1502
2 1 1182 1 1502
2 1 862 1 1182
2 1 861 1 1181
2 1 861 1 1501
2 1 1181 1 1501
2 1 859 1 1499
2 1 859 1 1179
2 1 1179 1 1499
2 1 860 1 1180
2 1 987 1 1307
2 1 1307 1 1627
2 1 987 1 1627
2 1 1306 1 1626
2 1 986 1 1306
2 1 986 1 1626
2 1 855 1 1175
2 1 855 1 1495
2 1 1175 1 1495
2 1 1750 1 2070
2 1 856 1 1176
2 1 1430 1 1750
2 1 1430 1 2070
2 1 1303 1 1623
2 1 853 1 1173
2 1 853 1 1493
2 1 1173 1 1493
2 1 851 1 1171
2 1 1748 1 2068
2 1 1171 1 1491
2 1 851 1 1491
2 1 850 1 1170
2 1 1170 1 1490
2 1 850 1 1490
2 1 1425 1 2065
2 1 1744 1 2064
2 1 1424 1 2064
2 1 1424 1 1744
2 1 847 1 1487
2 1 1165 1 1485
2 1 972 1 1612
2 1 969 1 1609
2 1 1159 1 1479
2 1 966 1 1286
2 1 1286 1 1606
2 1 966 1 1606
2 1 1856 1 2176
2 1 896 1 2176
2 1 896 1 1856
2 1 1087 1 2047
2 1 767 1 2047
2 1 767 1 1087
2 1 1791 1 2111
2 1 1471 1 1791
2 1 1471 1 2111
2 1 959 1 1919
2 1 959 1 2239
2 1 1919 1 2239
2 1 766 1 2046
2 1 766 1 1086
2 1 1086 1 2046
2 1 1470 1 1790
2 1 1470 1 2110
2 1 1790 1 2110
2 1 1085 1 2045
2 1 958 1 2238
2 1 958 1 1918
2 1 1918 1 2238
2 1 764 1 1084
2 1 764 1 2044
2 1 1084 1 2044
2 1 1917 1 2237
2 1 957 1 2237
2 1 957 1 1917
2 1 763 1 2043
2 1 763 1 1083
2 1 1083 1 2043
2 1 955 1 2235
2 1 1466 1 2106
2 1 1786 1 2106
2 1 1466 1 1786
2 1 761 1 1081
2 1 954 1 1914
2 1 1465 1 1785
2 1 760 1 2040
2 1 760 1 1080
2 1 1080 1 2040
2 1 953 1 2233
2 1 1784 1 2104
2 1 759 1 2039
2 1 952 1 2232
2 1 1912 1 2232
2 1 952 1 1912
2 1 1014 1 1334
2 1 951 1 2231
2 1 1911 1 2231
2 1 951 1 1911
2 1 886 1 1206
2 1 1910 1 2230
2 1 1333 1 1653
2 1 757 1 2037
2 1 885 1 1525
2 1 1461 1 1781
2 1 1909 1 2229
2 1 756 1 2036
2 1 1011 1 1331
2 1 755 1 1075
2 1 1908 1 2228
2 1 1907 1 2227
2 1 754 1 2034
2 1 1906 1 2226
2 1 946 1 1906
2 1 946 1 2226
2 1 882 1 1522
2 1 882 1 1202
2 1 1202 1 1522
2 1 753 1 1073
2 1 753 1 2033
2 1 1073 1 2033
2 1 1009 1 1329
2 1 1905 1 2225
2 1 944 1 1904
2 1 944 1 2224
2 1 1904 1 2224
2 1 1456 1 1776
2 1 1456 1 2096
2 1 1776 1 2096
2 1 880 1 1520
2 1 1007 1 1327
2 1 1327 1 1647
2 1 1007 1 1647
2 1 751 1 2031
2 1 751 1 1071
2 1 1071 1 2031
2 1 1455 1 1775
2 1 1903 1 2223
2 1 749 1 2029
2 1 942 1 2222
2 1 1004 1 1644
2 1 1453 1 2093
2 1 877 1 1197
2 1 748 1 1068
2 1 1068 1 2028
2 1 748 1 2028
2 1 747 1 1067
2 1 747 1 2027
2 1 1067 1 2027
2 1 1899 1 2219
2 1 939 1 1899
2 1 939 1 2219
2 1 938 1 1898
2 1 1065 1 2025
2 1 937 1 2217
2 1 937 1 1897
2 1 1897 1 2217
2 1 1064 1 2024
2 1 936 1 2216
2 1 1896 1 2216
2 1 936 1 1896
2 1 742 1 1062
2 1 934 1 1894
2 1 741 1 1061
2 1 933 1 2213
2 1 933 1 1893
2 1 1893 1 2213
2 1 932 1 2212
2 1 1892 1 2212
2 1 932 1 1892
2 1 868 1 1188
2 1 995 1 1315
2 1 1891 1 2211
2 1 930 1 1890
2 1 930 1 2210
2 1 1890 1 2210
2 1 1762 1 2082
2 1 1442 1 1762
2 1 1442 1 2082
2 1 866 1 1186
2 1 993 1 1313
2 1 1441 1 1761
2 1 1761 1 2081
2 1 1441 1 2081
2 1 1889 1 2209
2 1 991 1 1311
2 1 1311 1 1631
2 1 991 1 1631
2 1 1184 1 1504
2 1 735 1 1055
2 1 1055 1 2015
2 1 735 1 2015
2 1 928 1 2208
2 1 1888 1 2208
2 1 928 1 1888
2 1 1054 1 2014
2 1 734 1 1054
2 1 734 1 2014
2 1 926 1 2206
2 1 733 1 1053
2 1 733 1 2013
2 1 1053 1 2013
2 1 925 1 2205
2 1 925 1 1885
2 1 1885 1 2205
2 1 1052 1 2012
2 1 732 1 2012
2 1 732 1 1052
2 1 924 1 1884
2 1 1051 1 2011
2 1 731 1 1051
2 1 731 1 2011
2 1 923 1 2203
2 1 985 1 1305
2 1 1305 1 1625
2 1 985 1 1625
2 1 729 1 2009
2 1 922 1 2202
2 1 984 1 1304
2 1 1304 1 1624
2 1 984 1 1624
2 1 857 1 1177
2 1 1048 1 2008
2 1 727 1 1047
2 1 919 1 2199
2 1 918 1 2198
2 1 854 1 1174
2 1 854 1 1494
2 1 1174 1 1494
2 1 981 1 1621
2 1 981 1 1301
2 1 1301 1 1621
2 1 725 1 2005
2 1 725 1 1045
2 1 1045 1 2005
2 1 724 1 2004
2 1 852 1 1172
2 1 1172 1 1492
2 1 852 1 1492
2 1 916 1 2196
2 1 723 1 1043
2 1 1875 1 2195
2 1 722 1 1042
2 1 1426 1 2066
2 1 1746 1 2066
2 1 1426 1 1746
2 1 914 1 1874
2 1 1296 1 1616
2 1 913 1 2193
2 1 1873 1 2193
2 1 913 1 1873
2 1 848 1 1488
2 1 1168 1 1488
2 1 848 1 1168
2 1 1039 1 1999
2 1 719 1 1039
2 1 719 1 1999
2 1 1423 1 2063
2 1 1423 1 1743
2 1 1743 1 2063
2 1 1871 1 2191
2 1 718 1 1998
2 1 1742 1 2062
2 1 1422 1 2062
2 1 1422 1 1742
2 1 1166 1 1486
2 1 717 1 1037
2 1 910 1 2190
2 1 1421 1 2061
2 1 716 1 1996
2 1 1036 1 1996
2 1 716 1 1036
2 1 1869 1 2189
2 1 715 1 1995
2 1 908 1 1868
2 1 970 1 1290
2 1 1034 1 1994
2 1 713 1 1993
2 1 1033 1 1993
2 1 713 1 1033
2 1 1417 1 1737
2 1 905 1 1865
2 1 1736 1 2056
2 1 1287 1 1607
2 1 711 1 1031
2 1 904 1 1864
2 1 904 1 2184
2 1 1864 1 2184
2 1 710 1 1990
2 1 838 1 1158
2 1 965 1 1605
2 1 1285 1 1605
2 1 965 1 1285
2 1 1284 1 1604
2 1 1157 1 1477
2 1 837 1 1477
2 1 837 1 1157
2 1 1283 1 1603
2 1 707 1 1987
2 1 1027 1 1987
2 1 707 1 1027
2 1 706 1 1986
2 1 1026 1 1986
2 1 706 1 1026
2 1 898 1 1858
2 1 1025 1 1985
2 1 705 1 1985
2 1 705 1 1025
2 1 704 1 1984
2 1 704 1 1024
2 1 1024 1 1984
2 1 897 1 2177
