616 2240
2 1 1463 1 1783
2 1 1783 1 2103
2 1 1465 1 1785
2 1 1463 1 2103
2 1 1785 1 2105
2 1 1465 1 2105
2 1 1782 1 2102
2 1 1781 1 2101
2 1 1461 1 2101
2 1 1461 1 1781
2 1 1440 1 2080
2 1 1444 1 1764
2 1 1440 1 1760
2 1 1760 1 2080
2 1 1437 1 1757
2 1 1757 1 2077
2 1 1764 1 2084
2 1 1444 1 2084
2 1 1437 1 2077
2 1 1751 1 2071
2 1 1744 1 2064
2 1 1424 1 2064
2 1 1749 1 2069
2 1 1424 1 1744
2 1 1422 1 2062
2 1 1740 1 2060
2 1 1420 1 2060
2 1 1420 1 1740
2 1 1419 1 2059
2 1 1419 1 1739
2 1 1739 1 2059
2 1 1738 1 2058
2 1 1418 1 1738
2 1 1418 1 2058
2 1 1736 1 2056
2 1 1416 1 1736
2 1 1416 1 2056
2 1 1414 1 1734
2 1 1414 1 2054
2 1 1734 1 2054
2 1 1423 1 1743
2 1 973 1 1293
2 1 973 1 1613
2 1 1293 1 1613
2 1 974 1 1614
2 1 1421 1 1741
2 1 971 1 1291
2 1 971 1 1611
2 1 1291 1 1611
2 1 1417 1 1737
2 1 965 1 1285
2 1 1410 1 1730
2 1 1343 1 1663
2 1 1408 1 1728
2 1 1281 1 1601
2 1 1412 1 1732
2 1 961 1 1281
2 1 961 1 1601
2 1 1471 1 1791
2 1 1338 1 1658
2 1 1018 1 1338
2 1 1018 1 1658
2 1 1336 1 1656
2 1 1332 1 1652
2 1 1330 1 1650
2 1 1315 1 1635
2 1 994 1 1314
2 1 1313 1 1633
2 1 1312 1 1632
2 1 992 1 1312
2 1 992 1 1632
2 1 996 1 1316
2 1 1311 1 1631
2 1 1309 1 1629
2 1 988 1 1628
2 1 987 1 1627
2 1 1302 1 1622
2 1 982 1 1622
2 1 976 1 1616
2 1 1154 1 1474
2 1 1282 1 1602
2 1 1409 1 1729
2 1 832 1 1152
2 1 1342 1 1662
2 1 982 1 1302
2 1 1022 1 1342
2 1 894 1 1214
2 1 1022 1 1662
2 1 1021 1 1341
2 1 1341 1 1661
2 1 1021 1 1661
2 1 891 1 1211
2 1 1209 1 1529
2 1 1464 1 2104
2 1 887 1 1527
2 1 1207 1 1527
2 1 887 1 1207
2 1 1205 1 1525
2 1 885 1 1205
2 1 885 1 1525
2 1 886 1 1526
2 1 1460 1 2100
2 1 1460 1 1780
2 1 1780 1 2100
2 1 1333 1 1653
2 1 883 1 1203
2 1 1203 1 1523
2 1 883 1 1523
2 1 1201 1 1521
2 1 1200 1 1520
2 1 1008 1 1328
2 1 1198 1 1518
2 1 1325 1 1645
2 1 1005 1 1645
2 1 1005 1 1325
2 1 1770 1 2090
2 1 1189 1 1509
2 1 1188 1 1508
2 1 1187 1 1507
2 1 867 1 1187
2 1 867 1 1507
2 1 1186 1 1506
2 1 1184 1 1504
2 1 863 1 1503
2 1 862 1 1502
2 1 860 1 1500
2 1 1181 1 1501
2 1 1178 1 1498
2 1 858 1 1178
2 1 858 1 1498
2 1 986 1 1306
2 1 1175 1 1495
2 1 1430 1 1750
2 1 983 1 1303
2 1 1176 1 1496
2 1 853 1 1173
2 1 1748 1 2068
2 1 1428 1 1748
2 1 1428 1 2068
2 1 1747 1 2067
2 1 980 1 1620
2 1 980 1 1300
2 1 1300 1 1620
2 1 848 1 1168
2 1 847 1 1487
2 1 846 1 1166
2 1 845 1 1485
2 1 843 1 1483
2 1 842 1 1482
2 1 841 1 1481
2 1 840 1 1160
2 1 1415 1 1735
2 1 1156 1 1476
2 1 1856 1 2176
2 1 1087 1 2047
2 1 959 1 2239
2 1 766 1 1086
2 1 958 1 2238
2 1 957 1 2237
2 1 1020 1 1660
2 1 893 1 1213
2 1 763 1 1083
2 1 1019 1 1659
2 1 1019 1 1339
2 1 1339 1 1659
2 1 1466 1 2106
2 1 890 1 1210
2 1 761 1 1081
2 1 1017 1 1337
2 1 1337 1 1657
2 1 1017 1 1657
2 1 1335 1 1655
2 1 1208 1 1528
2 1 888 1 1528
2 1 888 1 1208
2 1 952 1 2232
2 1 759 1 2039
2 1 759 1 1079
2 1 1079 1 2039
2 1 758 1 1078
2 1 950 1 1910
2 1 1910 1 2230
2 1 950 1 2230
2 1 1077 1 2037
2 1 757 1 1077
2 1 757 1 2037
2 1 949 1 2229
2 1 884 1 1204
2 1 1204 1 1524
2 1 884 1 1524
2 1 1908 1 2228
2 1 948 1 2228
2 1 948 1 1908
2 1 1075 1 2035
2 1 755 1 1075
2 1 755 1 2035
2 1 1779 1 2099
2 1 1907 1 2227
2 1 1458 1 2098
2 1 1778 1 2098
2 1 1458 1 1778
2 1 753 1 1073
2 1 946 1 2226
2 1 1777 1 2097
2 1 1457 1 1777
2 1 1457 1 2097
2 1 752 1 1072
2 1 1776 1 2096
2 1 1456 1 1776
2 1 1456 1 2096
2 1 1904 1 2224
2 1 944 1 2224
2 1 944 1 1904
2 1 1455 1 2095
2 1 1199 1 1519
2 1 1326 1 1646
2 1 750 1 2030
2 1 750 1 1070
2 1 1070 1 2030
2 1 943 1 2223
2 1 749 1 2029
2 1 1453 1 2093
2 1 1004 1 1324
2 1 1004 1 1644
2 1 1324 1 1644
2 1 748 1 2028
2 1 1772 1 2092
2 1 1196 1 1516
2 1 1323 1 1643
2 1 1195 1 1515
2 1 1322 1 1642
2 1 746 1 2026
2 1 1899 1 2219
2 1 874 1 1194
2 1 1001 1 1321
2 1 1001 1 1641
2 1 1321 1 1641
2 1 745 1 2025
2 1 873 1 1193
2 1 873 1 1513
2 1 1193 1 1513
2 1 1897 1 2217
2 1 1320 1 1640
2 1 744 1 2024
2 1 1319 1 1639
2 1 743 1 2023
2 1 1318 1 1638
2 1 871 1 1191
2 1 742 1 2022
2 1 1317 1 1637
2 1 997 1 1317
2 1 997 1 1637
2 1 870 1 1190
2 1 741 1 1061
2 1 1061 1 2021
2 1 741 1 2021
2 1 740 1 1060
2 1 740 1 2020
2 1 1060 1 2020
2 1 739 1 2019
2 1 739 1 1059
2 1 1059 1 2019
2 1 1443 1 1763
2 1 1763 1 2083
2 1 1443 1 2083
2 1 1891 1 2211
2 1 931 1 2211
2 1 931 1 1891
2 1 738 1 1058
2 1 1058 1 2018
2 1 738 1 2018
2 1 737 1 2017
2 1 1057 1 2017
2 1 737 1 1057
2 1 930 1 1890
2 1 930 1 2210
2 1 1890 1 2210
2 1 1761 1 2081
2 1 1441 1 1761
2 1 1441 1 2081
2 1 736 1 2016
2 1 736 1 1056
2 1 1056 1 2016
2 1 929 1 1889
2 1 735 1 2015
2 1 1055 1 2015
2 1 735 1 1055
2 1 928 1 2208
2 1 928 1 1888
2 1 1888 1 2208
2 1 927 1 1887
2 1 927 1 2207
2 1 1887 1 2207
2 1 734 1 1054
2 1 1054 1 2014
2 1 734 1 2014
2 1 1758 1 2078
2 1 926 1 1886
2 1 733 1 1053
2 1 732 1 2012
2 1 1052 1 2012
2 1 732 1 1052
2 1 1885 1 2205
2 1 925 1 1885
2 1 925 1 2205
2 1 1884 1 2204
2 1 924 1 2204
2 1 924 1 1884
2 1 731 1 1051
2 1 1050 1 2010
2 1 923 1 2203
2 1 923 1 1883
2 1 1883 1 2203
2 1 922 1 1882
2 1 729 1 2009
2 1 984 1 1304
2 1 984 1 1624
2 1 1304 1 1624
2 1 1753 1 2073
2 1 1433 1 1753
2 1 1433 1 2073
2 1 1048 1 2008
2 1 921 1 1881
2 1 921 1 2201
2 1 1881 1 2201
2 1 1432 1 2072
2 1 1752 1 2072
2 1 1432 1 1752
2 1 1047 1 2007
2 1 1880 1 2200
2 1 726 1 2006
2 1 919 1 1879
2 1 1879 1 2199
2 1 919 1 2199
2 1 918 1 1878
2 1 1878 1 2198
2 1 918 1 2198
2 1 854 1 1494
2 1 854 1 1174
2 1 1174 1 1494
2 1 981 1 1301
2 1 1877 1 2197
2 1 724 1 2004
2 1 916 1 2196
2 1 916 1 1876
2 1 1876 1 2196
2 1 852 1 1172
2 1 852 1 1492
2 1 1172 1 1492
2 1 1299 1 1619
2 1 979 1 1299
2 1 979 1 1619
2 1 723 1 2003
2 1 1875 1 2195
2 1 1298 1 1618
2 1 978 1 1618
2 1 978 1 1298
2 1 851 1 1491
2 1 1874 1 2194
2 1 977 1 1297
2 1 850 1 1490
2 1 721 1 2001
2 1 1041 1 2001
2 1 721 1 1041
2 1 1040 1 2000
2 1 720 1 2000
2 1 720 1 1040
2 1 912 1 1872
2 1 912 1 2192
2 1 1872 1 2192
2 1 1039 1 1999
2 1 719 1 1039
2 1 719 1 1999
2 1 911 1 2191
2 1 1038 1 1998
2 1 718 1 1998
2 1 718 1 1038
2 1 910 1 1870
2 1 1870 1 2190
2 1 910 1 2190
2 1 1037 1 1997
2 1 717 1 1037
2 1 717 1 1997
2 1 909 1 1869
2 1 1036 1 1996
2 1 908 1 2188
2 1 908 1 1868
2 1 1868 1 2188
2 1 907 1 1867
2 1 907 1 2187
2 1 1867 1 2187
2 1 906 1 1866
2 1 1866 1 2186
2 1 906 1 2186
2 1 713 1 1033
2 1 905 1 2185
2 1 904 1 2184
2 1 1864 1 2184
2 1 904 1 1864
2 1 903 1 2183
2 1 1863 1 2183
2 1 903 1 1863
2 1 839 1 1159
2 1 839 1 1479
2 1 1159 1 1479
2 1 901 1 2181
2 1 901 1 1861
2 1 1861 1 2181
2 1 964 1 1284
2 1 1413 1 2053
2 1 1413 1 1733
2 1 1733 1 2053
2 1 837 1 1157
2 1 837 1 1477
2 1 1157 1 1477
2 1 1027 1 1987
2 1 1860 1 2180
2 1 1731 1 2051
2 1 1411 1 1731
2 1 1411 1 2051
2 1 899 1 1859
2 1 899 1 2179
2 1 1859 1 2179
2 1 1026 1 1986
2 1 898 1 1858
2 1 898 1 2178
2 1 1858 1 2178
2 1 897 1 2177
2 1 897 1 1857
2 1 1857 1 2177
2 1 960 1 1600
2 1 833 1 1153
2 1 704 1 1024
2 1 704 1 1984
2 1 1024 1 1984
3 1 368 1 761 1 1401
3 1 524 1 784 1 1744
3 1 487 1 1616 1 1936
3 1 487 1 976 1 1936
3 1 562 1 822 1 1782
3 1 531 1 791 1 1751
3 1 496 1 985 1 1945
3 1 531 1 791 1 2071
3 1 368 1 1081 1 1401
3 1 550 1 810 1 2090
3 1 562 1 822 1 2102
3 1 408 1 1521 1 1841
3 1 561 1 821 1 1781
3 1 408 1 1201 1 1841
3 1 332 1 1045 1 1365
3 1 550 1 810 1 1770
3 1 565 1 825 1 2105
3 1 523 1 783 1 1743
3 1 529 1 725 1 1045
3 1 544 1 804 1 1444
3 1 544 1 804 1 2084
3 1 485 1 974 1 1934
3 1 520 1 780 1 2060
3 1 544 1 804 1 1764
3 1 626 1 1238 1 1878
3 1 327 1 1296 1 1616
3 1 327 1 976 1 1296
3 1 565 1 825 1 1785
3 1 565 1 825 1 1465
3 1 626 1 918 1 1238
3 1 539 1 799 1 2079
3 1 505 1 1314 1 1954
3 1 390 1 1759 1 2079
3 1 418 1 1211 1 1851
3 1 456 1 1329 1 1969
3 1 599 1 1275 1 2235
3 1 386 1 1755 1 2075
3 1 520 1 780 1 1740
3 1 520 1 780 1 1420
3 1 325 1 1294 1 1614
3 1 509 1 1318 1 1958
3 1 418 1 1467 1 1787
3 1 505 1 994 1 1954
3 1 567 1 827 1 1467
3 1 513 1 773 1 1413
3 1 425 1 1154 1 1794
3 1 626 1 1238 1 2198
3 1 513 1 773 1 2053
3 1 507 1 1316 1 1956
3 1 614 1 1162 1 1482
3 1 443 1 1492 1 1812
3 1 524 1 784 1 1424
3 1 563 1 823 1 2103
3 1 561 1 821 1 1461
3 1 622 1 1234 1 1874
3 1 524 1 784 1 2064
3 1 561 1 821 1 2101
3 1 414 1 1527 1 1847
3 1 528 1 788 1 1428
3 1 563 1 823 1 1783
3 1 563 1 823 1 1463
3 1 537 1 797 1 2077
3 1 615 1 843 1 1163
3 1 551 1 747 1 2027
3 1 431 1 1160 1 1800
3 1 507 1 996 1 1956
3 1 489 1 1618 1 1938
3 1 537 1 797 1 1437
3 1 535 1 795 1 2075
3 1 537 1 797 1 1757
3 1 529 1 789 1 1749
3 1 637 1 1185 1 1505
3 1 489 1 1298 1 1938
3 1 462 1 1911 1 2231
3 1 489 1 978 1 1938
3 1 529 1 789 1 2069
3 1 540 1 800 1 1760
3 1 623 1 1235 1 1875
3 1 623 1 1235 1 2195
3 1 460 1 1653 1 1973
3 1 570 1 830 1 1790
3 1 504 1 1313 1 1953
3 1 504 1 1633 1 1953
3 1 540 1 800 1 1440
3 1 336 1 985 1 1305
3 1 540 1 800 1 2080
3 1 445 1 1494 1 1814
3 1 525 1 785 1 1745
3 1 465 1 1658 1 1978
3 1 465 1 1018 1 1978
3 1 465 1 1338 1 1978
3 1 519 1 715 1 1035
3 1 493 1 982 1 1942
3 1 492 1 981 1 1941
3 1 356 1 749 1 1389
3 1 606 1 1218 1 1858
3 1 485 1 1614 1 1934
3 1 568 1 764 1 2044
3 1 338 1 987 1 1307
3 1 513 1 773 1 1733
3 1 444 1 853 1 1813
3 1 338 1 1307 1 1627
3 1 474 1 963 1 1923
3 1 468 1 1341 1 1981
3 1 492 1 1301 1 1941
3 1 409 1 1522 1 1842
3 1 621 1 849 1 1169
3 1 541 1 801 1 1441
3 1 609 1 1221 1 1861
3 1 440 1 849 1 1809
3 1 498 1 1627 1 1947
3 1 488 1 1297 1 1937
3 1 523 1 783 1 1423
3 1 404 1 1197 1 1837
3 1 607 1 835 1 1155
3 1 554 1 814 1 1454
3 1 619 1 847 1 1167
3 1 579 1 1255 1 1895
3 1 323 1 972 1 1292
3 1 365 1 1078 1 1398
3 1 574 1 706 1 1026
3 1 359 1 1072 1 1392
3 1 405 1 1454 1 1774
3 1 619 1 911 1 1231
3 1 325 1 974 1 1294
3 1 615 1 1163 1 1483
3 1 343 1 736 1 1376
3 1 403 1 1516 1 1836
3 1 558 1 818 1 2098
3 1 404 1 1773 1 2093
3 1 389 1 862 1 1822
3 1 375 1 1344 1 1984
3 1 384 1 1177 1 1817
3 1 619 1 1231 1 2191
3 1 356 1 1389 1 2029
3 1 501 1 926 1 2206
3 1 494 1 983 1 1943
3 1 354 1 1387 1 2027
3 1 628 1 1240 1 2200
3 1 329 1 722 1 1362
3 1 604 1 1216 1 2176
3 1 350 1 743 1 1383
3 1 382 1 711 1 1351
3 1 619 1 1167 1 1487
3 1 326 1 1359 1 1999
3 1 559 1 819 1 2099
3 1 602 1 958 1 1278
3 1 620 1 1232 1 1872
3 1 605 1 1217 1 2177
3 1 598 1 954 1 1274
3 1 493 1 1302 1 1942
3 1 493 1 1622 1 1942
3 1 528 1 788 1 1748
3 1 502 1 1311 1 1951
3 1 528 1 788 1 2068
3 1 491 1 1620 1 1940
3 1 334 1 1047 1 1367
3 1 542 1 802 1 2082
3 1 605 1 1217 1 1857
3 1 530 1 790 1 1430
3 1 571 1 767 1 1087
3 1 608 1 1220 1 2180
3 1 468 1 1021 1 1981
3 1 622 1 1234 1 2194
3 1 476 1 1285 1 1925
3 1 581 1 1257 1 1897
3 1 532 1 728 1 1048
3 1 636 1 1248 1 1888
3 1 512 1 708 1 1028
3 1 366 1 1399 1 2039
3 1 334 1 1367 1 2007
3 1 614 1 842 1 1162
3 1 443 1 852 1 1812
3 1 510 1 1895 1 2215
3 1 559 1 819 1 1779
3 1 591 1 1267 1 2227
3 1 459 1 1652 1 1972
3 1 538 1 798 1 1758
3 1 438 1 847 1 1807
3 1 486 1 975 1 1935
3 1 553 1 813 1 1453
