454 2240
2 1 1466 1 1786
2 1 1786 1 2106
2 1 1466 1 2106
2 1 1775 1 2095
2 1 1773 1 2093
2 1 1770 1 2090
2 1 1446 1 2086
2 1 1446 1 1766
2 1 1766 1 2086
2 1 1445 1 1765
2 1 1765 1 2085
2 1 1445 1 2085
2 1 1444 1 2084
2 1 1443 1 2083
2 1 1754 1 2074
2 1 1427 1 2067
2 1 1427 1 1747
2 1 1747 1 2067
2 1 1425 1 2065
2 1 1746 1 2066
2 1 1745 1 2065
2 1 1425 1 1745
2 1 1744 1 2064
2 1 1424 1 2064
2 1 1424 1 1744
2 1 1423 1 2063
2 1 1422 1 1742
2 1 1419 1 2059
2 1 1419 1 1739
2 1 1742 1 2062
2 1 1422 1 2062
2 1 1739 1 2059
2 1 1738 1 2058
2 1 1418 1 2058
2 1 1418 1 1738
2 1 1730 1 2050
2 1 1410 1 1730
2 1 1410 1 2050
2 1 975 1 1295
2 1 1342 1 1662
2 1 1022 1 1342
2 1 1022 1 1662
2 1 1018 1 1658
2 1 1338 1 1658
2 1 1018 1 1338
2 1 1468 1 1788
2 1 1336 1 1656
2 1 1012 1 1332
2 1 1004 1 1324
2 1 1324 1 1644
2 1 1326 1 1646
2 1 1006 1 1646
2 1 1006 1 1326
2 1 1004 1 1644
2 1 1002 1 1322
2 1 1449 1 1769
2 1 997 1 1317
2 1 995 1 1315
2 1 1308 1 1628
2 1 996 1 1316
2 1 988 1 1628
2 1 988 1 1308
2 1 987 1 1627
2 1 987 1 1307
2 1 1307 1 1627
2 1 1020 1 1340
2 1 986 1 1626
2 1 985 1 1625
2 1 985 1 1305
2 1 1305 1 1625
2 1 980 1 1620
2 1 1432 1 1752
2 1 1300 1 1620
2 1 980 1 1300
2 1 1298 1 1618
2 1 976 1 1616
2 1 1411 1 1731
2 1 834 1 1154
2 1 1296 1 1616
2 1 1215 1 1535
2 1 976 1 1296
2 1 961 1 1601
2 1 1281 1 1601
2 1 961 1 1281
2 1 1214 1 1534
2 1 1213 1 1533
2 1 892 1 1212
2 1 891 1 1211
2 1 889 1 1529
2 1 888 1 1528
2 1 1337 1 1657
2 1 1207 1 1527
2 1 886 1 1206
2 1 1206 1 1526
2 1 886 1 1526
2 1 1013 1 1653
2 1 1330 1 1650
2 1 1205 1 1525
2 1 1010 1 1650
2 1 1010 1 1330
2 1 1456 1 2096
2 1 1199 1 1519
2 1 879 1 1519
2 1 879 1 1199
2 1 1774 1 2094
2 1 1454 1 2094
2 1 1454 1 1774
2 1 1197 1 1517
2 1 877 1 1197
2 1 877 1 1517
2 1 1448 1 2088
2 1 1768 1 2088
2 1 1448 1 1768
2 1 1001 1 1641
2 1 1321 1 1641
2 1 1001 1 1321
2 1 1000 1 1640
2 1 873 1 1513
2 1 1767 1 2087
2 1 1447 1 1767
2 1 1447 1 2087
2 1 870 1 1510
2 1 870 1 1190
2 1 1190 1 1510
2 1 869 1 1509
2 1 868 1 1508
2 1 868 1 1188
2 1 1188 1 1508
2 1 867 1 1507
2 1 866 1 1186
2 1 866 1 1506
2 1 1186 1 1506
2 1 1440 1 1760
2 1 1760 1 2080
2 1 1439 1 2079
2 1 1439 1 1759
2 1 1759 1 2079
2 1 1440 1 2080
2 1 1751 1 2071
2 1 857 1 1497
2 1 1431 1 2071
2 1 1431 1 1751
2 1 984 1 1624
2 1 983 1 1303
2 1 983 1 1623
2 1 1303 1 1623
2 1 853 1 1173
2 1 1171 1 1491
2 1 851 1 1491
2 1 851 1 1171
2 1 850 1 1170
2 1 1170 1 1490
2 1 850 1 1490
2 1 1169 1 1489
2 1 849 1 1489
2 1 849 1 1169
2 1 848 1 1488
2 1 846 1 1486
2 1 847 1 1487
2 1 846 1 1166
2 1 1166 1 1486
2 1 974 1 1294
2 1 1164 1 1484
2 1 1163 1 1483
2 1 842 1 1482
2 1 1162 1 1482
2 1 842 1 1162
2 1 1290 1 1610
2 1 970 1 1290
2 1 970 1 1610
2 1 969 1 1289
2 1 1412 1 1732
2 1 1412 1 2052
2 1 1732 1 2052
2 1 1343 1 1663
2 1 1023 1 1343
2 1 1023 1 1663
2 1 1728 1 2048
2 1 1087 1 2047
2 1 767 1 1087
2 1 767 1 2047
2 1 766 1 2046
2 1 766 1 1086
2 1 1086 1 2046
2 1 1790 1 2110
2 1 1470 1 1790
2 1 1470 1 2110
2 1 765 1 2045
2 1 1085 1 2045
2 1 765 1 1085
2 1 1417 1 1737
2 1 1084 1 2044
2 1 764 1 1084
2 1 764 1 2044
2 1 957 1 2237
2 1 956 1 1916
2 1 1083 1 2043
2 1 763 1 2043
2 1 763 1 1083
2 1 1467 1 2107
2 1 1467 1 1787
2 1 1787 1 2107
2 1 955 1 1915
2 1 955 1 2235
2 1 1915 1 2235
2 1 762 1 1082
2 1 954 1 1914
2 1 1914 1 2234
2 1 954 1 2234
2 1 953 1 2233
2 1 1913 1 2233
2 1 953 1 1913
2 1 1080 1 2040
2 1 760 1 1080
2 1 760 1 2040
2 1 1784 1 2104
2 1 952 1 1912
2 1 759 1 2039
2 1 1079 1 2039
2 1 759 1 1079
2 1 758 1 2038
2 1 1078 1 2038
2 1 758 1 1078
2 1 1911 1 2231
2 1 951 1 1911
2 1 951 1 2231
2 1 950 1 1910
2 1 1782 1 2102
2 1 1462 1 2102
2 1 1462 1 1782
2 1 757 1 1077
2 1 1909 1 2229
2 1 949 1 2229
2 1 949 1 1909
2 1 948 1 1908
2 1 884 1 1204
2 1 1459 1 1779
2 1 1907 1 2227
2 1 1011 1 1331
2 1 1778 1 2098
2 1 1458 1 2098
2 1 1458 1 1778
2 1 1009 1 1329
2 1 946 1 1906
2 1 1906 1 2226
2 1 946 1 2226
2 1 1008 1 1648
2 1 1777 1 2097
2 1 1201 1 1521
2 1 752 1 2032
2 1 1905 1 2225
2 1 1071 1 2031
2 1 751 1 1071
2 1 751 1 2031
2 1 1007 1 1327
2 1 1007 1 1647
2 1 1327 1 1647
2 1 1904 1 2224
2 1 750 1 2030
2 1 942 1 2222
2 1 1198 1 1518
2 1 878 1 1518
2 1 878 1 1198
2 1 1005 1 1645
2 1 749 1 2029
2 1 1069 1 2029
2 1 749 1 1069
2 1 1900 1 2220
2 1 940 1 1900
2 1 940 1 2220
2 1 1323 1 1643
2 1 1003 1 1643
2 1 1003 1 1323
2 1 1196 1 1516
2 1 876 1 1516
2 1 876 1 1196
2 1 747 1 2027
2 1 1067 1 2027
2 1 747 1 1067
2 1 746 1 1066
2 1 1066 1 2026
2 1 746 1 2026
2 1 938 1 1898
2 1 1065 1 2025
2 1 937 1 2217
2 1 744 1 2024
2 1 872 1 1192
2 1 936 1 2216
2 1 743 1 2023
2 1 1191 1 1511
2 1 871 1 1191
2 1 871 1 1511
2 1 742 1 2022
2 1 742 1 1062
2 1 1062 1 2022
2 1 1894 1 2214
2 1 741 1 1061
2 1 933 1 2213
2 1 932 1 1892
2 1 932 1 2212
2 1 1892 1 2212
2 1 1059 1 2019
2 1 931 1 1891
2 1 1058 1 2018
2 1 1442 1 1762
2 1 930 1 1890
2 1 737 1 2017
2 1 1057 1 2017
2 1 737 1 1057
2 1 1441 1 1761
2 1 1441 1 2081
2 1 1761 1 2081
2 1 1889 1 2209
2 1 929 1 2209
2 1 929 1 1889
2 1 1184 1 1504
2 1 991 1 1631
2 1 1311 1 1631
2 1 991 1 1311
2 1 1888 1 2208
2 1 928 1 2208
2 1 928 1 1888
2 1 1438 1 1758
2 1 863 1 1503
2 1 863 1 1183
2 1 1183 1 1503
2 1 1887 1 2207
2 1 1886 1 2206
2 1 989 1 1309
2 1 862 1 1182
2 1 862 1 1502
2 1 1182 1 1502
2 1 733 1 2013
2 1 733 1 1053
2 1 1053 1 2013
2 1 1885 1 2205
2 1 1437 1 1757
2 1 1052 1 2012
2 1 1051 1 2011
2 1 731 1 1051
2 1 731 1 2011
2 1 924 1 2204
2 1 924 1 1884
2 1 1884 1 2204
2 1 1050 1 2010
2 1 923 1 1883
2 1 729 1 2009
2 1 1049 1 2009
2 1 729 1 1049
2 1 1882 1 2202
2 1 922 1 1882
2 1 922 1 2202
2 1 921 1 2201
2 1 1433 1 1753
2 1 728 1 1048
2 1 920 1 2200
2 1 919 1 1879
2 1 919 1 2199
2 1 1879 1 2199
2 1 982 1 1622
2 1 855 1 1175
2 1 1878 1 2198
2 1 1174 1 1494
2 1 854 1 1494
2 1 854 1 1174
2 1 981 1 1301
2 1 981 1 1621
2 1 1301 1 1621
2 1 1045 1 2005
2 1 725 1 1045
2 1 725 1 2005
2 1 979 1 1299
2 1 1299 1 1619
2 1 979 1 1619
2 1 723 1 1043
2 1 1042 1 2002
2 1 914 1 2194
2 1 1041 1 2001
2 1 721 1 1041
2 1 721 1 2001
2 1 913 1 1873
2 1 913 1 2193
2 1 1873 1 2193
2 1 720 1 1040
2 1 912 1 2192
2 1 1872 1 2192
2 1 912 1 1872
2 1 719 1 1999
2 1 1039 1 1999
2 1 719 1 1039
2 1 1871 1 2191
2 1 911 1 1871
2 1 911 1 2191
2 1 718 1 1038
2 1 910 1 1870
2 1 1421 1 1741
2 1 1741 1 2061
2 1 1421 1 2061
2 1 845 1 1165
2 1 845 1 1485
2 1 1165 1 1485
2 1 909 1 2189
2 1 909 1 1869
2 1 1869 1 2189
2 1 716 1 1036
2 1 1420 1 2060
2 1 715 1 1035
2 1 714 1 1034
2 1 906 1 2186
2 1 905 1 2185
2 1 905 1 1865
2 1 1865 1 2185
2 1 1161 1 1481
2 1 841 1 1481
2 1 841 1 1161
2 1 1288 1 1608
2 1 968 1 1288
2 1 968 1 1608
2 1 1864 1 2184
2 1 1416 1 2056
2 1 1736 1 2056
2 1 1416 1 1736
2 1 967 1 1287
2 1 1287 1 1607
2 1 967 1 1607
2 1 711 1 1991
2 1 966 1 1286
2 1 1286 1 1606
2 1 966 1 1606
2 1 710 1 1990
2 1 709 1 1989
2 1 709 1 1029
2 1 1029 1 1989
2 1 708 1 1988
2 1 1283 1 1603
2 1 707 1 1987
2 1 836 1 1156
2 1 1859 1 2179
2 1 835 1 1475
2 1 1155 1 1475
2 1 835 1 1155
2 1 962 1 1602
2 1 962 1 1282
2 1 1282 1 1602
2 1 706 1 1986
2 1 706 1 1026
2 1 1026 1 1986
2 1 1280 1 1600
2 1 833 1 1473
2 1 833 1 1153
2 1 1153 1 1473
2 1 897 1 2177
2 1 897 1 1857
2 1 1857 1 2177
