418 2240
2 1 1469 1 2109
2 1 1469 1 1789
2 1 1789 1 2109
2 1 1786 1 2106
2 1 1465 1 2105
2 1 1784 1 2104
2 1 1463 1 2103
2 1 1458 1 2098
2 1 1458 1 1778
2 1 1778 1 2098
2 1 1776 1 2096
2 1 1456 1 2096
2 1 1456 1 1776
2 1 1453 1 2093
2 1 1453 1 1773
2 1 1773 1 2093
2 1 1742 1 2062
2 1 1443 1 2083
2 1 1763 1 2083
2 1 1443 1 1763
2 1 1422 1 1742
2 1 1422 1 2062
2 1 1413 1 2053
2 1 1732 1 2052
2 1 1418 1 1738
2 1 1289 1 1609
2 1 969 1 1289
2 1 969 1 1609
2 1 965 1 1285
2 1 1285 1 1605
2 1 965 1 1605
2 1 1470 1 1790
2 1 1021 1 1341
2 1 1339 1 1659
2 1 1019 1 1339
2 1 1019 1 1659
2 1 1338 1 1658
2 1 1017 1 1337
2 1 1020 1 1340
2 1 1340 1 1660
2 1 1016 1 1656
2 1 1020 1 1660
2 1 1336 1 1656
2 1 1016 1 1336
2 1 1015 1 1335
2 1 1455 1 1775
2 1 1006 1 1326
2 1 1451 1 1771
2 1 1316 1 1636
2 1 1442 1 1762
2 1 995 1 1315
2 1 1315 1 1635
2 1 995 1 1635
2 1 1310 1 1630
2 1 1438 1 1758
2 1 988 1 1308
2 1 1411 1 1731
2 1 1410 1 1730
2 1 1410 1 2050
2 1 1730 1 2050
2 1 963 1 1283
2 1 833 1 1153
2 1 1153 1 1473
2 1 833 1 1473
2 1 1728 1 2048
2 1 1280 1 1600
2 1 893 1 1213
2 1 891 1 1211
2 1 888 1 1528
2 1 892 1 1532
2 1 889 1 1529
2 1 1207 1 1527
2 1 887 1 1527
2 1 892 1 1212
2 1 1212 1 1532
2 1 887 1 1207
2 1 886 1 1526
2 1 1780 1 2100
2 1 1013 1 1653
2 1 1779 1 2099
2 1 1459 1 2099
2 1 1459 1 1779
2 1 882 1 1522
2 1 1202 1 1522
2 1 882 1 1202
2 1 879 1 1199
2 1 1199 1 1519
2 1 879 1 1519
2 1 1007 1 1327
2 1 1327 1 1647
2 1 1007 1 1647
2 1 877 1 1197
2 1 876 1 1516
2 1 875 1 1195
2 1 1323 1 1643
2 1 1003 1 1643
2 1 1003 1 1323
2 1 1002 1 1322
2 1 999 1 1639
2 1 999 1 1319
2 1 1319 1 1639
2 1 872 1 1192
2 1 869 1 1189
2 1 1186 1 1506
2 1 1314 1 1634
2 1 866 1 1506
2 1 1313 1 1633
2 1 866 1 1186
2 1 1183 1 1503
2 1 868 1 1188
2 1 1182 1 1502
2 1 986 1 1626
2 1 1176 1 1496
2 1 1431 1 1751
2 1 1750 1 2070
2 1 983 1 1623
2 1 1170 1 1490
2 1 1425 1 2065
2 1 1424 1 2064
2 1 977 1 1297
2 1 1423 1 1743
2 1 1743 1 2063
2 1 1423 1 2063
2 1 846 1 1166
2 1 846 1 1486
2 1 1166 1 1486
2 1 1421 1 1741
2 1 1741 1 2061
2 1 1421 1 2061
2 1 1740 1 2060
2 1 843 1 1483
2 1 970 1 1610
2 1 1417 1 1737
2 1 840 1 1160
2 1 1158 1 1478
2 1 1156 1 1476
2 1 836 1 1156
2 1 836 1 1476
2 1 1343 1 1663
2 1 1023 1 1343
2 1 1023 1 1663
2 1 1152 1 1472
2 1 1919 1 2239
2 1 1022 1 1342
2 1 895 1 1215
2 1 1215 1 1535
2 1 895 1 1535
2 1 1086 1 2046
2 1 766 1 1086
2 1 766 1 2046
2 1 765 1 1085
2 1 1085 1 2045
2 1 765 1 2045
2 1 1918 1 2238
2 1 957 1 2237
2 1 764 1 1084
2 1 1916 1 2236
2 1 956 1 2236
2 1 956 1 1916
2 1 1083 1 2043
2 1 763 1 2043
2 1 763 1 1083
2 1 1467 1 1787
2 1 955 1 1915
2 1 762 1 2042
2 1 1082 1 2042
2 1 762 1 1082
2 1 761 1 1081
2 1 1081 1 2041
2 1 761 1 2041
2 1 1914 1 2234
2 1 954 1 2234
2 1 954 1 1914
2 1 953 1 1913
2 1 953 1 2233
2 1 1913 1 2233
2 1 760 1 1080
2 1 952 1 1912
2 1 759 1 1079
2 1 951 1 2231
2 1 1911 1 2231
2 1 951 1 1911
2 1 1078 1 2038
2 1 758 1 2038
2 1 758 1 1078
2 1 950 1 1910
2 1 949 1 1909
2 1 1012 1 1332
2 1 1203 1 1523
2 1 883 1 1203
2 1 883 1 1523
2 1 1906 1 2226
2 1 1905 1 2225
2 1 945 1 2225
2 1 945 1 1905
2 1 1008 1 1328
2 1 1457 1 1777
2 1 881 1 1521
2 1 881 1 1201
2 1 1201 1 1521
2 1 1072 1 2032
2 1 752 1 1072
2 1 752 1 2032
2 1 1071 1 2031
2 1 1903 1 2223
2 1 943 1 2223
2 1 943 1 1903
2 1 878 1 1198
2 1 942 1 1902
2 1 942 1 2222
2 1 1902 1 2222
2 1 1069 1 2029
2 1 1901 1 2221
2 1 748 1 2028
2 1 748 1 1068
2 1 1068 1 2028
2 1 940 1 2220
2 1 747 1 1067
2 1 746 1 2026
2 1 874 1 1194
2 1 1898 1 2218
2 1 938 1 2218
2 1 938 1 1898
2 1 745 1 2025
2 1 744 1 1064
2 1 1064 1 2024
2 1 744 1 2024
2 1 1000 1 1320
2 1 1320 1 1640
2 1 1000 1 1640
2 1 1448 1 1768
2 1 743 1 2023
2 1 1447 1 2087
2 1 742 1 2022
2 1 935 1 2215
2 1 1190 1 1510
2 1 1317 1 1637
2 1 1061 1 2021
2 1 740 1 2020
2 1 740 1 1060
2 1 1060 1 2020
2 1 932 1 1892
2 1 1444 1 1764
2 1 739 1 1059
2 1 1058 1 2018
2 1 931 1 2211
2 1 1891 1 2211
2 1 931 1 1891
2 1 930 1 2210
2 1 930 1 1890
2 1 1890 1 2210
2 1 737 1 2017
2 1 865 1 1185
2 1 929 1 2209
2 1 929 1 1889
2 1 1889 1 2209
2 1 1760 1 2080
2 1 1888 1 2208
2 1 735 1 1055
2 1 1439 1 1759
2 1 1439 1 2079
2 1 1759 1 2079
2 1 734 1 1054
2 1 1053 1 2013
2 1 733 1 1053
2 1 733 1 2013
2 1 926 1 2206
2 1 1886 1 2206
2 1 926 1 1886
2 1 1757 1 2077
2 1 1885 1 2205
2 1 925 1 1885
2 1 925 1 2205
2 1 732 1 2012
2 1 1436 1 1756
2 1 1436 1 2076
2 1 1756 1 2076
2 1 1180 1 1500
2 1 731 1 2011
2 1 731 1 1051
2 1 1051 1 2011
2 1 987 1 1307
2 1 987 1 1627
2 1 1307 1 1627
2 1 1884 1 2204
2 1 924 1 1884
2 1 924 1 2204
2 1 1435 1 2075
2 1 1755 1 2075
2 1 1435 1 1755
2 1 730 1 2010
2 1 1883 1 2203
2 1 985 1 1305
2 1 1305 1 1625
2 1 985 1 1625
2 1 1434 1 2074
2 1 1434 1 1754
2 1 1754 1 2074
2 1 1882 1 2202
2 1 922 1 2202
2 1 922 1 1882
2 1 1753 1 2073
2 1 728 1 2008
2 1 1048 1 2008
2 1 728 1 1048
2 1 1881 1 2201
2 1 1880 1 2200
2 1 919 1 2199
2 1 855 1 1175
2 1 982 1 1622
2 1 1878 1 2198
2 1 854 1 1174
2 1 1301 1 1621
2 1 981 1 1621
2 1 981 1 1301
2 1 725 1 2005
2 1 1877 1 2197
2 1 853 1 1173
2 1 853 1 1493
2 1 1173 1 1493
2 1 980 1 1300
2 1 1300 1 1620
2 1 980 1 1620
2 1 979 1 1299
2 1 1299 1 1619
2 1 979 1 1619
2 1 852 1 1172
2 1 1747 1 2067
2 1 851 1 1171
2 1 1042 1 2002
2 1 978 1 1298
2 1 721 1 2001
2 1 849 1 1489
2 1 849 1 1169
2 1 1169 1 1489
2 1 913 1 1873
2 1 720 1 2000
2 1 975 1 1295
2 1 1295 1 1615
2 1 975 1 1615
2 1 848 1 1488
2 1 719 1 1999
2 1 847 1 1487
2 1 1167 1 1487
2 1 847 1 1167
2 1 718 1 1038
2 1 718 1 1998
2 1 1038 1 1998
2 1 974 1 1294
2 1 1870 1 2190
2 1 1292 1 1612
2 1 845 1 1485
2 1 909 1 2189
2 1 716 1 1996
2 1 844 1 1164
2 1 1164 1 1484
2 1 844 1 1484
2 1 1868 1 2188
2 1 1035 1 1995
2 1 715 1 1035
2 1 715 1 1995
2 1 1419 1 1739
2 1 1739 1 2059
2 1 1419 1 2059
2 1 1034 1 1994
2 1 714 1 1034
2 1 714 1 1994
2 1 906 1 1866
2 1 906 1 2186
2 1 1866 1 2186
2 1 1865 1 2185
2 1 905 1 2185
2 1 905 1 1865
2 1 968 1 1608
2 1 1032 1 1992
2 1 712 1 1992
2 1 712 1 1032
2 1 1864 1 2184
2 1 711 1 1991
2 1 711 1 1031
2 1 1031 1 1991
2 1 1735 1 2055
2 1 1415 1 2055
2 1 1415 1 1735
2 1 1030 1 1990
2 1 1414 1 1734
2 1 709 1 1989
2 1 709 1 1029
2 1 1029 1 1989
2 1 902 1 1862
2 1 902 1 2182
2 1 1862 1 2182
2 1 1028 1 1988
2 1 901 1 1861
2 1 1861 1 2181
2 1 901 1 2181
2 1 900 1 1860
2 1 899 1 2179
2 1 1859 1 2179
2 1 899 1 1859
2 1 1282 1 1602
2 1 962 1 1602
2 1 962 1 1282
2 1 835 1 1475
2 1 835 1 1155
2 1 1155 1 1475
2 1 1858 1 2178
2 1 834 1 1154
2 1 961 1 1281
2 1 1281 1 1601
2 1 961 1 1601
2 1 705 1 1025
2 1 1025 1 1985
2 1 705 1 1985
2 1 1729 1 2049
2 1 896 1 2176
2 1 1856 1 2176
2 1 896 1 1856
