592 2240
2 1 1471 1 2111
2 1 1790 1 2110
2 1 1470 1 2110
2 1 1470 1 1790
2 1 1469 1 1789
2 1 1469 1 2109
2 1 1789 1 2109
2 1 1788 1 2108
2 1 1465 1 1785
2 1 1785 1 2105
2 1 1465 1 2105
2 1 1461 1 1781
2 1 1781 1 2101
2 1 1776 1 2096
2 1 1461 1 2101
2 1 1773 1 2093
2 1 1769 1 2089
2 1 1449 1 1769
2 1 1449 1 2089
2 1 1448 1 2088
2 1 1448 1 1768
2 1 1768 1 2088
2 1 1748 1 2068
2 1 1755 1 2075
2 1 1425 1 2065
2 1 1435 1 2075
2 1 1428 1 1748
2 1 1435 1 1755
2 1 1750 1 2070
2 1 1425 1 1745
2 1 1745 1 2065
2 1 1422 1 2062
2 1 1428 1 2068
2 1 1409 1 1729
2 1 1729 1 2049
2 1 1409 1 2049
2 1 1415 1 1735
2 1 966 1 1606
2 1 965 1 1605
2 1 964 1 1604
2 1 962 1 1282
2 1 960 1 1280
2 1 1023 1 1343
2 1 1022 1 1342
2 1 1342 1 1662
2 1 1022 1 1662
2 1 1021 1 1341
2 1 1021 1 1661
2 1 1341 1 1661
2 1 1467 1 1787
2 1 1466 1 1786
2 1 1013 1 1653
2 1 1333 1 1653
2 1 1013 1 1333
2 1 1452 1 1772
2 1 1320 1 1640
2 1 1000 1 1640
2 1 1000 1 1320
2 1 1447 1 1767
2 1 1306 1 1626
2 1 986 1 1306
2 1 986 1 1626
2 1 1305 1 1625
2 1 985 1 1305
2 1 985 1 1625
2 1 1298 1 1618
2 1 835 1 1155
2 1 1303 1 1623
2 1 1410 1 2050
2 1 1730 1 2050
2 1 983 1 1623
2 1 1410 1 1730
2 1 1153 1 1473
2 1 983 1 1303
2 1 833 1 1473
2 1 833 1 1153
2 1 1152 1 1472
2 1 832 1 1472
2 1 895 1 1215
2 1 894 1 1534
2 1 832 1 1152
2 1 893 1 1533
2 1 892 1 1532
2 1 1211 1 1531
2 1 891 1 1531
2 1 891 1 1211
2 1 890 1 1210
2 1 1464 1 1784
2 1 1016 1 1656
2 1 1016 1 1336
2 1 1336 1 1656
2 1 884 1 1524
2 1 1205 1 1525
2 1 1012 1 1332
2 1 1459 1 1779
2 1 1011 1 1331
2 1 1331 1 1651
2 1 1011 1 1651
2 1 1458 1 1778
2 1 1457 1 1777
2 1 1775 1 2095
2 1 1454 1 2094
2 1 876 1 1516
2 1 880 1 1200
2 1 1196 1 1516
2 1 877 1 1517
2 1 876 1 1196
2 1 1451 1 2091
2 1 1004 1 1644
2 1 1004 1 1324
2 1 1324 1 1644
2 1 1194 1 1514
2 1 874 1 1514
2 1 874 1 1194
2 1 872 1 1192
2 1 1192 1 1512
2 1 872 1 1512
2 1 871 1 1511
2 1 999 1 1319
2 1 1445 1 2085
2 1 868 1 1508
2 1 995 1 1635
2 1 995 1 1315
2 1 1315 1 1635
2 1 865 1 1185
2 1 992 1 1632
2 1 991 1 1311
2 1 1438 1 1758
2 1 1436 1 2076
2 1 1436 1 1756
2 1 1756 1 2076
2 1 859 1 1499
2 1 1179 1 1499
2 1 859 1 1179
2 1 1178 1 1498
2 1 858 1 1178
2 1 858 1 1498
2 1 856 1 1176
2 1 856 1 1496
2 1 1176 1 1496
2 1 857 1 1177
2 1 857 1 1497
2 1 1177 1 1497
2 1 1304 1 1624
2 1 1429 1 2069
2 1 1171 1 1491
2 1 851 1 1491
2 1 851 1 1171
2 1 1746 1 2066
2 1 1426 1 1746
2 1 1426 1 2066
2 1 1172 1 1492
2 1 852 1 1492
2 1 852 1 1172
2 1 979 1 1619
2 1 1299 1 1619
2 1 979 1 1299
2 1 849 1 1489
2 1 1169 1 1489
2 1 849 1 1169
2 1 848 1 1488
2 1 848 1 1168
2 1 1168 1 1488
2 1 974 1 1294
2 1 1293 1 1613
2 1 973 1 1613
2 1 1166 1 1486
2 1 973 1 1293
2 1 1290 1 1610
2 1 970 1 1290
2 1 970 1 1610
2 1 837 1 1157
2 1 896 1 2176
2 1 836 1 1476
2 1 1087 1 2047
2 1 959 1 1919
2 1 766 1 1086
2 1 958 1 1918
2 1 1085 1 2045
2 1 957 1 1917
2 1 957 1 2237
2 1 1917 1 2237
2 1 764 1 1084
2 1 1916 1 2236
2 1 956 1 2236
2 1 956 1 1916
2 1 763 1 2043
2 1 1083 1 2043
2 1 763 1 1083
2 1 955 1 1915
2 1 955 1 2235
2 1 1915 1 2235
2 1 1082 1 2042
2 1 762 1 2042
2 1 762 1 1082
2 1 954 1 2234
2 1 954 1 1914
2 1 1914 1 2234
2 1 761 1 1081
2 1 953 1 2233
2 1 1913 1 2233
2 1 953 1 1913
2 1 952 1 1912
2 1 1912 1 2232
2 1 952 1 2232
2 1 1015 1 1335
2 1 1335 1 1655
2 1 1015 1 1655
2 1 888 1 1528
2 1 888 1 1208
2 1 1208 1 1528
2 1 1911 1 2231
2 1 1014 1 1654
2 1 1463 1 1783
2 1 887 1 1207
2 1 1078 1 2038
2 1 1782 1 2102
2 1 1462 1 2102
2 1 1462 1 1782
2 1 756 1 1076
2 1 756 1 2036
2 1 1076 1 2036
2 1 949 1 1909
2 1 949 1 2229
2 1 1909 1 2229
2 1 1908 1 2228
2 1 948 1 2228
2 1 948 1 1908
2 1 1460 1 1780
2 1 755 1 2035
2 1 1010 1 1330
2 1 947 1 1907
2 1 1907 1 2227
2 1 947 1 2227
2 1 1009 1 1649
2 1 753 1 2033
2 1 1905 1 2225
2 1 881 1 1201
2 1 1008 1 1648
2 1 752 1 2032
2 1 1072 1 2032
2 1 752 1 1072
2 1 943 1 1903
2 1 943 1 2223
2 1 1903 1 2223
2 1 1326 1 1646
2 1 1006 1 1326
2 1 1006 1 1646
2 1 879 1 1199
2 1 1199 1 1519
2 1 879 1 1519
2 1 750 1 2030
2 1 1902 1 2222
2 1 1005 1 1645
2 1 1005 1 1325
2 1 1325 1 1645
2 1 878 1 1518
2 1 1069 1 2029
2 1 1068 1 2028
2 1 940 1 2220
2 1 939 1 2219
2 1 875 1 1195
2 1 746 1 2026
2 1 1066 1 2026
2 1 746 1 1066
2 1 1450 1 1770
2 1 1065 1 2025
2 1 745 1 1065
2 1 745 1 2025
2 1 744 1 1064
2 1 937 1 2217
2 1 936 1 2216
2 1 1896 1 2216
2 1 936 1 1896
2 1 1895 1 2215
2 1 935 1 1895
2 1 935 1 2215
2 1 1446 1 2086
2 1 1446 1 1766
2 1 1766 1 2086
2 1 870 1 1190
2 1 934 1 1894
2 1 1894 1 2214
2 1 934 1 2214
2 1 1189 1 1509
2 1 740 1 1060
2 1 1893 1 2213
2 1 1444 1 2084
2 1 1314 1 1634
2 1 993 1 1633
2 1 866 1 1186
2 1 1186 1 1506
2 1 866 1 1506
2 1 1057 1 2017
2 1 737 1 1057
2 1 737 1 2017
2 1 1441 1 1761
2 1 1056 1 2016
2 1 1440 1 2080
2 1 735 1 2015
2 1 928 1 1888
2 1 928 1 2208
2 1 1888 1 2208
2 1 1183 1 1503
2 1 1310 1 1630
2 1 990 1 1310
2 1 990 1 1630
2 1 734 1 2014
2 1 1309 1 1629
2 1 989 1 1309
2 1 989 1 1629
2 1 1886 1 2206
2 1 1308 1 1628
2 1 861 1 1181
2 1 1885 1 2205
2 1 1307 1 1627
2 1 987 1 1627
2 1 987 1 1307
2 1 731 1 1051
2 1 730 1 2010
2 1 1050 1 2010
2 1 730 1 1050
2 1 922 1 1882
2 1 1882 1 2202
2 1 922 1 2202
2 1 729 1 1049
2 1 1049 1 2009
2 1 729 1 2009
2 1 1048 1 2008
2 1 728 1 1048
2 1 728 1 2008
2 1 727 1 2007
2 1 1431 1 1751
2 1 1175 1 1495
2 1 855 1 1495
2 1 855 1 1175
2 1 726 1 1046
2 1 1046 1 2006
2 1 726 1 2006
2 1 982 1 1302
2 1 1302 1 1622
2 1 982 1 1622
2 1 725 1 2005
2 1 1173 1 1493
2 1 853 1 1493
2 1 853 1 1173
2 1 1877 1 2197
2 1 917 1 2197
2 1 917 1 1877
2 1 724 1 2004
2 1 724 1 1044
2 1 1044 1 2004
2 1 723 1 2003
2 1 723 1 1043
2 1 1043 1 2003
2 1 1747 1 2067
2 1 1427 1 2067
2 1 1427 1 1747
2 1 1875 1 2195
2 1 915 1 1875
2 1 915 1 2195
2 1 722 1 2002
2 1 1297 1 1617
2 1 1041 1 2001
2 1 721 1 2001
2 1 721 1 1041
2 1 914 1 1874
2 1 914 1 2194
2 1 1874 1 2194
2 1 1873 1 2193
2 1 1040 1 2000
2 1 720 1 1040
2 1 720 1 2000
2 1 912 1 2192
2 1 1872 1 2192
2 1 912 1 1872
2 1 719 1 1039
2 1 1423 1 2063
2 1 718 1 1038
2 1 717 1 1997
2 1 910 1 1870
2 1 909 1 1869
2 1 845 1 1485
2 1 1165 1 1485
2 1 845 1 1165
2 1 1421 1 1741
2 1 1035 1 1995
2 1 971 1 1291
2 1 1868 1 2188
2 1 1419 1 1739
2 1 1739 1 2059
2 1 1419 1 2059
2 1 714 1 1994
2 1 1867 1 2187
2 1 1418 1 2058
2 1 1162 1 1482
2 1 969 1 1289
2 1 1289 1 1609
2 1 969 1 1609
2 1 713 1 1993
2 1 906 1 2186
2 1 1866 1 2186
2 1 906 1 1866
2 1 967 1 1607
2 1 1287 1 1607
2 1 967 1 1287
2 1 840 1 1480
2 1 1031 1 1991
2 1 711 1 1031
2 1 711 1 1991
2 1 1863 1 2183
2 1 710 1 1990
2 1 710 1 1030
2 1 1030 1 1990
2 1 902 1 1862
2 1 1862 1 2182
2 1 902 1 2182
2 1 709 1 1029
2 1 709 1 1989
2 1 1029 1 1989
2 1 901 1 1861
2 1 901 1 2181
2 1 1861 1 2181
2 1 1028 1 1988
2 1 708 1 1988
2 1 708 1 1028
2 1 900 1 1860
2 1 707 1 1027
2 1 707 1 1987
2 1 1027 1 1987
2 1 899 1 2179
2 1 961 1 1601
2 1 1025 1 1985
2 1 1857 1 2177
2 1 1024 1 1984
3 1 407 1 880 1 1840
3 1 407 1 1200 1 1840
3 1 504 1 993 1 1953
3 1 513 1 773 1 2053
3 1 573 1 769 1 2049
3 1 505 1 1890 1 2210
3 1 638 1 1250 1 1890
3 1 552 1 748 1 2028
3 1 612 1 1224 1 1864
3 1 522 1 782 1 1422
3 1 479 1 1864 1 2184
3 1 534 1 794 1 2074
3 1 627 1 919 1 1239
3 1 596 1 952 1 1272
3 1 383 1 1352 1 1992
3 1 552 1 812 1 1772
3 1 325 1 718 1 1358
3 1 537 1 733 1 2013
3 1 340 1 1373 1 2013
3 1 497 1 986 1 1946
3 1 385 1 1754 1 2074
3 1 552 1 748 1 1068
3 1 550 1 810 1 1450
3 1 550 1 810 1 1770
3 1 596 1 1272 1 1912
3 1 488 1 1297 1 1937
3 1 571 1 831 1 1471
3 1 631 1 1243 1 2203
3 1 630 1 1242 1 1882
3 1 488 1 1617 1 1937
3 1 596 1 1272 1 2232
3 1 571 1 831 1 2111
3 1 633 1 1245 1 1885
3 1 613 1 1225 1 1865
3 1 533 1 793 1 2073
3 1 368 1 761 1 1401
3 1 320 1 1353 1 1993
3 1 630 1 1242 1 2202
3 1 429 1 838 1 1798
3 1 476 1 1605 1 1925
3 1 598 1 1274 1 2234
3 1 628 1 920 1 1240
3 1 562 1 758 1 2038
3 1 477 1 966 1 1926
3 1 633 1 1245 1 2205
3 1 419 1 892 1 1852
3 1 600 1 1276 1 1916
3 1 447 1 1752 1 2072
3 1 320 1 713 1 1353
3 1 443 1 1492 1 1812
3 1 532 1 792 1 2072
3 1 522 1 782 1 2062
3 1 352 1 1065 1 1385
3 1 556 1 816 1 2096
3 1 630 1 922 1 1242
3 1 553 1 813 1 2093
3 1 561 1 821 1 1781
3 1 561 1 821 1 1461
3 1 494 1 919 1 2199
3 1 387 1 1180 1 1820
3 1 500 1 1309 1 1949
3 1 553 1 813 1 1773
3 1 561 1 821 1 2101
3 1 556 1 816 1 1776
3 1 613 1 1161 1 1481
3 1 551 1 811 1 1451
3 1 565 1 825 1 1465
3 1 600 1 1212 1 1532
3 1 565 1 825 1 2105
3 1 549 1 809 1 2089
3 1 476 1 965 1 1925
3 1 577 1 1253 1 1893
3 1 517 1 777 1 2057
3 1 565 1 825 1 1785
3 1 624 1 1236 1 1876
3 1 549 1 809 1 1449
3 1 416 1 889 1 1849
3 1 568 1 828 1 2108
3 1 549 1 809 1 1769
3 1 389 1 1182 1 1822
3 1 589 1 1265 1 2225
3 1 566 1 826 1 1786
3 1 367 1 760 1 1400
3 1 548 1 808 1 1768
3 1 496 1 921 1 2201
3 1 597 1 889 1 1209
3 1 548 1 808 1 2088
3 1 548 1 808 1 1448
3 1 401 1 1194 1 1834
3 1 568 1 828 1 1788
3 1 569 1 829 1 1789
3 1 625 1 917 1 1237
3 1 437 1 1166 1 1806
3 1 592 1 884 1 1204
3 1 569 1 829 1 2109
3 1 392 1 1185 1 1825
3 1 569 1 829 1 1469
3 1 570 1 830 1 1470
3 1 422 1 1471 1 1791
3 1 436 1 1165 1 1805
3 1 463 1 1656 1 1976
3 1 491 1 1876 1 2196
3 1 465 1 1018 1 1978
3 1 411 1 1524 1 1844
3 1 570 1 830 1 1790
3 1 450 1 1643 1 1963
3 1 570 1 830 1 2110
3 1 422 1 1791 1 2111
3 1 415 1 1208 1 1848
3 1 566 1 826 1 1466
3 1 528 1 788 1 1748
3 1 359 1 1072 1 1392
3 1 439 1 1744 1 2064
3 1 440 1 849 1 1809
3 1 610 1 838 1 1158
3 1 333 1 1366 1 2006
3 1 600 1 892 1 1212
3 1 625 1 1237 1 1877
3 1 525 1 785 1 1425
3 1 443 1 852 1 1812
3 1 515 1 775 1 1415
3 1 547 1 743 1 1063
3 1 603 1 959 1 1279
3 1 368 1 1081 1 1401
3 1 528 1 788 1 1428
3 1 344 1 737 1 1377
3 1 516 1 712 1 1992
3 1 576 1 1252 1 1892
3 1 635 1 927 1 1247
3 1 530 1 790 1 1750
3 1 562 1 822 1 2102
3 1 525 1 785 1 1745
3 1 419 1 1532 1 1852
3 1 498 1 1307 1 1947
3 1 440 1 1489 1 1809
3 1 411 1 884 1 1844
3 1 500 1 989 1 1949
3 1 443 1 1172 1 1812
3 1 584 1 940 1 1260
3 1 469 1 958 1 2238
3 1 344 1 1377 1 2017
3 1 492 1 1301 1 1941
3 1 479 1 1288 1 1928
3 1 350 1 1063 1 1383
3 1 612 1 1160 1 1480
3 1 428 1 1733 1 2053
3 1 528 1 788 1 2068
3 1 524 1 784 1 2064
3 1 364 1 1077 1 1397
3 1 413 1 1206 1 1846
3 1 480 1 1865 1 2185
3 1 634 1 1246 1 2206
3 1 330 1 1043 1 1363
3 1 625 1 1237 1 2197
3 1 401 1 874 1 1834
3 1 376 1 961 1 1281
3 1 592 1 1204 1 1524
