439 2240
2 1 1470 1 2110
2 1 1463 1 2103
2 1 1459 1 2099
2 1 1774 1 2094
2 1 1454 1 2094
2 1 1454 1 1774
2 1 1782 1 2102
2 1 1441 1 2081
2 1 1773 1 2093
2 1 1757 1 2077
2 1 1436 1 2076
2 1 1432 1 2072
2 1 1752 1 2072
2 1 1432 1 1752
2 1 1438 1 2078
2 1 1758 1 2078
2 1 1438 1 1758
2 1 1429 1 2069
2 1 1429 1 1749
2 1 1749 1 2069
2 1 1421 1 2061
2 1 1741 1 2061
2 1 1421 1 1741
2 1 1417 1 2057
2 1 1417 1 1737
2 1 1740 1 2060
2 1 1737 1 2057
2 1 1420 1 1740
2 1 1416 1 2056
2 1 1415 1 2055
2 1 1415 1 1735
2 1 1735 1 2055
2 1 1420 1 2060
2 1 1411 1 1731
2 1 1411 1 2051
2 1 1731 1 2051
2 1 1408 1 2048
2 1 974 1 1294
2 1 1422 1 1742
2 1 973 1 1613
2 1 968 1 1608
2 1 1343 1 1663
2 1 1023 1 1663
2 1 1023 1 1343
2 1 1335 1 1655
2 1 1333 1 1653
2 1 1011 1 1331
2 1 1326 1 1646
2 1 1327 1 1647
2 1 1006 1 1646
2 1 1324 1 1644
2 1 1006 1 1326
2 1 1004 1 1324
2 1 1004 1 1644
2 1 1322 1 1642
2 1 1002 1 1322
2 1 1002 1 1642
2 1 989 1 1629
2 1 1308 1 1628
2 1 988 1 1308
2 1 988 1 1628
2 1 986 1 1306
2 1 985 1 1305
2 1 1434 1 1754
2 1 1433 1 1753
2 1 1431 1 1751
2 1 835 1 1475
2 1 1410 1 2050
2 1 1305 1 1625
2 1 1410 1 1730
2 1 1730 1 2050
2 1 833 1 1153
2 1 985 1 1625
2 1 833 1 1473
2 1 1153 1 1473
2 1 1215 1 1535
2 1 895 1 1215
2 1 1022 1 1342
2 1 1022 1 1662
2 1 1342 1 1662
2 1 895 1 1535
2 1 1212 1 1532
2 1 1466 1 2106
2 1 1019 1 1659
2 1 1339 1 1659
2 1 1019 1 1339
2 1 1465 1 1785
2 1 888 1 1208
2 1 887 1 1207
2 1 1206 1 1526
2 1 886 1 1526
2 1 886 1 1206
2 1 1334 1 1654
2 1 882 1 1202
2 1 1202 1 1522
2 1 882 1 1522
2 1 884 1 1204
2 1 1330 1 1650
2 1 1010 1 1650
2 1 1010 1 1330
2 1 1200 1 1520
2 1 1199 1 1519
2 1 877 1 1197
2 1 1197 1 1517
2 1 877 1 1517
2 1 1005 1 1325
2 1 1195 1 1515
2 1 1193 1 1513
2 1 872 1 1192
2 1 1447 1 2087
2 1 1000 1 1320
2 1 1763 1 2083
2 1 996 1 1316
2 1 996 1 1636
2 1 1316 1 1636
2 1 866 1 1506
2 1 1440 1 1760
2 1 1185 1 1505
2 1 1312 1 1632
2 1 861 1 1501
2 1 1181 1 1501
2 1 861 1 1181
2 1 860 1 1500
2 1 860 1 1180
2 1 1180 1 1500
2 1 859 1 1499
2 1 856 1 1176
2 1 855 1 1495
2 1 1748 1 2068
2 1 1427 1 2067
2 1 1747 1 2067
2 1 980 1 1620
2 1 1173 1 1493
2 1 1427 1 1747
2 1 850 1 1490
2 1 850 1 1170
2 1 1170 1 1490
2 1 1297 1 1617
2 1 977 1 1297
2 1 977 1 1617
2 1 1424 1 1744
2 1 846 1 1166
2 1 844 1 1484
2 1 972 1 1612
2 1 845 1 1165
2 1 971 1 1611
2 1 1291 1 1611
2 1 971 1 1291
2 1 840 1 1480
2 1 840 1 1160
2 1 1160 1 1480
2 1 839 1 1159
2 1 1159 1 1479
2 1 839 1 1479
2 1 967 1 1287
2 1 1413 1 2053
2 1 1733 1 2053
2 1 1413 1 1733
2 1 966 1 1606
2 1 1732 1 2052
2 1 767 1 1087
2 1 767 1 2047
2 1 1087 1 2047
2 1 959 1 1919
2 1 1471 1 1791
2 1 765 1 2045
2 1 958 1 2238
2 1 1789 1 2109
2 1 1469 1 1789
2 1 1469 1 2109
2 1 893 1 1533
2 1 1213 1 1533
2 1 893 1 1213
2 1 1020 1 1340
2 1 763 1 2043
2 1 1467 1 1787
2 1 1018 1 1338
2 1 1018 1 1658
2 1 1338 1 1658
2 1 1337 1 1657
2 1 1914 1 2234
2 1 1016 1 1656
2 1 1016 1 1336
2 1 1336 1 1656
2 1 889 1 1529
2 1 889 1 1209
2 1 1209 1 1529
2 1 760 1 1080
2 1 1080 1 2040
2 1 760 1 2040
2 1 759 1 1079
2 1 759 1 2039
2 1 1079 1 2039
2 1 951 1 2231
2 1 1078 1 2038
2 1 758 1 1078
2 1 758 1 2038
2 1 757 1 2037
2 1 1332 1 1652
2 1 885 1 1525
2 1 1205 1 1525
2 1 885 1 1205
2 1 949 1 1909
2 1 1909 1 2229
2 1 949 1 2229
2 1 756 1 1076
2 1 1076 1 2036
2 1 756 1 2036
2 1 755 1 1075
2 1 1074 1 2034
2 1 754 1 1074
2 1 754 1 2034
2 1 947 1 1907
2 1 947 1 2227
2 1 1907 1 2227
2 1 1778 1 2098
2 1 1458 1 2098
2 1 1458 1 1778
2 1 753 1 2033
2 1 1457 1 2097
2 1 1457 1 1777
2 1 1777 1 2097
2 1 1201 1 1521
2 1 752 1 2032
2 1 1072 1 2032
2 1 752 1 1072
2 1 945 1 2225
2 1 945 1 1905
2 1 1905 1 2225
2 1 1776 1 2096
2 1 1456 1 1776
2 1 1456 1 2096
2 1 751 1 2031
2 1 1071 1 2031
2 1 751 1 1071
2 1 1455 1 2095
2 1 750 1 1070
2 1 1903 1 2223
2 1 943 1 1903
2 1 943 1 2223
2 1 1069 1 2029
2 1 749 1 2029
2 1 749 1 1069
2 1 1901 1 2221
2 1 941 1 1901
2 1 941 1 2221
2 1 748 1 2028
2 1 1452 1 2092
2 1 876 1 1516
2 1 940 1 2220
2 1 1900 1 2220
2 1 940 1 1900
2 1 747 1 2027
2 1 747 1 1067
2 1 1067 1 2027
2 1 1770 1 2090
2 1 745 1 1065
2 1 938 1 1898
2 1 744 1 1064
2 1 1064 1 2024
2 1 744 1 2024
2 1 1897 1 2217
2 1 1896 1 2216
2 1 936 1 1896
2 1 936 1 2216
2 1 998 1 1638
2 1 1318 1 1638
2 1 998 1 1318
2 1 871 1 1191
2 1 742 1 2022
2 1 1446 1 1766
2 1 1446 1 2086
2 1 1766 1 2086
2 1 870 1 1510
2 1 870 1 1190
2 1 1190 1 1510
2 1 1317 1 1637
2 1 997 1 1637
2 1 997 1 1317
2 1 1061 1 2021
2 1 740 1 2020
2 1 1893 1 2213
2 1 932 1 1892
2 1 995 1 1315
2 1 1764 1 2084
2 1 1187 1 1507
2 1 738 1 1058
2 1 1058 1 2018
2 1 738 1 2018
2 1 1891 1 2211
2 1 1762 1 2082
2 1 1442 1 2082
2 1 1442 1 1762
2 1 1057 1 2017
2 1 737 1 1057
2 1 737 1 2017
2 1 736 1 2016
2 1 929 1 2209
2 1 929 1 1889
2 1 1889 1 2209
2 1 928 1 1888
2 1 864 1 1504
2 1 735 1 2015
2 1 1887 1 2207
2 1 990 1 1630
2 1 1310 1 1630
2 1 990 1 1310
2 1 863 1 1183
2 1 1054 1 2014
2 1 1053 1 2013
2 1 925 1 2205
2 1 1052 1 2012
2 1 732 1 1052
2 1 732 1 2012
2 1 1884 1 2204
2 1 924 1 1884
2 1 924 1 2204
2 1 1051 1 2011
2 1 923 1 1883
2 1 730 1 2010
2 1 1050 1 2010
2 1 730 1 1050
2 1 1049 1 2009
2 1 1882 1 2202
2 1 922 1 2202
2 1 922 1 1882
2 1 1881 1 2201
2 1 921 1 2201
2 1 921 1 1881
2 1 1048 1 2008
2 1 728 1 2008
2 1 728 1 1048
2 1 1880 1 2200
2 1 920 1 2200
2 1 920 1 1880
2 1 919 1 2199
2 1 726 1 2006
2 1 1878 1 2198
2 1 918 1 1878
2 1 918 1 2198
2 1 1750 1 2070
2 1 1430 1 2070
2 1 1430 1 1750
2 1 854 1 1174
2 1 1301 1 1621
2 1 981 1 1621
2 1 981 1 1301
2 1 725 1 1045
2 1 1877 1 2197
2 1 916 1 2196
2 1 1876 1 2196
2 1 916 1 1876
2 1 979 1 1619
2 1 979 1 1299
2 1 1299 1 1619
2 1 852 1 1172
2 1 852 1 1492
2 1 1172 1 1492
2 1 1875 1 2195
2 1 978 1 1298
2 1 851 1 1491
2 1 1042 1 2002
2 1 1874 1 2194
2 1 1426 1 1746
2 1 721 1 1041
2 1 1041 1 2001
2 1 721 1 2001
2 1 1745 1 2065
2 1 1425 1 1745
2 1 1425 1 2065
2 1 913 1 2193
2 1 913 1 1873
2 1 1873 1 2193
2 1 975 1 1615
2 1 1295 1 1615
2 1 975 1 1295
2 1 1039 1 1999
2 1 719 1 1039
2 1 719 1 1999
2 1 912 1 2192
2 1 1872 1 2192
2 1 912 1 1872
2 1 1871 1 2191
2 1 1038 1 1998
2 1 718 1 1038
2 1 718 1 1998
2 1 1870 1 2190
2 1 910 1 1870
2 1 910 1 2190
2 1 717 1 1997
2 1 1037 1 1997
2 1 717 1 1037
2 1 909 1 1869
2 1 1869 1 2189
2 1 909 1 2189
2 1 908 1 2188
2 1 1868 1 2188
2 1 908 1 1868
2 1 715 1 1995
2 1 907 1 2187
2 1 1290 1 1610
2 1 970 1 1290
2 1 970 1 1610
2 1 1739 1 2059
2 1 843 1 1483
2 1 1162 1 1482
2 1 1866 1 2186
2 1 904 1 2184
2 1 711 1 1031
2 1 710 1 1990
2 1 1862 1 2182
2 1 902 1 2182
2 1 902 1 1862
2 1 838 1 1158
2 1 1158 1 1478
2 1 838 1 1478
2 1 1285 1 1605
2 1 965 1 1605
2 1 965 1 1285
2 1 1860 1 2180
2 1 707 1 1027
2 1 963 1 1283
2 1 836 1 1156
2 1 1156 1 1476
2 1 836 1 1476
2 1 1859 1 2179
2 1 834 1 1474
2 1 1154 1 1474
2 1 834 1 1154
2 1 898 1 1858
2 1 898 1 2178
2 1 1858 1 2178
2 1 1025 1 1985
2 1 705 1 1025
2 1 705 1 1985
2 1 1857 1 2177
2 1 704 1 1984
2 1 704 1 1024
2 1 1024 1 1984
