625 2240
2 1 1790 1 2110
2 1 1470 1 1790
2 1 1470 1 2110
2 1 1789 1 2109
2 1 1469 1 2109
2 1 1469 1 1789
2 1 1466 1 1786
2 1 1786 1 2106
2 1 1466 1 2106
2 1 1456 1 1776
2 1 1456 1 2096
2 1 1776 1 2096
2 1 1452 1 2092
2 1 1452 1 1772
2 1 1772 1 2092
2 1 1451 1 2091
2 1 1771 1 2091
2 1 1451 1 1771
2 1 1757 1 2077
2 1 1435 1 2075
2 1 1431 1 1751
2 1 1431 1 2071
2 1 1751 1 2071
2 1 1745 1 2065
2 1 1754 1 2074
2 1 1733 1 2053
2 1 1729 1 2049
2 1 1408 1 2048
2 1 1728 1 2048
2 1 1419 1 1739
2 1 1739 1 2059
2 1 1408 1 1728
2 1 1293 1 1613
2 1 1419 1 2059
2 1 970 1 1290
2 1 1417 1 1737
2 1 1414 1 1734
2 1 965 1 1605
2 1 1284 1 1604
2 1 964 1 1604
2 1 964 1 1284
2 1 1411 1 1731
2 1 962 1 1602
2 1 1023 1 1343
2 1 1021 1 1341
2 1 1019 1 1339
2 1 1462 1 1782
2 1 1012 1 1652
2 1 1459 1 1779
2 1 1002 1 1322
2 1 1318 1 1638
2 1 1448 1 1768
2 1 1310 1 1630
2 1 988 1 1308
2 1 1306 1 1626
2 1 986 1 1306
2 1 986 1 1626
2 1 1303 1 1623
2 1 985 1 1625
2 1 976 1 1616
2 1 985 1 1305
2 1 834 1 1154
2 1 976 1 1296
2 1 1305 1 1625
2 1 835 1 1155
2 1 983 1 1623
2 1 1296 1 1616
2 1 1152 1 1472
2 1 983 1 1303
2 1 832 1 1472
2 1 832 1 1152
2 1 960 1 1600
2 1 1280 1 1600
2 1 960 1 1280
2 1 1471 1 1791
2 1 894 1 1214
2 1 892 1 1532
2 1 1020 1 1660
2 1 893 1 1533
2 1 1465 1 1785
2 1 1784 1 2104
2 1 1464 1 2104
2 1 1464 1 1784
2 1 1463 1 1783
2 1 1460 1 1780
2 1 1460 1 2100
2 1 1780 1 2100
2 1 885 1 1205
2 1 1013 1 1653
2 1 1013 1 1333
2 1 1333 1 1653
2 1 883 1 1523
2 1 1458 1 2098
2 1 1010 1 1330
2 1 1455 1 1775
2 1 1775 1 2095
2 1 1455 1 2095
2 1 1774 1 2094
2 1 1454 1 2094
2 1 1454 1 1774
2 1 1453 1 2093
2 1 875 1 1515
2 1 1323 1 1643
2 1 876 1 1196
2 1 1003 1 1643
2 1 1196 1 1516
2 1 876 1 1516
2 1 1003 1 1323
2 1 1450 1 1770
2 1 871 1 1191
2 1 1446 1 1766
2 1 1766 1 2086
2 1 1446 1 2086
2 1 999 1 1319
2 1 1189 1 1509
2 1 869 1 1509
2 1 869 1 1189
2 1 1187 1 1507
2 1 1440 1 2080
2 1 863 1 1503
2 1 863 1 1183
2 1 1183 1 1503
2 1 1758 1 2078
2 1 1438 1 1758
2 1 1438 1 2078
2 1 994 1 1634
2 1 1314 1 1634
2 1 1181 1 1501
2 1 861 1 1501
2 1 861 1 1181
2 1 859 1 1179
2 1 858 1 1498
2 1 858 1 1178
2 1 1178 1 1498
2 1 857 1 1177
2 1 857 1 1497
2 1 1177 1 1497
2 1 1176 1 1496
2 1 1175 1 1495
2 1 1429 1 2069
2 1 994 1 1314
2 1 982 1 1302
2 1 854 1 1494
2 1 981 1 1301
2 1 1428 1 1748
2 1 849 1 1489
2 1 1424 1 1744
2 1 847 1 1167
2 1 1166 1 1486
2 1 844 1 1164
2 1 1418 1 1738
2 1 1738 1 2058
2 1 1418 1 2058
2 1 971 1 1291
2 1 841 1 1481
2 1 968 1 1608
2 1 836 1 1476
2 1 1856 1 2176
2 1 896 1 2176
2 1 896 1 1856
2 1 959 1 2239
2 1 1919 1 2239
2 1 959 1 1919
2 1 1022 1 1342
2 1 895 1 1535
2 1 1086 1 2046
2 1 1918 1 2238
2 1 1085 1 2045
2 1 957 1 2237
2 1 1917 1 2237
2 1 957 1 1917
2 1 764 1 1084
2 1 1468 1 1788
2 1 1788 1 2108
2 1 1468 1 2108
2 1 956 1 2236
2 1 1916 1 2236
2 1 956 1 1916
2 1 1211 1 1531
2 1 762 1 1082
2 1 1082 1 2042
2 1 762 1 2042
2 1 1018 1 1658
2 1 955 1 2235
2 1 955 1 1915
2 1 1915 1 2235
2 1 1914 1 2234
2 1 953 1 2233
2 1 953 1 1913
2 1 1913 1 2233
2 1 889 1 1529
2 1 1016 1 1336
2 1 1336 1 1656
2 1 1016 1 1656
2 1 1912 1 2232
2 1 1015 1 1655
2 1 888 1 1208
2 1 1911 1 2231
2 1 1014 1 1654
2 1 887 1 1527
2 1 1078 1 2038
2 1 1910 1 2230
2 1 1077 1 2037
2 1 949 1 2229
2 1 756 1 2036
2 1 948 1 2228
2 1 948 1 1908
2 1 1908 1 2228
2 1 884 1 1204
2 1 1075 1 2035
2 1 1011 1 1651
2 1 1907 1 2227
2 1 1906 1 2226
2 1 946 1 2226
2 1 946 1 1906
2 1 1009 1 1329
2 1 881 1 1521
2 1 1199 1 1519
2 1 879 1 1519
2 1 879 1 1199
2 1 943 1 2223
2 1 1902 1 2222
2 1 1198 1 1518
2 1 878 1 1198
2 1 878 1 1518
2 1 749 1 2029
2 1 1004 1 1324
2 1 1324 1 1644
2 1 1004 1 1644
2 1 877 1 1517
2 1 1197 1 1517
2 1 877 1 1197
2 1 1068 1 2028
2 1 939 1 2219
2 1 1321 1 1641
2 1 873 1 1193
2 1 874 1 1514
2 1 874 1 1194
2 1 1194 1 1514
2 1 938 1 2218
2 1 938 1 1898
2 1 1898 1 2218
2 1 1065 1 2025
2 1 1449 1 1769
2 1 1897 1 2217
2 1 744 1 2024
2 1 744 1 1064
2 1 1064 1 2024
2 1 743 1 1063
2 1 936 1 1896
2 1 1896 1 2216
2 1 936 1 2216
2 1 935 1 1895
2 1 935 1 2215
2 1 1895 1 2215
2 1 934 1 1894
2 1 870 1 1190
2 1 741 1 2021
2 1 1061 1 2021
2 1 741 1 1061
2 1 997 1 1637
2 1 1444 1 2084
2 1 868 1 1188
2 1 1315 1 1635
2 1 995 1 1315
2 1 995 1 1635
2 1 739 1 2019
2 1 1059 1 2019
2 1 739 1 1059
2 1 1443 1 1763
2 1 1763 1 2083
2 1 1443 1 2083
2 1 738 1 2018
2 1 1186 1 1506
2 1 993 1 1313
2 1 993 1 1633
2 1 1313 1 1633
2 1 930 1 2210
2 1 1312 1 1632
2 1 992 1 1632
2 1 992 1 1312
2 1 1441 1 2081
2 1 865 1 1185
2 1 1184 1 1504
2 1 1055 1 2015
2 1 735 1 1055
2 1 735 1 2015
2 1 991 1 1311
2 1 1311 1 1631
2 1 991 1 1631
2 1 1439 1 1759
2 1 734 1 2014
2 1 1309 1 1629
2 1 733 1 2013
2 1 1053 1 2013
2 1 733 1 1053
2 1 926 1 2206
2 1 926 1 1886
2 1 1886 1 2206
2 1 1885 1 2205
2 1 732 1 2012
2 1 1307 1 1627
2 1 860 1 1180
2 1 860 1 1500
2 1 1180 1 1500
2 1 1884 1 2204
2 1 924 1 2204
2 1 924 1 1884
2 1 731 1 2011
2 1 731 1 1051
2 1 1051 1 2011
2 1 730 1 1050
2 1 1049 1 2009
2 1 729 1 2009
2 1 729 1 1049
2 1 1433 1 2073
2 1 921 1 2201
2 1 921 1 1881
2 1 1881 1 2201
2 1 728 1 1048
2 1 1048 1 2008
2 1 728 1 2008
2 1 1047 1 2007
2 1 727 1 1047
2 1 727 1 2007
2 1 726 1 1046
2 1 1046 1 2006
2 1 726 1 2006
2 1 919 1 1879
2 1 1430 1 2070
2 1 918 1 2198
2 1 918 1 1878
2 1 1878 1 2198
2 1 725 1 2005
2 1 917 1 1877
2 1 852 1 1172
2 1 1172 1 1492
2 1 852 1 1492
2 1 723 1 2003
2 1 1875 1 2195
2 1 978 1 1618
2 1 1427 1 2067
2 1 851 1 1171
2 1 722 1 2002
2 1 1170 1 1490
2 1 1041 1 2001
2 1 721 1 2001
2 1 721 1 1041
2 1 720 1 2000
2 1 912 1 2192
2 1 912 1 1872
2 1 1872 1 2192
2 1 975 1 1295
2 1 848 1 1488
2 1 848 1 1168
2 1 1168 1 1488
2 1 1039 1 1999
2 1 1871 1 2191
2 1 1038 1 1998
2 1 717 1 1997
2 1 972 1 1292
2 1 716 1 1996
2 1 716 1 1036
2 1 1036 1 1996
2 1 909 1 1869
2 1 715 1 1995
2 1 715 1 1035
2 1 1035 1 1995
2 1 907 1 1867
2 1 906 1 1866
2 1 906 1 2186
2 1 1866 1 2186
2 1 1162 1 1482
2 1 842 1 1482
2 1 842 1 1162
2 1 1289 1 1609
2 1 969 1 1609
2 1 969 1 1289
2 1 713 1 1033
2 1 1033 1 1993
2 1 713 1 1993
2 1 1865 1 2185
2 1 1032 1 1992
2 1 712 1 1992
2 1 712 1 1032
2 1 1736 1 2056
2 1 904 1 2184
2 1 711 1 1991
2 1 966 1 1606
2 1 1159 1 1479
2 1 1030 1 1990
2 1 710 1 1030
2 1 710 1 1990
2 1 903 1 2183
2 1 1863 1 2183
2 1 903 1 1863
2 1 709 1 1989
2 1 709 1 1029
2 1 1029 1 1989
2 1 1861 1 2181
2 1 901 1 2181
2 1 901 1 1861
2 1 1028 1 1988
2 1 1860 1 2180
2 1 900 1 2180
2 1 900 1 1860
2 1 1027 1 1987
2 1 707 1 1987
2 1 707 1 1027
2 1 899 1 1859
2 1 1026 1 1986
2 1 1410 1 1730
2 1 1858 1 2178
2 1 898 1 1858
2 1 898 1 2178
2 1 704 1 1024
2 1 704 1 1984
2 1 1024 1 1984
2 1 1857 1 2177
2 1 897 1 2177
2 1 897 1 1857
3 1 484 1 1613 1 1933
3 1 584 1 1260 1 1900
3 1 375 1 1024 1 1344
3 1 451 1 1900 1 2220
3 1 461 1 1014 1 1974
3 1 531 1 791 1 2071
3 1 461 1 1654 1 1974
3 1 342 1 735 1 1375
3 1 561 1 757 1 1077
3 1 561 1 757 1 2037
3 1 552 1 748 1 1068
3 1 529 1 789 1 2069
3 1 529 1 789 1 1429
3 1 342 1 1055 1 1375
3 1 570 1 766 1 1086
3 1 531 1 791 1 1751
3 1 597 1 1273 1 1913
3 1 570 1 830 1 1790
3 1 342 1 1375 1 2015
3 1 531 1 791 1 1431
3 1 570 1 830 1 1470
3 1 364 1 1077 1 1397
3 1 566 1 826 1 1786
3 1 564 1 760 1 2040
3 1 570 1 830 1 2110
3 1 566 1 826 1 1466
3 1 505 1 1634 1 1954
3 1 552 1 748 1 2028
3 1 537 1 797 1 1757
3 1 444 1 1429 1 1749
3 1 537 1 797 1 2077
3 1 444 1 1749 1 2069
3 1 566 1 826 1 2106
3 1 556 1 816 1 1776
3 1 556 1 816 1 1456
3 1 556 1 816 1 2096
3 1 386 1 1435 1 1755
3 1 386 1 1755 1 2075
3 1 552 1 812 1 2092
3 1 552 1 812 1 1772
3 1 552 1 812 1 1452
3 1 551 1 811 1 2091
3 1 551 1 811 1 1451
3 1 541 1 737 1 2017
3 1 551 1 811 1 1771
3 1 569 1 829 1 1469
3 1 569 1 829 1 1789
3 1 569 1 829 1 2109
3 1 534 1 794 1 1754
3 1 534 1 794 1 2074
3 1 535 1 795 1 2075
3 1 535 1 795 1 1435
3 1 484 1 1293 1 1933
3 1 493 1 982 1 1942
3 1 525 1 785 1 2065
3 1 597 1 953 1 1273
3 1 525 1 785 1 1745
3 1 638 1 930 1 1250
3 1 597 1 1273 1 2233
3 1 439 1 1168 1 1808
3 1 468 1 1021 1 1981
3 1 626 1 854 1 1174
3 1 523 1 719 1 1999
3 1 372 1 1085 1 1405
3 1 332 1 725 1 1365
3 1 400 1 1193 1 1833
3 1 373 1 1406 1 2046
3 1 513 1 773 1 2053
3 1 560 1 820 1 1460
3 1 513 1 773 1 1733
3 1 501 1 1310 1 1950
3 1 560 1 820 1 1780
3 1 443 1 852 1 1812
3 1 604 1 1216 1 1856
3 1 604 1 896 1 1216
3 1 509 1 934 1 2214
3 1 604 1 1216 1 2176
3 1 499 1 988 1 1948
3 1 555 1 815 1 2095
3 1 623 1 1235 1 2195
3 1 494 1 983 1 1943
3 1 324 1 717 1 1357
3 1 499 1 1308 1 1948
3 1 568 1 828 1 2108
3 1 585 1 1261 1 2221
3 1 379 1 1348 1 1988
3 1 357 1 750 1 1390
3 1 364 1 1397 1 2037
3 1 501 1 1630 1 1950
3 1 512 1 708 1 1028
3 1 594 1 1270 1 2230
3 1 528 1 788 1 1428
3 1 597 1 889 1 1209
3 1 522 1 782 1 1422
3 1 560 1 820 1 2100
3 1 436 1 1165 1 1805
3 1 618 1 910 1 1230
3 1 485 1 910 1 2190
3 1 332 1 1365 1 2005
3 1 561 1 821 1 1781
3 1 522 1 718 1 1038
3 1 325 1 974 1 1294
3 1 594 1 1270 1 1910
3 1 597 1 1209 1 1529
3 1 506 1 1891 1 2211
3 1 437 1 1166 1 1806
3 1 324 1 1357 1 1997
3 1 484 1 909 1 2189
3 1 521 1 781 1 1421
3 1 459 1 1652 1 1972
3 1 523 1 783 1 2063
3 1 389 1 1182 1 1822
3 1 538 1 798 1 2078
3 1 600 1 956 1 1276
3 1 551 1 747 1 1067
3 1 421 1 894 1 1854
3 1 532 1 792 1 2072
3 1 391 1 1504 1 1824
3 1 575 1 771 1 1411
3 1 341 1 1374 1 2014
3 1 493 1 1302 1 1942
3 1 631 1 1243 1 2203
3 1 576 1 932 1 1252
3 1 438 1 1743 1 2063
3 1 333 1 1366 1 2006
3 1 367 1 1400 1 2040
3 1 406 1 879 1 1839
3 1 596 1 1272 1 2232
3 1 589 1 1265 1 1905
3 1 530 1 790 1 1430
3 1 488 1 1297 1 1937
3 1 494 1 1303 1 1943
3 1 603 1 895 1 1215
3 1 595 1 1271 1 1911
3 1 436 1 1421 1 1741
3 1 612 1 904 1 1224
3 1 553 1 813 1 1453
3 1 617 1 1229 1 1869
3 1 379 1 1028 1 1348
3 1 577 1 1253 1 2213
3 1 574 1 706 1 1986
3 1 632 1 924 1 1244
3 1 369 1 1402 1 2042
3 1 481 1 1290 1 1930
3 1 481 1 970 1 1930
3 1 524 1 784 1 1424
3 1 613 1 1225 1 2185
3 1 613 1 1225 1 1865
3 1 553 1 813 1 2093
3 1 328 1 1041 1 1361
3 1 509 1 1318 1 1958
3 1 333 1 726 1 1366
3 1 391 1 1760 1 2080
3 1 333 1 1046 1 1366
3 1 463 1 1016 1 1976
3 1 377 1 1026 1 1346
3 1 348 1 741 1 1381
3 1 486 1 975 1 1935
3 1 485 1 974 1 1934
3 1 573 1 769 1 1729
3 1 392 1 1761 1 2081
3 1 443 1 1492 1 1812
3 1 596 1 1272 1 1912
3 1 398 1 1447 1 1767
3 1 420 1 893 1 1853
3 1 394 1 1507 1 1827
3 1 378 1 963 1 1283
3 1 443 1 1172 1 1812
3 1 555 1 815 1 1775
3 1 432 1 841 1 1801
3 1 555 1 815 1 1455
3 1 587 1 943 1 1263
3 1 527 1 787 1 1427
3 1 626 1 1238 1 2198
3 1 329 1 722 1 1362
3 1 488 1 1873 1 2193
3 1 621 1 1233 1 1873
3 1 598 1 890 1 1210
3 1 494 1 1623 1 1943
3 1 620 1 912 1 1232
3 1 573 1 769 1 2049
3 1 391 1 1184 1 1824
3 1 466 1 1339 1 1979
3 1 588 1 880 1 1200
3 1 346 1 1059 1 1379
3 1 456 1 1905 1 2225
3 1 512 1 708 1 1988
3 1 445 1 1750 1 2070
3 1 636 1 1248 1 1888
3 1 437 1 1486 1 1806
3 1 599 1 1275 1 2235
3 1 626 1 1174 1 1494
3 1 404 1 1773 1 2093
3 1 466 1 1019 1 1979
3 1 348 1 1061 1 1381
3 1 620 1 1232 1 2192
3 1 478 1 1287 1 1927
3 1 341 1 734 1 1374
3 1 595 1 1271 1 2231
3 1 329 1 1298 1 1618
3 1 541 1 801 1 1441
3 1 440 1 1489 1 1809
3 1 404 1 1453 1 1773
3 1 494 1 1879 1 2199
