664 2240
2 1 1471 1 1791
2 1 1791 1 2111
2 1 1471 1 2111
2 1 1782 1 2102
2 1 1776 1 2096
2 1 1767 1 2087
2 1 1450 1 1770
2 1 1450 1 2090
2 1 1775 1 2095
2 1 1760 1 2080
2 1 1455 1 2095
2 1 1440 1 2080
2 1 1770 1 2090
2 1 1440 1 1760
2 1 1435 1 1755
2 1 1455 1 1775
2 1 1755 1 2075
2 1 1435 1 2075
2 1 1434 1 2074
2 1 1430 1 2070
2 1 1750 1 2070
2 1 1430 1 1750
2 1 1749 1 2069
2 1 1427 1 1747
2 1 1427 1 2067
2 1 1747 1 2067
2 1 1746 1 2066
2 1 1425 1 1745
2 1 1745 1 2065
2 1 1425 1 2065
2 1 1419 1 2059
2 1 1739 1 2059
2 1 1419 1 1739
2 1 1417 1 2057
2 1 1734 1 2054
2 1 1733 1 2053
2 1 1413 1 1733
2 1 1413 1 2053
2 1 1409 1 2049
2 1 1409 1 1729
2 1 1729 1 2049
2 1 1424 1 1744
2 1 970 1 1290
2 1 1284 1 1604
2 1 960 1 1600
2 1 964 1 1604
2 1 960 1 1280
2 1 964 1 1284
2 1 1280 1 1600
2 1 1335 1 1655
2 1 1013 1 1333
2 1 1008 1 1648
2 1 1007 1 1327
2 1 1010 1 1650
2 1 1330 1 1650
2 1 1327 1 1647
2 1 1007 1 1647
2 1 1010 1 1330
2 1 1325 1 1645
2 1 1005 1 1645
2 1 1005 1 1325
2 1 994 1 1634
2 1 1314 1 1634
2 1 994 1 1314
2 1 1312 1 1632
2 1 992 1 1312
2 1 1441 1 1761
2 1 992 1 1632
2 1 1308 1 1628
2 1 988 1 1308
2 1 988 1 1628
2 1 986 1 1626
2 1 981 1 1621
2 1 1301 1 1621
2 1 981 1 1301
2 1 1297 1 1617
2 1 1299 1 1619
2 1 979 1 1619
2 1 977 1 1617
2 1 977 1 1297
2 1 1155 1 1475
2 1 976 1 1616
2 1 835 1 1155
2 1 1296 1 1616
2 1 976 1 1296
2 1 979 1 1299
2 1 835 1 1475
2 1 1154 1 1474
2 1 832 1 1472
2 1 894 1 1534
2 1 1213 1 1533
2 1 1340 1 1660
2 1 889 1 1209
2 1 1016 1 1336
2 1 1336 1 1656
2 1 1016 1 1656
2 1 1781 1 2101
2 1 1204 1 1524
2 1 1331 1 1651
2 1 884 1 1524
2 1 884 1 1204
2 1 880 1 1200
2 1 1201 1 1521
2 1 879 1 1199
2 1 879 1 1519
2 1 1199 1 1519
2 1 878 1 1518
2 1 1198 1 1518
2 1 878 1 1198
2 1 1326 1 1646
2 1 1194 1 1514
2 1 874 1 1514
2 1 874 1 1194
2 1 873 1 1513
2 1 873 1 1193
2 1 1193 1 1513
2 1 1768 1 2088
2 1 1448 1 1768
2 1 1448 1 2088
2 1 998 1 1318
2 1 871 1 1511
2 1 1318 1 1638
2 1 871 1 1191
2 1 998 1 1638
2 1 1191 1 1511
2 1 1187 1 1507
2 1 863 1 1183
2 1 864 1 1184
2 1 1758 1 2078
2 1 991 1 1631
2 1 1183 1 1503
2 1 858 1 1178
2 1 1178 1 1498
2 1 863 1 1503
2 1 858 1 1498
2 1 857 1 1497
2 1 857 1 1177
2 1 1177 1 1497
2 1 861 1 1501
2 1 1752 1 2072
2 1 1431 1 1751
2 1 1751 1 2071
2 1 1431 1 2071
2 1 854 1 1494
2 1 854 1 1174
2 1 984 1 1304
2 1 1174 1 1494
2 1 853 1 1493
2 1 1023 1 1343
2 1 852 1 1172
2 1 852 1 1492
2 1 1172 1 1492
2 1 1171 1 1491
2 1 850 1 1490
2 1 850 1 1170
2 1 1170 1 1490
2 1 849 1 1489
2 1 1422 1 2062
2 1 1168 1 1488
2 1 848 1 1168
2 1 1742 1 2062
2 1 1422 1 1742
2 1 975 1 1295
2 1 848 1 1488
2 1 974 1 1614
2 1 1420 1 1740
2 1 843 1 1163
2 1 1418 1 1738
2 1 841 1 1161
2 1 838 1 1158
2 1 837 1 1477
2 1 837 1 1157
2 1 1157 1 1477
2 1 1412 1 1732
2 1 1412 1 2052
2 1 1732 1 2052
2 1 896 1 2176
2 1 1408 1 1728
2 1 767 1 2047
2 1 767 1 1087
2 1 1087 1 2047
2 1 766 1 1086
2 1 959 1 2239
2 1 1919 1 2239
2 1 959 1 1919
2 1 1470 1 2110
2 1 958 1 2238
2 1 765 1 1085
2 1 764 1 1084
2 1 957 1 1917
2 1 1788 1 2108
2 1 956 1 1916
2 1 1018 1 1658
2 1 1018 1 1338
2 1 1338 1 1658
2 1 1211 1 1531
2 1 955 1 1915
2 1 1915 1 2235
2 1 955 1 2235
2 1 890 1 1210
2 1 1081 1 2041
2 1 760 1 2040
2 1 760 1 1080
2 1 1080 1 2040
2 1 1464 1 2104
2 1 1207 1 1527
2 1 1014 1 1654
2 1 1014 1 1334
2 1 1334 1 1654
2 1 758 1 2038
2 1 1078 1 2038
2 1 758 1 1078
2 1 951 1 1911
2 1 757 1 2037
2 1 1910 1 2230
2 1 949 1 2229
2 1 1012 1 1332
2 1 885 1 1525
2 1 885 1 1205
2 1 1205 1 1525
2 1 756 1 1076
2 1 1460 1 1780
2 1 1780 1 2100
2 1 1460 1 2100
2 1 1908 1 2228
2 1 1075 1 2035
2 1 755 1 1075
2 1 755 1 2035
2 1 754 1 2034
2 1 1907 1 2227
2 1 947 1 1907
2 1 947 1 2227
2 1 1329 1 1649
2 1 1778 1 2098
2 1 882 1 1202
2 1 753 1 1073
2 1 752 1 2032
2 1 752 1 1072
2 1 1072 1 2032
2 1 751 1 1071
2 1 751 1 2031
2 1 1071 1 2031
2 1 943 1 2223
2 1 750 1 2030
2 1 1070 1 2030
2 1 750 1 1070
2 1 1902 1 2222
2 1 942 1 2222
2 1 942 1 1902
2 1 1774 1 2094
2 1 1454 1 1774
2 1 1454 1 2094
2 1 749 1 2029
2 1 1004 1 1644
2 1 1004 1 1324
2 1 1324 1 1644
2 1 1901 1 2221
2 1 941 1 2221
2 1 941 1 1901
2 1 1452 1 1772
2 1 747 1 2027
2 1 746 1 2026
2 1 746 1 1066
2 1 1066 1 2026
2 1 939 1 2219
2 1 745 1 2025
2 1 1065 1 2025
2 1 745 1 1065
2 1 1449 1 2089
2 1 1449 1 1769
2 1 1769 1 2089
2 1 937 1 2217
2 1 937 1 1897
2 1 1897 1 2217
2 1 744 1 2024
2 1 1192 1 1512
2 1 743 1 1063
2 1 999 1 1319
2 1 936 1 2216
2 1 1895 1 2215
2 1 934 1 1894
2 1 1894 1 2214
2 1 934 1 2214
2 1 1446 1 2086
2 1 1446 1 1766
2 1 1766 1 2086
2 1 870 1 1510
2 1 997 1 1317
2 1 1765 1 2085
2 1 1189 1 1509
2 1 1444 1 1764
2 1 1764 1 2084
2 1 1444 1 2084
2 1 1188 1 1508
2 1 995 1 1635
2 1 739 1 2019
2 1 739 1 1059
2 1 1059 1 2019
2 1 1892 1 2212
2 1 1443 1 1763
2 1 738 1 2018
2 1 1891 1 2211
2 1 737 1 2017
2 1 1057 1 2017
2 1 737 1 1057
2 1 930 1 2210
2 1 930 1 1890
2 1 1890 1 2210
2 1 1889 1 2209
2 1 736 1 1056
2 1 736 1 2016
2 1 1056 1 2016
2 1 928 1 2208
2 1 1055 1 2015
2 1 1887 1 2207
2 1 927 1 1887
2 1 927 1 2207
2 1 734 1 2014
2 1 1309 1 1629
2 1 989 1 1629
2 1 989 1 1309
2 1 733 1 2013
2 1 1053 1 2013
2 1 733 1 1053
2 1 1886 1 2206
2 1 926 1 2206
2 1 926 1 1886
2 1 1885 1 2205
2 1 732 1 2012
2 1 924 1 1884
2 1 987 1 1627
2 1 922 1 1882
2 1 1882 1 2202
2 1 922 1 2202
2 1 729 1 2009
2 1 729 1 1049
2 1 1049 1 2009
2 1 1433 1 1753
2 1 983 1 1303
2 1 1880 1 2200
2 1 920 1 2200
2 1 920 1 1880
2 1 1879 1 2199
2 1 982 1 1622
2 1 982 1 1302
2 1 1302 1 1622
2 1 855 1 1495
2 1 1878 1 2198
2 1 917 1 2197
2 1 917 1 1877
2 1 1877 1 2197
2 1 724 1 1044
2 1 916 1 1876
2 1 1876 1 2196
2 1 916 1 2196
2 1 1748 1 2068
2 1 1428 1 2068
2 1 1428 1 1748
2 1 1043 1 2003
2 1 723 1 2003
2 1 723 1 1043
2 1 722 1 1042
2 1 1042 1 2002
2 1 722 1 2002
2 1 1875 1 2195
2 1 915 1 2195
2 1 915 1 1875
2 1 1874 1 2194
2 1 914 1 2194
2 1 914 1 1874
2 1 721 1 1041
2 1 913 1 2193
2 1 1873 1 2193
2 1 913 1 1873
2 1 912 1 2192
2 1 912 1 1872
2 1 1872 1 2192
2 1 719 1 1039
2 1 911 1 2191
2 1 717 1 1997
2 1 973 1 1293
2 1 973 1 1613
2 1 1293 1 1613
2 1 1869 1 2189
2 1 972 1 1612
2 1 1741 1 2061
2 1 845 1 1485
2 1 845 1 1165
2 1 1165 1 1485
2 1 1164 1 1484
2 1 715 1 1995
2 1 715 1 1035
2 1 1035 1 1995
2 1 971 1 1291
2 1 971 1 1611
2 1 1291 1 1611
2 1 1867 1 2187
2 1 906 1 2186
2 1 842 1 1162
2 1 1162 1 1482
2 1 842 1 1482
2 1 969 1 1289
2 1 969 1 1609
2 1 1289 1 1609
2 1 1033 1 1993
2 1 713 1 1993
2 1 713 1 1033
2 1 1287 1 1607
2 1 840 1 1160
2 1 1160 1 1480
2 1 840 1 1480
2 1 711 1 1991
2 1 1286 1 1606
2 1 966 1 1606
2 1 966 1 1286
2 1 839 1 1479
2 1 1159 1 1479
2 1 839 1 1159
2 1 710 1 1030
2 1 709 1 1989
2 1 709 1 1029
2 1 1029 1 1989
2 1 901 1 2181
2 1 900 1 2180
2 1 707 1 1987
2 1 1027 1 1987
2 1 707 1 1027
2 1 836 1 1476
2 1 1156 1 1476
2 1 836 1 1156
2 1 1411 1 2051
2 1 1411 1 1731
2 1 1731 1 2051
2 1 706 1 1026
2 1 706 1 1986
2 1 1026 1 1986
2 1 705 1 1025
2 1 898 1 1858
2 1 898 1 2178
2 1 1858 1 2178
2 1 897 1 1857
2 1 704 1 1024
2 1 704 1 1984
2 1 1024 1 1984
3 1 578 1 1254 1 1894
3 1 540 1 800 1 1760
3 1 578 1 934 1 1254
3 1 571 1 831 1 1471
3 1 571 1 831 1 2111
3 1 571 1 831 1 1791
3 1 604 1 1216 1 2176
3 1 535 1 731 1 1051
3 1 614 1 906 1 1226
3 1 450 1 1323 1 1963
3 1 350 1 743 1 1383
3 1 478 1 1863 1 2183
3 1 540 1 800 1 1440
3 1 604 1 832 1 1152
3 1 616 1 1228 1 2188
3 1 517 1 777 1 1417
3 1 435 1 1164 1 1804
3 1 505 1 1314 1 1954
3 1 540 1 800 1 2080
3 1 505 1 1634 1 1954
3 1 604 1 896 1 1216
3 1 578 1 1254 1 2214
3 1 564 1 824 1 1464
3 1 435 1 1484 1 1804
3 1 570 1 830 1 2110
3 1 614 1 1226 1 2186
3 1 481 1 970 1 1930
3 1 550 1 810 1 1450
3 1 609 1 901 1 1221
3 1 350 1 1063 1 1383
3 1 611 1 1223 1 1863
3 1 573 1 769 1 2049
3 1 505 1 994 1 1954
3 1 562 1 822 1 2102
3 1 550 1 810 1 1770
3 1 578 1 1190 1 1510
3 1 550 1 810 1 2090
3 1 371 1 1084 1 1404
3 1 507 1 1316 1 1956
3 1 397 1 870 1 1830
3 1 431 1 840 1 1800
3 1 403 1 876 1 1836
3 1 322 1 1355 1 1995
3 1 601 1 1277 1 1917
3 1 547 1 807 1 1767
3 1 547 1 807 1 2087
3 1 381 1 1030 1 1350
3 1 367 1 760 1 1400
3 1 517 1 777 1 2057
3 1 544 1 804 1 1764
3 1 562 1 822 1 1782
3 1 568 1 828 1 2108
3 1 621 1 1169 1 1489
3 1 522 1 718 1 1998
3 1 577 1 1253 1 2213
3 1 466 1 1019 1 1979
3 1 568 1 828 1 1788
3 1 322 1 715 1 1355
3 1 551 1 811 1 2091
3 1 621 1 849 1 1169
3 1 633 1 1245 1 1885
3 1 375 1 704 1 1344
3 1 546 1 806 1 2086
3 1 323 1 716 1 1356
3 1 419 1 1212 1 1852
3 1 556 1 816 1 1776
3 1 381 1 710 1 1350
3 1 617 1 1229 1 1869
3 1 617 1 1229 1 2189
3 1 534 1 794 1 2074
3 1 556 1 816 1 2096
3 1 555 1 815 1 2095
3 1 516 1 776 1 2056
3 1 584 1 876 1 1196
3 1 633 1 1245 1 2205
3 1 633 1 861 1 1181
3 1 395 1 1188 1 1828
3 1 382 1 711 1 1351
3 1 639 1 1251 1 2211
3 1 386 1 1179 1 1819
3 1 324 1 1357 1 1997
3 1 555 1 815 1 1775
3 1 559 1 819 1 1459
3 1 555 1 815 1 1455
3 1 529 1 789 1 1749
3 1 338 1 1051 1 1371
3 1 639 1 1251 1 1891
3 1 530 1 790 1 1750
3 1 526 1 786 1 1746
3 1 530 1 790 1 2070
3 1 337 1 986 1 1306
3 1 530 1 790 1 1430
3 1 621 1 1233 1 2193
3 1 529 1 789 1 2069
3 1 337 1 1306 1 1626
3 1 573 1 769 1 1729
3 1 406 1 1519 1 1839
3 1 498 1 1627 1 1947
3 1 500 1 1309 1 1949
3 1 548 1 808 1 2088
3 1 544 1 804 1 2084
3 1 411 1 1524 1 1844
3 1 534 1 794 1 1434
3 1 481 1 1290 1 1930
3 1 498 1 987 1 1947
3 1 462 1 1335 1 1975
3 1 497 1 1626 1 1946
3 1 371 1 764 1 1404
3 1 575 1 771 1 2051
3 1 546 1 742 1 2022
3 1 497 1 986 1 1946
3 1 575 1 771 1 1411
3 1 385 1 1434 1 1754
3 1 575 1 771 1 1731
3 1 579 1 1255 1 2215
3 1 527 1 787 1 1747
3 1 396 1 1509 1 1829
3 1 535 1 795 1 1435
3 1 535 1 795 1 2075
3 1 349 1 1382 1 2022
3 1 477 1 1606 1 1926
3 1 430 1 1415 1 1735
3 1 535 1 795 1 1755
3 1 472 1 1281 1 1921
3 1 385 1 1754 1 2074
3 1 324 1 717 1 1357
3 1 437 1 1166 1 1806
3 1 360 1 753 1 1393
3 1 360 1 1073 1 1393
3 1 543 1 803 1 1763
3 1 355 1 1068 1 1388
3 1 352 1 745 1 1385
3 1 354 1 747 1 1387
3 1 612 1 904 1 1224
3 1 328 1 1041 1 1361
3 1 457 1 1650 1 1970
3 1 354 1 1387 1 2027
3 1 510 1 999 1 1959
3 1 344 1 1057 1 1377
3 1 336 1 1369 1 2009
3 1 352 1 1065 1 1385
3 1 627 1 1239 1 2199
3 1 396 1 1189 1 1829
3 1 346 1 1379 1 2019
3 1 415 1 1208 1 1848
3 1 543 1 803 1 1443
3 1 519 1 779 1 2059
3 1 440 1 1489 1 1809
3 1 431 1 1736 1 2056
3 1 449 1 1898 1 2218
3 1 320 1 1353 1 1993
3 1 544 1 740 1 2020
3 1 415 1 1784 1 2104
3 1 344 1 737 1 1377
3 1 338 1 1307 1 1627
3 1 513 1 773 1 1733
3 1 580 1 936 1 1256
3 1 499 1 988 1 1948
3 1 579 1 1255 1 1895
3 1 504 1 1313 1 1953
3 1 433 1 1482 1 1802
3 1 482 1 1611 1 1931
3 1 624 1 916 1 1236
3 1 356 1 1389 1 2029
3 1 461 1 1654 1 1974
3 1 462 1 1655 1 1975
3 1 552 1 748 1 1068
3 1 451 1 1900 1 2220
3 1 406 1 1199 1 1839
3 1 410 1 1459 1 1779
3 1 353 1 1386 1 2026
3 1 607 1 1219 1 2179
3 1 451 1 1004 1 1964
3 1 548 1 808 1 1768
3 1 402 1 1771 1 2091
3 1 501 1 1630 1 1950
3 1 322 1 1035 1 1355
3 1 394 1 1187 1 1827
3 1 573 1 769 1 1409
3 1 432 1 1737 1 2057
3 1 379 1 708 1 1348
3 1 454 1 1007 1 1967
3 1 454 1 1327 1 1967
3 1 440 1 849 1 1809
3 1 454 1 1647 1 1967
3 1 596 1 952 1 1272
3 1 622 1 914 1 1234
3 1 627 1 1175 1 1495
3 1 375 1 1344 1 1984
3 1 451 1 1644 1 1964
3 1 375 1 1024 1 1344
3 1 581 1 1257 1 1897
3 1 455 1 1008 1 1968
3 1 506 1 1635 1 1955
3 1 490 1 1619 1 1939
3 1 376 1 705 1 1345
3 1 597 1 1273 1 1913
3 1 570 1 830 1 1470
3 1 629 1 921 1 1241
3 1 627 1 1239 1 1879
3 1 584 1 1260 1 1900
3 1 356 1 749 1 1389
3 1 483 1 1612 1 1932
3 1 484 1 1613 1 1933
3 1 561 1 821 1 2101
3 1 394 1 1507 1 1827
3 1 624 1 1236 1 1876
3 1 465 1 1338 1 1978
3 1 326 1 1039 1 1359
3 1 561 1 821 1 1781
3 1 627 1 855 1 1175
3 1 406 1 879 1 1839
3 1 595 1 951 1 1271
3 1 320 1 713 1 1353
3 1 465 1 1658 1 1978
3 1 519 1 779 1 1419
3 1 432 1 1417 1 1737
3 1 451 1 1324 1 1964
3 1 524 1 720 1 1040
3 1 320 1 1033 1 1353
