666 2240
2 1 1469 1 2109
2 1 1468 1 2108
2 1 1468 1 1788
2 1 1788 1 2108
2 1 1786 1 2106
2 1 1783 1 2103
2 1 1778 1 2098
2 1 1451 1 2091
2 1 1451 1 1771
2 1 1771 1 2091
2 1 1770 1 2090
2 1 1449 1 2089
2 1 1769 1 2089
2 1 1449 1 1769
2 1 1445 1 1765
2 1 1447 1 2087
2 1 1765 1 2085
2 1 1445 1 2085
2 1 1442 1 2082
2 1 1438 1 2078
2 1 1750 1 2070
2 1 1746 1 2066
2 1 1430 1 2070
2 1 1425 1 1745
2 1 1745 1 2065
2 1 1430 1 1750
2 1 1425 1 2065
2 1 1424 1 2064
2 1 1424 1 1744
2 1 1744 1 2064
2 1 1423 1 2063
2 1 1417 1 2057
2 1 1737 1 2057
2 1 1417 1 1737
2 1 974 1 1294
2 1 1408 1 1728
2 1 1408 1 2048
2 1 1410 1 1730
2 1 961 1 1601
2 1 961 1 1281
2 1 1281 1 1601
2 1 1020 1 1340
2 1 1019 1 1659
2 1 1019 1 1339
2 1 1339 1 1659
2 1 1467 1 1787
2 1 1728 1 2048
2 1 1011 1 1331
2 1 1331 1 1651
2 1 1013 1 1333
2 1 1333 1 1653
2 1 1013 1 1653
2 1 1011 1 1651
2 1 1003 1 1643
2 1 1002 1 1322
2 1 1322 1 1642
2 1 1002 1 1642
2 1 1000 1 1320
2 1 1448 1 1768
2 1 998 1 1638
2 1 995 1 1315
2 1 989 1 1309
2 1 989 1 1629
2 1 1309 1 1629
2 1 988 1 1308
2 1 981 1 1301
2 1 1428 1 1748
2 1 1435 1 1755
2 1 979 1 1619
2 1 1299 1 1619
2 1 983 1 1623
2 1 979 1 1299
2 1 1297 1 1617
2 1 1284 1 1604
2 1 833 1 1153
2 1 1023 1 1663
2 1 892 1 1532
2 1 892 1 1212
2 1 1212 1 1532
2 1 891 1 1531
2 1 890 1 1210
2 1 1337 1 1657
2 1 886 1 1526
2 1 886 1 1206
2 1 1018 1 1658
2 1 1206 1 1526
2 1 1010 1 1330
2 1 1330 1 1650
2 1 1010 1 1650
2 1 1202 1 1522
2 1 1456 1 2096
2 1 1776 1 2096
2 1 1456 1 1776
2 1 884 1 1204
2 1 1009 1 1329
2 1 1329 1 1649
2 1 1009 1 1649
2 1 1773 1 2093
2 1 876 1 1516
2 1 876 1 1196
2 1 1196 1 1516
2 1 875 1 1195
2 1 1194 1 1514
2 1 874 1 1514
2 1 874 1 1194
2 1 873 1 1513
2 1 872 1 1512
2 1 871 1 1191
2 1 1446 1 2086
2 1 1446 1 1766
2 1 1766 1 2086
2 1 999 1 1319
2 1 869 1 1509
2 1 868 1 1188
2 1 868 1 1508
2 1 1188 1 1508
2 1 866 1 1506
2 1 993 1 1313
2 1 1441 1 1761
2 1 861 1 1181
2 1 1181 1 1501
2 1 861 1 1501
2 1 1443 1 1763
2 1 860 1 1180
2 1 859 1 1179
2 1 1443 1 2083
2 1 1763 1 2083
2 1 1434 1 1754
2 1 1434 1 2074
2 1 1754 1 2074
2 1 987 1 1307
2 1 1306 1 1626
2 1 1431 1 2071
2 1 1174 1 1494
2 1 854 1 1174
2 1 854 1 1494
2 1 1173 1 1493
2 1 1172 1 1492
2 1 853 1 1173
2 1 853 1 1493
2 1 1300 1 1620
2 1 980 1 1300
2 1 980 1 1620
2 1 1169 1 1489
2 1 849 1 1169
2 1 849 1 1489
2 1 848 1 1488
2 1 1168 1 1488
2 1 848 1 1168
2 1 847 1 1487
2 1 847 1 1167
2 1 1167 1 1487
2 1 1166 1 1486
2 1 973 1 1293
2 1 972 1 1292
2 1 845 1 1165
2 1 846 1 1166
2 1 846 1 1486
2 1 1735 1 2055
2 1 1415 1 2055
2 1 1415 1 1735
2 1 1416 1 1736
2 1 1736 1 2056
2 1 1416 1 2056
2 1 968 1 1608
2 1 837 1 1157
2 1 1471 1 2111
2 1 1791 1 2111
2 1 1471 1 1791
2 1 1215 1 1535
2 1 895 1 1215
2 1 895 1 1535
2 1 959 1 2239
2 1 766 1 2046
2 1 1214 1 1534
2 1 765 1 2045
2 1 1085 1 2045
2 1 765 1 1085
2 1 1918 1 2238
2 1 956 1 1916
2 1 1083 1 2043
2 1 1915 1 2235
2 1 955 1 2235
2 1 955 1 1915
2 1 762 1 1082
2 1 762 1 2042
2 1 1082 1 2042
2 1 954 1 2234
2 1 954 1 1914
2 1 1914 1 2234
2 1 1465 1 2105
2 1 1785 1 2105
2 1 1465 1 1785
2 1 889 1 1209
2 1 889 1 1529
2 1 1209 1 1529
2 1 953 1 1913
2 1 953 1 2233
2 1 1913 1 2233
2 1 1015 1 1335
2 1 1208 1 1528
2 1 1912 1 2232
2 1 759 1 1079
2 1 1911 1 2231
2 1 1078 1 2038
2 1 950 1 1910
2 1 950 1 2230
2 1 1910 1 2230
2 1 757 1 2037
2 1 949 1 1909
2 1 885 1 1205
2 1 1076 1 2036
2 1 1460 1 1780
2 1 755 1 1075
2 1 1075 1 2035
2 1 755 1 2035
2 1 1459 1 1779
2 1 1779 1 2099
2 1 1459 1 2099
2 1 754 1 2034
2 1 754 1 1074
2 1 1074 1 2034
2 1 947 1 1907
2 1 1907 1 2227
2 1 947 1 2227
2 1 946 1 1906
2 1 1906 1 2226
2 1 946 1 2226
2 1 1905 1 2225
2 1 945 1 2225
2 1 945 1 1905
2 1 1457 1 2097
2 1 1777 1 2097
2 1 1457 1 1777
2 1 881 1 1521
2 1 1201 1 1521
2 1 881 1 1201
2 1 751 1 2031
2 1 1327 1 1647
2 1 1007 1 1647
2 1 1007 1 1327
2 1 1903 1 2223
2 1 1199 1 1519
2 1 879 1 1519
2 1 879 1 1199
2 1 1006 1 1646
2 1 1006 1 1326
2 1 1326 1 1646
2 1 750 1 2030
2 1 1005 1 1645
2 1 1004 1 1644
2 1 1004 1 1324
2 1 1324 1 1644
2 1 877 1 1197
2 1 1068 1 2028
2 1 1067 1 2027
2 1 747 1 1067
2 1 747 1 2027
2 1 939 1 2219
2 1 1066 1 2026
2 1 746 1 2026
2 1 746 1 1066
2 1 938 1 2218
2 1 938 1 1898
2 1 1898 1 2218
2 1 1065 1 2025
2 1 937 1 2217
2 1 937 1 1897
2 1 1897 1 2217
2 1 744 1 1064
2 1 1064 1 2024
2 1 744 1 2024
2 1 936 1 2216
2 1 1896 1 2216
2 1 936 1 1896
2 1 1063 1 2023
2 1 935 1 1895
2 1 935 1 2215
2 1 1895 1 2215
2 1 742 1 2022
2 1 1190 1 1510
2 1 870 1 1190
2 1 870 1 1510
2 1 934 1 1894
2 1 741 1 1061
2 1 740 1 1060
2 1 1444 1 1764
2 1 1764 1 2084
2 1 1444 1 2084
2 1 932 1 2212
2 1 1892 1 2212
2 1 932 1 1892
2 1 1187 1 1507
2 1 994 1 1634
2 1 1891 1 2211
2 1 931 1 1891
2 1 931 1 2211
2 1 1890 1 2210
2 1 865 1 1505
2 1 736 1 2016
2 1 992 1 1312
2 1 1888 1 2208
2 1 991 1 1631
2 1 864 1 1184
2 1 1440 1 1760
2 1 735 1 2015
2 1 1054 1 2014
2 1 1887 1 2207
2 1 733 1 1053
2 1 925 1 1885
2 1 1052 1 2012
2 1 732 1 2012
2 1 732 1 1052
2 1 1884 1 2204
2 1 924 1 2204
2 1 924 1 1884
2 1 1051 1 2011
2 1 923 1 1883
2 1 922 1 2202
2 1 1882 1 2202
2 1 922 1 1882
2 1 985 1 1305
2 1 985 1 1625
2 1 1305 1 1625
2 1 857 1 1497
2 1 1048 1 2008
2 1 728 1 2008
2 1 728 1 1048
2 1 1304 1 1624
2 1 984 1 1304
2 1 984 1 1624
2 1 919 1 2199
2 1 855 1 1175
2 1 726 1 1046
2 1 1045 1 2005
2 1 725 1 2005
2 1 725 1 1045
2 1 917 1 1877
2 1 917 1 2197
2 1 1877 1 2197
2 1 1429 1 1749
2 1 1749 1 2069
2 1 1429 1 2069
2 1 1044 1 2004
2 1 724 1 2004
2 1 724 1 1044
2 1 1876 1 2196
2 1 916 1 2196
2 1 916 1 1876
2 1 1875 1 2195
2 1 915 1 1875
2 1 915 1 2195
2 1 1042 1 2002
2 1 721 1 1041
2 1 913 1 2193
2 1 720 1 1040
2 1 1040 1 2000
2 1 720 1 2000
2 1 912 1 1872
2 1 912 1 2192
2 1 1872 1 2192
2 1 1039 1 1999
2 1 719 1 1039
2 1 719 1 1999
2 1 1871 1 2191
2 1 911 1 2191
2 1 911 1 1871
2 1 718 1 1998
2 1 718 1 1038
2 1 1038 1 1998
2 1 910 1 1870
2 1 1037 1 1997
2 1 717 1 1037
2 1 717 1 1997
2 1 909 1 2189
2 1 1421 1 1741
2 1 1420 1 2060
2 1 971 1 1291
2 1 1868 1 2188
2 1 908 1 2188
2 1 908 1 1868
2 1 1739 1 2059
2 1 1419 1 1739
2 1 1419 1 2059
2 1 714 1 1994
2 1 1162 1 1482
2 1 713 1 1033
2 1 969 1 1609
2 1 1289 1 1609
2 1 969 1 1289
2 1 712 1 1992
2 1 1864 1 2184
2 1 904 1 2184
2 1 904 1 1864
2 1 840 1 1480
2 1 1160 1 1480
2 1 840 1 1160
2 1 967 1 1607
2 1 1287 1 1607
2 1 967 1 1287
2 1 711 1 1991
2 1 1286 1 1606
2 1 839 1 1159
2 1 839 1 1479
2 1 1159 1 1479
2 1 1863 1 2183
2 1 710 1 1990
2 1 1862 1 2182
2 1 838 1 1478
2 1 965 1 1285
2 1 1285 1 1605
2 1 965 1 1605
2 1 1029 1 1989
2 1 709 1 1989
2 1 709 1 1029
2 1 707 1 1987
2 1 900 1 1860
2 1 1282 1 1602
2 1 962 1 1602
2 1 962 1 1282
2 1 1026 1 1986
2 1 706 1 1986
2 1 706 1 1026
2 1 1858 1 2178
2 1 1025 1 1985
2 1 705 1 1985
2 1 705 1 1025
2 1 1409 1 2049
2 1 897 1 1857
2 1 897 1 2177
2 1 1857 1 2177
2 1 1024 1 1984
2 1 704 1 1024
2 1 704 1 1984
3 1 492 1 981 1 1941
3 1 563 1 823 1 2103
3 1 419 1 1532 1 1852
3 1 494 1 1623 1 1943
3 1 394 1 1507 1 1827
3 1 563 1 823 1 1783
3 1 530 1 790 1 1430
3 1 320 1 713 1 1353
3 1 625 1 1237 1 2197
3 1 394 1 1187 1 1827
3 1 610 1 1222 1 1862
3 1 633 1 925 1 1245
3 1 610 1 1222 1 2182
3 1 629 1 1241 1 2201
3 1 530 1 790 1 1750
3 1 530 1 790 1 2070
3 1 584 1 1260 1 2220
3 1 614 1 1226 1 2186
3 1 486 1 1615 1 1935
3 1 436 1 1165 1 1805
3 1 320 1 1033 1 1353
3 1 436 1 845 1 1805
3 1 545 1 805 1 2085
3 1 481 1 1290 1 1930
3 1 545 1 805 1 1445
3 1 607 1 1219 1 1859
3 1 420 1 1789 1 2109
3 1 545 1 805 1 1765
3 1 420 1 1469 1 1789
3 1 569 1 829 1 2109
3 1 569 1 829 1 1469
3 1 549 1 809 1 1449
3 1 549 1 809 1 2089
3 1 558 1 818 1 2098
3 1 566 1 826 1 2106
3 1 558 1 818 1 1778
3 1 549 1 809 1 1769
3 1 566 1 826 1 1786
3 1 547 1 807 1 2087
3 1 547 1 807 1 1447
3 1 538 1 798 1 2078
3 1 538 1 798 1 1438
3 1 389 1 1438 1 1758
3 1 551 1 811 1 1451
3 1 551 1 811 1 2091
3 1 387 1 1436 1 1756
3 1 551 1 811 1 1771
3 1 398 1 1447 1 1767
3 1 398 1 1767 1 2087
3 1 550 1 810 1 2090
3 1 550 1 810 1 1770
3 1 509 1 1638 1 1958
3 1 509 1 998 1 1958
3 1 568 1 828 1 2108
3 1 568 1 828 1 1468
3 1 568 1 828 1 1788
3 1 576 1 1252 1 2212
3 1 389 1 1758 1 2078
3 1 393 1 1442 1 1762
3 1 393 1 1762 1 2082
3 1 542 1 802 1 1442
3 1 542 1 802 1 2082
3 1 540 1 800 1 1440
3 1 586 1 1262 1 1902
3 1 349 1 998 1 1318
3 1 587 1 1263 1 1903
3 1 587 1 1263 1 2223
3 1 612 1 1224 1 1864
3 1 334 1 727 1 1367
3 1 472 1 961 1 1921
3 1 398 1 1191 1 1831
3 1 472 1 1601 1 1921
3 1 613 1 1225 1 1865
3 1 353 1 1066 1 1386
3 1 572 1 768 1 1408
3 1 438 1 1423 1 1743
3 1 477 1 1286 1 1926
3 1 349 1 1318 1 1638
3 1 438 1 1743 1 2063
3 1 381 1 1350 1 1990
3 1 335 1 1368 1 2008
3 1 337 1 1370 1 2010
3 1 523 1 783 1 2063
3 1 523 1 783 1 1423
3 1 380 1 1029 1 1349
3 1 555 1 815 1 1455
3 1 637 1 929 1 1249
3 1 534 1 794 1 1434
3 1 326 1 1295 1 1615
3 1 367 1 760 1 1400
3 1 496 1 1625 1 1945
3 1 612 1 904 1 1224
3 1 507 1 1316 1 1956
3 1 629 1 857 1 1177
3 1 321 1 714 1 1354
3 1 636 1 1248 1 2208
3 1 327 1 1296 1 1616
3 1 440 1 849 1 1809
3 1 472 1 1281 1 1921
3 1 335 1 1048 1 1368
3 1 480 1 1609 1 1929
3 1 573 1 769 1 1409
3 1 612 1 1224 1 2184
3 1 344 1 1377 1 2017
3 1 333 1 726 1 1366
3 1 398 1 871 1 1831
3 1 631 1 1243 1 1883
3 1 504 1 929 1 2209
3 1 433 1 1482 1 1802
3 1 594 1 1270 1 2230
3 1 629 1 1177 1 1497
3 1 375 1 1024 1 1344
3 1 455 1 1008 1 1968
3 1 347 1 740 1 1380
3 1 336 1 729 1 1369
3 1 396 1 1509 1 1829
3 1 449 1 1642 1 1962
3 1 432 1 1161 1 1801
3 1 458 1 1011 1 1971
3 1 580 1 1192 1 1512
3 1 362 1 1075 1 1395
3 1 516 1 776 1 2056
3 1 485 1 1870 1 2190
3 1 478 1 967 1 1927
3 1 579 1 1255 1 1895
3 1 514 1 774 1 1734
3 1 636 1 1248 1 1888
3 1 449 1 1322 1 1962
3 1 449 1 1002 1 1962
3 1 487 1 1616 1 1936
3 1 594 1 1270 1 1910
3 1 321 1 1354 1 1994
3 1 433 1 1418 1 1738
3 1 357 1 1390 1 2030
3 1 477 1 1606 1 1926
3 1 430 1 839 1 1799
3 1 458 1 1331 1 1971
3 1 361 1 1074 1 1394
3 1 615 1 1163 1 1483
3 1 552 1 748 1 2028
3 1 352 1 1065 1 1385
3 1 596 1 1272 1 1912
3 1 620 1 912 1 1232
3 1 420 1 1533 1 1853
3 1 372 1 1085 1 1405
3 1 451 1 1004 1 1964
3 1 391 1 864 1 1824
3 1 585 1 1261 1 1901
3 1 346 1 739 1 1379
3 1 357 1 750 1 1390
3 1 611 1 1223 1 1863
3 1 467 1 1340 1 1980
3 1 611 1 1223 1 2183
3 1 431 1 1480 1 1800
3 1 467 1 1916 1 2236
3 1 376 1 1345 1 1985
3 1 556 1 816 1 1456
3 1 621 1 913 1 1233
3 1 553 1 813 1 1773
3 1 443 1 1492 1 1812
3 1 559 1 819 1 2099
3 1 505 1 994 1 1954
3 1 527 1 723 1 2003
3 1 353 1 746 1 1386
3 1 572 1 768 1 2048
3 1 465 1 1018 1 1978
3 1 358 1 1391 1 2031
3 1 378 1 707 1 1347
3 1 546 1 806 1 1446
3 1 413 1 1462 1 1782
3 1 599 1 955 1 1275
3 1 515 1 775 1 1415
3 1 515 1 775 1 2055
3 1 422 1 895 1 1855
3 1 353 1 1386 1 2026
3 1 573 1 769 1 2049
3 1 562 1 822 1 1462
3 1 424 1 1729 1 2049
3 1 424 1 1409 1 1729
3 1 572 1 768 1 1728
3 1 518 1 778 1 1418
3 1 386 1 859 1 1819
3 1 606 1 1218 1 2178
3 1 439 1 848 1 1808
3 1 450 1 1003 1 1963
3 1 506 1 1315 1 1955
3 1 375 1 1344 1 1984
3 1 588 1 1200 1 1520
3 1 358 1 751 1 1391
3 1 377 1 706 1 1346
3 1 466 1 1019 1 1979
3 1 630 1 1242 1 2202
3 1 620 1 1232 1 2192
3 1 368 1 1401 1 2041
3 1 460 1 1013 1 1973
3 1 594 1 950 1 1270
3 1 638 1 1250 1 2210
3 1 388 1 1181 1 1821
3 1 519 1 779 1 1419
3 1 408 1 881 1 1841
3 1 381 1 710 1 1350
3 1 356 1 1325 1 1645
3 1 524 1 784 1 1424
3 1 407 1 1520 1 1840
3 1 467 1 1020 1 1980
3 1 561 1 821 1 1461
3 1 600 1 956 1 1276
3 1 597 1 953 1 1273
3 1 425 1 834 1 1794
3 1 512 1 708 1 1988
3 1 600 1 1276 1 1916
3 1 342 1 735 1 1375
3 1 430 1 1159 1 1799
3 1 341 1 1310 1 1630
3 1 475 1 1284 1 1924
3 1 622 1 1234 1 1874
3 1 441 1 850 1 1810
3 1 335 1 728 1 1368
3 1 498 1 1307 1 1947
3 1 541 1 801 1 1441
3 1 339 1 1052 1 1372
3 1 466 1 1339 1 1979
3 1 458 1 1651 1 1971
3 1 470 1 1663 1 1983
3 1 516 1 776 1 1416
3 1 606 1 1218 1 1858
3 1 467 1 956 1 2236
3 1 374 1 1407 1 2047
3 1 377 1 1026 1 1346
3 1 433 1 1162 1 1802
3 1 602 1 1278 1 2238
3 1 474 1 1859 1 2179
