427 2240
2 1 1470 1 2110
2 1 1466 1 1786
2 1 1466 1 2106
2 1 1786 1 2106
2 1 1774 1 2094
2 1 1449 1 2089
2 1 1449 1 1769
2 1 1769 1 2089
2 1 1446 1 2086
2 1 1766 1 2086
2 1 1446 1 1766
2 1 1445 1 2085
2 1 1764 1 2084
2 1 1443 1 2083
2 1 1763 1 2083
2 1 1443 1 1763
2 1 1441 1 1761
2 1 1441 1 2081
2 1 1761 1 2081
2 1 1436 1 1756
2 1 1756 1 2076
2 1 1436 1 2076
2 1 1752 1 2072
2 1 1432 1 1752
2 1 1748 1 2068
2 1 1432 1 2072
2 1 1428 1 1748
2 1 1428 1 2068
2 1 1427 1 2067
2 1 1746 1 2066
2 1 1426 1 2066
2 1 1426 1 1746
2 1 1744 1 2064
2 1 1424 1 1744
2 1 1424 1 2064
2 1 1425 1 2065
2 1 1423 1 2063
2 1 1423 1 1743
2 1 1743 1 2063
2 1 1742 1 2062
2 1 1422 1 2062
2 1 1422 1 1742
2 1 975 1 1295
2 1 1342 1 1662
2 1 1341 1 1661
2 1 1021 1 1341
2 1 1021 1 1661
2 1 1469 1 1789
2 1 1338 1 1658
2 1 1317 1 1637
2 1 996 1 1636
2 1 1013 1 1333
2 1 1442 1 1762
2 1 988 1 1628
2 1 1333 1 1653
2 1 1013 1 1653
2 1 988 1 1308
2 1 1308 1 1628
2 1 995 1 1315
2 1 986 1 1626
2 1 983 1 1303
2 1 1303 1 1623
2 1 983 1 1623
2 1 1429 1 1749
2 1 981 1 1301
2 1 979 1 1619
2 1 1299 1 1619
2 1 979 1 1299
2 1 980 1 1300
2 1 978 1 1618
2 1 1298 1 1618
2 1 978 1 1298
2 1 1297 1 1617
2 1 976 1 1296
2 1 835 1 1475
2 1 962 1 1282
2 1 962 1 1602
2 1 1282 1 1602
2 1 893 1 1213
2 1 1213 1 1533
2 1 893 1 1533
2 1 892 1 1212
2 1 1210 1 1530
2 1 889 1 1529
2 1 1337 1 1657
2 1 1017 1 1337
2 1 889 1 1209
2 1 1017 1 1657
2 1 1209 1 1529
2 1 1336 1 1656
2 1 1206 1 1526
2 1 1204 1 1524
2 1 1011 1 1651
2 1 1011 1 1331
2 1 1331 1 1651
2 1 1776 1 2096
2 1 1199 1 1519
2 1 879 1 1199
2 1 879 1 1519
2 1 1453 1 2093
2 1 1006 1 1646
2 1 1005 1 1645
2 1 1325 1 1645
2 1 1005 1 1325
2 1 1770 1 2090
2 1 873 1 1513
2 1 1768 1 2088
2 1 1767 1 2087
2 1 1447 1 1767
2 1 1447 1 2087
2 1 1000 1 1320
2 1 1190 1 1510
2 1 870 1 1190
2 1 870 1 1510
2 1 868 1 1508
2 1 869 1 1509
2 1 869 1 1189
2 1 1189 1 1509
2 1 867 1 1507
2 1 866 1 1506
2 1 865 1 1185
2 1 864 1 1184
2 1 1184 1 1504
2 1 864 1 1504
2 1 992 1 1632
2 1 1438 1 2078
2 1 1438 1 1758
2 1 1758 1 2078
2 1 861 1 1501
2 1 859 1 1499
2 1 1179 1 1499
2 1 859 1 1179
2 1 987 1 1627
2 1 1307 1 1627
2 1 987 1 1307
2 1 1434 1 1754
2 1 857 1 1177
2 1 856 1 1176
2 1 1431 1 1751
2 1 1304 1 1624
2 1 984 1 1624
2 1 984 1 1304
2 1 854 1 1174
2 1 853 1 1173
2 1 852 1 1172
2 1 851 1 1171
2 1 851 1 1491
2 1 1171 1 1491
2 1 850 1 1170
2 1 850 1 1490
2 1 1170 1 1490
2 1 849 1 1489
2 1 848 1 1488
2 1 847 1 1487
2 1 846 1 1166
2 1 846 1 1486
2 1 1166 1 1486
2 1 844 1 1164
2 1 1739 1 2059
2 1 1419 1 1739
2 1 1419 1 2059
2 1 1738 1 2058
2 1 1418 1 1738
2 1 1418 1 2058
2 1 1291 1 1611
2 1 971 1 1611
2 1 971 1 1291
2 1 841 1 1481
2 1 967 1 1287
2 1 1160 1 1480
2 1 966 1 1606
2 1 1412 1 1732
2 1 1732 1 2052
2 1 1412 1 2052
2 1 1856 1 2176
2 1 1023 1 1663
2 1 1343 1 1663
2 1 1023 1 1343
2 1 832 1 1152
2 1 767 1 1087
2 1 767 1 2047
2 1 1087 1 2047
2 1 1086 1 2046
2 1 766 1 1086
2 1 766 1 2046
2 1 765 1 2045
2 1 765 1 1085
2 1 1085 1 2045
2 1 1084 1 2044
2 1 1916 1 2236
2 1 956 1 2236
2 1 956 1 1916
2 1 763 1 1083
2 1 763 1 2043
2 1 1083 1 2043
2 1 1467 1 2107
2 1 1787 1 2107
2 1 1467 1 1787
2 1 762 1 2042
2 1 762 1 1082
2 1 1082 1 2042
2 1 955 1 2235
2 1 761 1 1081
2 1 1081 1 2041
2 1 761 1 2041
2 1 1914 1 2234
2 1 954 1 1914
2 1 954 1 2234
2 1 953 1 2233
2 1 1913 1 2233
2 1 953 1 1913
2 1 1208 1 1528
2 1 759 1 2039
2 1 952 1 1912
2 1 1783 1 2103
2 1 1463 1 1783
2 1 1463 1 2103
2 1 887 1 1527
2 1 1334 1 1654
2 1 758 1 1078
2 1 1078 1 2038
2 1 758 1 2038
2 1 1462 1 1782
2 1 1782 1 2102
2 1 1462 1 2102
2 1 757 1 1077
2 1 1910 1 2230
2 1 1781 1 2101
2 1 756 1 2036
2 1 1076 1 2036
2 1 756 1 1076
2 1 949 1 2229
2 1 949 1 1909
2 1 1909 1 2229
2 1 755 1 2035
2 1 948 1 1908
2 1 948 1 2228
2 1 1908 1 2228
2 1 1907 1 2227
2 1 947 1 1907
2 1 947 1 2227
2 1 883 1 1203
2 1 1459 1 1779
2 1 754 1 2034
2 1 1010 1 1650
2 1 1778 1 2098
2 1 1329 1 1649
2 1 1009 1 1649
2 1 1009 1 1329
2 1 753 1 2033
2 1 1906 1 2226
2 1 1328 1 1648
2 1 1457 1 2097
2 1 1777 1 2097
2 1 1457 1 1777
2 1 1905 1 2225
2 1 1007 1 1647
2 1 1007 1 1327
2 1 1327 1 1647
2 1 1200 1 1520
2 1 1071 1 2031
2 1 751 1 2031
2 1 751 1 1071
2 1 1904 1 2224
2 1 1903 1 2223
2 1 1070 1 2030
2 1 749 1 2029
2 1 942 1 2222
2 1 1902 1 2222
2 1 942 1 1902
2 1 1901 1 2221
2 1 941 1 2221
2 1 941 1 1901
2 1 877 1 1517
2 1 1324 1 1644
2 1 1004 1 1644
2 1 1004 1 1324
2 1 748 1 2028
2 1 876 1 1516
2 1 1003 1 1643
2 1 1003 1 1323
2 1 1323 1 1643
2 1 747 1 2027
2 1 875 1 1195
2 1 1001 1 1641
2 1 745 1 1065
2 1 745 1 2025
2 1 1065 1 2025
2 1 744 1 2024
2 1 936 1 2216
2 1 936 1 1896
2 1 1896 1 2216
2 1 872 1 1192
2 1 1192 1 1512
2 1 872 1 1512
2 1 743 1 2023
2 1 1895 1 2215
2 1 998 1 1638
2 1 871 1 1511
2 1 1062 1 2022
2 1 1894 1 2214
2 1 1061 1 2021
2 1 933 1 1893
2 1 933 1 2213
2 1 1893 1 2213
2 1 740 1 1060
2 1 932 1 1892
2 1 1059 1 2019
2 1 1891 1 2211
2 1 931 1 2211
2 1 931 1 1891
2 1 1058 1 2018
2 1 1890 1 2210
2 1 930 1 2210
2 1 930 1 1890
2 1 737 1 1057
2 1 1889 1 2209
2 1 929 1 1889
2 1 929 1 2209
2 1 928 1 2208
2 1 1888 1 2208
2 1 928 1 1888
2 1 1440 1 1760
2 1 990 1 1310
2 1 734 1 2014
2 1 927 1 2207
2 1 1887 1 2207
2 1 927 1 1887
2 1 989 1 1309
2 1 862 1 1182
2 1 1053 1 2013
2 1 1885 1 2205
2 1 1437 1 1757
2 1 1437 1 2077
2 1 1757 1 2077
2 1 1052 1 2012
2 1 924 1 2204
2 1 1884 1 2204
2 1 924 1 1884
2 1 923 1 1883
2 1 923 1 2203
2 1 1883 1 2203
2 1 730 1 2010
2 1 922 1 1882
2 1 985 1 1625
2 1 858 1 1178
2 1 729 1 1049
2 1 1049 1 2009
2 1 729 1 2009
2 1 1881 1 2201
2 1 728 1 1048
2 1 920 1 2200
2 1 919 1 2199
2 1 919 1 1879
2 1 1879 1 2199
2 1 1302 1 1622
2 1 982 1 1622
2 1 982 1 1302
2 1 855 1 1495
2 1 855 1 1175
2 1 1175 1 1495
2 1 1046 1 2006
2 1 1878 1 2198
2 1 1045 1 2005
2 1 917 1 2197
2 1 724 1 1044
2 1 916 1 2196
2 1 723 1 1043
2 1 915 1 2195
2 1 722 1 1042
2 1 1042 1 2002
2 1 722 1 2002
2 1 914 1 1874
2 1 721 1 1041
2 1 1873 1 2193
2 1 913 1 2193
2 1 913 1 1873
2 1 720 1 1040
2 1 720 1 2000
2 1 1040 1 2000
2 1 912 1 1872
2 1 719 1 1039
2 1 911 1 2191
2 1 718 1 1038
2 1 910 1 1870
2 1 1870 1 2190
2 1 910 1 2190
2 1 845 1 1485
2 1 845 1 1165
2 1 1165 1 1485
2 1 909 1 1869
2 1 1869 1 2189
2 1 909 1 2189
2 1 1036 1 1996
2 1 716 1 1996
2 1 716 1 1036
2 1 1420 1 1740
2 1 970 1 1290
2 1 907 1 2187
2 1 1866 1 2186
2 1 969 1 1289
2 1 842 1 1482
2 1 1162 1 1482
2 1 842 1 1162
2 1 1417 1 2057
2 1 1865 1 2185
2 1 1032 1 1992
2 1 711 1 1031
2 1 1415 1 1735
2 1 710 1 1990
2 1 902 1 2182
2 1 1862 1 2182
2 1 902 1 1862
2 1 709 1 1989
2 1 837 1 1157
2 1 708 1 1988
2 1 1283 1 1603
2 1 963 1 1283
2 1 963 1 1603
2 1 707 1 1027
2 1 836 1 1156
2 1 1411 1 2051
2 1 1154 1 1474
2 1 1281 1 1601
2 1 705 1 1985
2 1 833 1 1153
2 1 704 1 1984
