633 2240
2 1 1785 1 2105
2 1 1782 1 2102
2 1 1461 1 2101
2 1 1779 1 2099
2 1 1459 1 2099
2 1 1459 1 1779
2 1 1455 1 2095
2 1 1455 1 1775
2 1 1775 1 2095
2 1 1448 1 2088
2 1 1764 1 2084
2 1 1442 1 2082
2 1 1441 1 1761
2 1 1761 1 2081
2 1 1441 1 2081
2 1 865 1 1505
2 1 865 1 1185
2 1 1435 1 2075
2 1 1749 1 2069
2 1 1424 1 2064
2 1 1422 1 2062
2 1 1422 1 1742
2 1 1742 1 2062
2 1 1736 1 2056
2 1 1414 1 2054
2 1 1734 1 2054
2 1 1414 1 1734
2 1 974 1 1294
2 1 1294 1 1614
2 1 971 1 1611
2 1 1415 1 1735
2 1 974 1 1614
2 1 1291 1 1611
2 1 971 1 1291
2 1 1410 1 1730
2 1 961 1 1601
2 1 1467 1 1787
2 1 1018 1 1658
2 1 1466 1 1786
2 1 1013 1 1653
2 1 1012 1 1332
2 1 1460 1 1780
2 1 1010 1 1330
2 1 1330 1 1650
2 1 1010 1 1650
2 1 1325 1 1645
2 1 1328 1 1648
2 1 1005 1 1645
2 1 1005 1 1325
2 1 1322 1 1642
2 1 1449 1 1769
2 1 1000 1 1320
2 1 1447 1 1767
2 1 995 1 1635
2 1 1315 1 1635
2 1 995 1 1315
2 1 991 1 1631
2 1 1309 1 1629
2 1 988 1 1308
2 1 1303 1 1623
2 1 1427 1 1747
2 1 978 1 1298
2 1 978 1 1618
2 1 1298 1 1618
2 1 1296 1 1616
2 1 1155 1 1475
2 1 1154 1 1474
2 1 1409 1 1729
2 1 1409 1 2049
2 1 1729 1 2049
2 1 1471 1 1791
2 1 1470 1 2110
2 1 832 1 1472
2 1 1152 1 1472
2 1 832 1 1152
2 1 1023 1 1663
2 1 1343 1 1663
2 1 1023 1 1343
2 1 893 1 1533
2 1 1788 1 2108
2 1 891 1 1531
2 1 1337 1 1657
2 1 1017 1 1337
2 1 1017 1 1657
2 1 1463 1 2103
2 1 1463 1 1783
2 1 1783 1 2103
2 1 889 1 1209
2 1 1016 1 1656
2 1 886 1 1526
2 1 1206 1 1526
2 1 886 1 1206
2 1 885 1 1205
2 1 885 1 1525
2 1 1205 1 1525
2 1 884 1 1524
2 1 883 1 1203
2 1 1458 1 2098
2 1 1458 1 1778
2 1 1778 1 2098
2 1 1331 1 1651
2 1 1011 1 1651
2 1 1011 1 1331
2 1 881 1 1521
2 1 1776 1 2096
2 1 1456 1 2096
2 1 1456 1 1776
2 1 879 1 1199
2 1 1199 1 1519
2 1 879 1 1519
2 1 878 1 1518
2 1 1773 1 2093
2 1 1453 1 1773
2 1 1453 1 2093
2 1 1006 1 1646
2 1 876 1 1196
2 1 876 1 1516
2 1 1196 1 1516
2 1 875 1 1195
2 1 1003 1 1643
2 1 872 1 1192
2 1 871 1 1191
2 1 1191 1 1511
2 1 871 1 1511
2 1 1446 1 2086
2 1 999 1 1319
2 1 999 1 1639
2 1 1319 1 1639
2 1 1188 1 1508
2 1 1763 1 2083
2 1 866 1 1506
2 1 1185 1 1505
2 1 1184 1 1504
2 1 864 1 1504
2 1 864 1 1184
2 1 1759 1 2079
2 1 1439 1 1759
2 1 1439 1 2079
2 1 1312 1 1632
2 1 992 1 1312
2 1 992 1 1632
2 1 862 1 1502
2 1 1182 1 1502
2 1 862 1 1182
2 1 861 1 1181
2 1 1180 1 1500
2 1 1179 1 1499
2 1 858 1 1178
2 1 1178 1 1498
2 1 858 1 1498
2 1 986 1 1306
2 1 1306 1 1626
2 1 986 1 1626
2 1 1431 1 2071
2 1 1174 1 1494
2 1 981 1 1301
2 1 854 1 1174
2 1 854 1 1494
2 1 1169 1 1489
2 1 1167 1 1487
2 1 847 1 1167
2 1 847 1 1487
2 1 1166 1 1486
2 1 972 1 1612
2 1 845 1 1485
2 1 845 1 1165
2 1 1292 1 1612
2 1 972 1 1292
2 1 1165 1 1485
2 1 840 1 1480
2 1 840 1 1160
2 1 1417 1 2057
2 1 1737 1 2057
2 1 1160 1 1480
2 1 839 1 1159
2 1 839 1 1479
2 1 1159 1 1479
2 1 966 1 1606
2 1 1285 1 1605
2 1 1417 1 1737
2 1 1856 1 2176
2 1 1022 1 1662
2 1 766 1 2046
2 1 1728 1 2048
2 1 1408 1 2048
2 1 1408 1 1728
2 1 959 1 2239
2 1 1919 1 2239
2 1 959 1 1919
2 1 1918 1 2238
2 1 1341 1 1661
2 1 1789 1 2109
2 1 764 1 2044
2 1 1019 1 1659
2 1 1212 1 1532
2 1 763 1 2043
2 1 1083 1 2043
2 1 763 1 1083
2 1 1916 1 2236
2 1 956 1 2236
2 1 956 1 1916
2 1 1915 1 2235
2 1 1082 1 2042
2 1 1914 1 2234
2 1 954 1 2234
2 1 954 1 1914
2 1 761 1 1081
2 1 1081 1 2041
2 1 761 1 2041
2 1 1913 1 2233
2 1 953 1 1913
2 1 953 1 2233
2 1 952 1 1912
2 1 1912 1 2232
2 1 952 1 2232
2 1 1015 1 1655
2 1 1464 1 1784
2 1 888 1 1528
2 1 1078 1 2038
2 1 757 1 1077
2 1 949 1 2229
2 1 949 1 1909
2 1 1909 1 2229
2 1 948 1 1908
2 1 1075 1 2035
2 1 947 1 1907
2 1 1907 1 2227
2 1 947 1 2227
2 1 754 1 2034
2 1 946 1 1906
2 1 946 1 2226
2 1 1906 1 2226
2 1 882 1 1522
2 1 1202 1 1522
2 1 882 1 1202
2 1 1777 1 2097
2 1 1200 1 1520
2 1 751 1 1071
2 1 751 1 2031
2 1 1071 1 2031
2 1 944 1 2224
2 1 944 1 1904
2 1 1904 1 2224
2 1 1903 1 2223
2 1 750 1 1070
2 1 942 1 1902
2 1 1902 1 2222
2 1 942 1 2222
2 1 941 1 1901
2 1 1324 1 1644
2 1 877 1 1197
2 1 1004 1 1324
2 1 1004 1 1644
2 1 748 1 1068
2 1 1067 1 2027
2 1 747 1 1067
2 1 747 1 2027
2 1 1771 1 2091
2 1 1451 1 1771
2 1 1451 1 2091
2 1 939 1 1899
2 1 1001 1 1321
2 1 1321 1 1641
2 1 1001 1 1641
2 1 1770 1 2090
2 1 1194 1 1514
2 1 745 1 1065
2 1 1898 1 2218
2 1 938 1 2218
2 1 938 1 1898
2 1 744 1 1064
2 1 744 1 2024
2 1 1064 1 2024
2 1 936 1 2216
2 1 935 1 1895
2 1 742 1 2022
2 1 1317 1 1637
2 1 870 1 1190
2 1 934 1 1894
2 1 934 1 2214
2 1 1894 1 2214
2 1 741 1 2021
2 1 1445 1 2085
2 1 1189 1 1509
2 1 869 1 1189
2 1 869 1 1509
2 1 996 1 1316
2 1 1316 1 1636
2 1 996 1 1636
2 1 740 1 1060
2 1 867 1 1507
2 1 1187 1 1507
2 1 867 1 1187
2 1 931 1 2211
2 1 931 1 1891
2 1 1891 1 2211
2 1 737 1 2017
2 1 1057 1 2017
2 1 737 1 1057
2 1 929 1 1889
2 1 736 1 1056
2 1 1056 1 2016
2 1 736 1 2016
2 1 928 1 2208
2 1 735 1 2015
2 1 734 1 2014
2 1 1054 1 2014
2 1 734 1 1054
2 1 927 1 1887
2 1 733 1 1053
2 1 733 1 2013
2 1 1053 1 2013
2 1 1437 1 2077
2 1 925 1 2205
2 1 732 1 1052
2 1 1436 1 1756
2 1 1436 1 2076
2 1 1756 1 2076
2 1 924 1 1884
2 1 730 1 1050
2 1 730 1 2010
2 1 1050 1 2010
2 1 923 1 2203
2 1 922 1 1882
2 1 729 1 2009
2 1 921 1 1881
2 1 728 1 1048
2 1 1304 1 1624
2 1 984 1 1304
2 1 984 1 1624
2 1 1432 1 1752
2 1 1432 1 2072
2 1 1752 1 2072
2 1 727 1 2007
2 1 1175 1 1495
2 1 1046 1 2006
2 1 726 1 2006
2 1 726 1 1046
2 1 919 1 2199
2 1 725 1 1045
2 1 724 1 2004
2 1 917 1 1877
2 1 916 1 2196
2 1 1876 1 2196
2 1 916 1 1876
2 1 1172 1 1492
2 1 852 1 1492
2 1 852 1 1172
2 1 979 1 1299
2 1 979 1 1619
2 1 1299 1 1619
2 1 1043 1 2003
2 1 723 1 2003
2 1 723 1 1043
2 1 1297 1 1617
2 1 1746 1 2066
2 1 1874 1 2194
2 1 914 1 2194
2 1 914 1 1874
2 1 721 1 2001
2 1 721 1 1041
2 1 1041 1 2001
2 1 720 1 1040
2 1 1873 1 2193
2 1 719 1 1039
2 1 1039 1 1999
2 1 719 1 1999
2 1 912 1 2192
2 1 1743 1 2063
2 1 718 1 1038
2 1 1038 1 1998
2 1 718 1 1998
2 1 717 1 1997
2 1 1037 1 1997
2 1 717 1 1037
2 1 1870 1 2190
2 1 910 1 2190
2 1 910 1 1870
2 1 909 1 2189
2 1 1869 1 2189
2 1 909 1 1869
2 1 716 1 1036
2 1 1036 1 1996
2 1 716 1 1996
2 1 1420 1 1740
2 1 1739 1 2059
2 1 714 1 1994
2 1 1034 1 1994
2 1 714 1 1034
2 1 970 1 1290
2 1 1867 1 2187
2 1 907 1 2187
2 1 907 1 1867
2 1 1866 1 2186
2 1 1288 1 1608
2 1 712 1 1032
2 1 1032 1 1992
2 1 712 1 1992
2 1 1864 1 2184
2 1 1031 1 1991
2 1 711 1 1031
2 1 711 1 1991
2 1 1863 1 2183
2 1 903 1 1863
2 1 903 1 2183
2 1 710 1 1990
2 1 1030 1 1990
2 1 710 1 1030
2 1 902 1 2182
2 1 1862 1 2182
2 1 902 1 1862
2 1 901 1 2181
2 1 901 1 1861
2 1 1861 1 2181
2 1 964 1 1284
2 1 1284 1 1604
2 1 964 1 1604
2 1 708 1 1988
2 1 837 1 1157
2 1 1157 1 1477
2 1 837 1 1477
2 1 1732 1 2052
2 1 1731 1 2051
2 1 1859 1 2179
2 1 705 1 1985
2 1 898 1 1858
2 1 1858 1 2178
2 1 898 1 2178
2 1 1857 1 2177
2 1 897 1 1857
2 1 897 1 2177
2 1 704 1 1984
2 1 1024 1 1984
2 1 704 1 1024
2 1 960 1 1280
3 1 357 1 1070 1 1390
3 1 559 1 755 1 1075
3 1 472 1 1601 1 1921
3 1 407 1 1520 1 1840
3 1 548 1 808 1 1448
3 1 555 1 815 1 1775
3 1 619 1 911 1 1231
3 1 489 1 1618 1 1938
3 1 492 1 1301 1 1941
3 1 624 1 1236 1 1876
3 1 357 1 750 1 1390
3 1 566 1 826 1 1786
3 1 559 1 755 1 2035
3 1 472 1 961 1 1921
3 1 609 1 901 1 1221
3 1 599 1 891 1 1211
3 1 482 1 971 1 1931
3 1 482 1 1611 1 1931
3 1 555 1 815 1 1455
3 1 388 1 861 1 1821
3 1 522 1 782 1 2062
3 1 624 1 916 1 1236
3 1 609 1 1221 1 2181
3 1 599 1 1211 1 1531
3 1 418 1 1531 1 1851
3 1 555 1 815 1 2095
3 1 362 1 1075 1 1395
3 1 636 1 928 1 1248
3 1 502 1 991 1 1951
3 1 624 1 1236 1 2196
3 1 596 1 1272 1 2232
3 1 504 1 1313 1 1953
3 1 482 1 1291 1 1931
3 1 541 1 801 1 1441
3 1 486 1 911 1 2191
3 1 541 1 801 1 2081
3 1 502 1 1631 1 1951
3 1 565 1 825 1 1785
3 1 609 1 1221 1 1861
3 1 321 1 1034 1 1354
3 1 637 1 929 1 1249
3 1 342 1 991 1 1311
3 1 399 1 1768 1 2088
3 1 528 1 788 1 1428
3 1 376 1 1281 1 1601
3 1 342 1 1311 1 1631
3 1 388 1 1181 1 1821
3 1 559 1 819 1 1779
3 1 541 1 801 1 1761
3 1 425 1 1154 1 1794
3 1 542 1 802 1 1442
3 1 440 1 1169 1 1809
3 1 438 1 1167 1 1807
3 1 544 1 804 1 1764
3 1 542 1 802 1 2082
3 1 399 1 1448 1 1768
3 1 558 1 818 1 1458
3 1 393 1 1762 1 2082
3 1 537 1 797 1 1437
3 1 597 1 1273 1 1913
3 1 393 1 1442 1 1762
3 1 571 1 767 1 2047
3 1 514 1 774 1 2054
3 1 548 1 808 1 2088
3 1 495 1 1624 1 1944
3 1 559 1 819 1 1459
3 1 362 1 1395 1 2035
3 1 559 1 819 1 2099
3 1 565 1 825 1 2105
3 1 589 1 1265 1 2225
3 1 544 1 804 1 2084
3 1 560 1 756 1 1076
3 1 563 1 823 1 2103
3 1 562 1 822 1 2102
3 1 563 1 823 1 1783
3 1 321 1 1354 1 1994
3 1 562 1 822 1 1782
3 1 321 1 714 1 1354
3 1 481 1 970 1 1930
3 1 563 1 823 1 1463
3 1 536 1 796 1 1436
3 1 596 1 952 1 1272
3 1 558 1 818 1 1778
3 1 553 1 813 1 1773
3 1 597 1 953 1 1273
3 1 412 1 1461 1 1781
3 1 412 1 1781 1 2101
3 1 386 1 1499 1 1819
3 1 449 1 1322 1 1962
3 1 580 1 936 1 1256
3 1 407 1 1200 1 1840
3 1 467 1 1020 1 1980
3 1 371 1 1020 1 1340
3 1 561 1 821 1 2101
3 1 561 1 821 1 1461
3 1 637 1 1249 1 1889
3 1 518 1 778 1 2058
3 1 596 1 1272 1 1912
3 1 438 1 847 1 1807
3 1 504 1 1889 1 2209
3 1 442 1 1171 1 1811
3 1 614 1 1226 1 1866
3 1 504 1 929 1 2209
3 1 379 1 708 1 1348
3 1 617 1 909 1 1229
3 1 542 1 738 1 1058
3 1 514 1 774 1 1414
3 1 614 1 1226 1 2186
3 1 581 1 1193 1 1513
3 1 376 1 961 1 1281
3 1 465 1 1658 1 1978
3 1 589 1 1201 1 1521
3 1 480 1 1609 1 1929
3 1 381 1 710 1 1350
3 1 376 1 1345 1 1985
3 1 456 1 1009 1 1969
3 1 350 1 1063 1 1383
3 1 575 1 771 1 1731
3 1 323 1 1356 1 1996
3 1 585 1 941 1 1261
3 1 604 1 1216 1 2176
3 1 585 1 1261 1 1901
3 1 334 1 727 1 1367
3 1 434 1 1163 1 1803
3 1 412 1 1525 1 1845
3 1 355 1 748 1 1388
3 1 432 1 1481 1 1801
3 1 400 1 1513 1 1833
3 1 378 1 963 1 1283
3 1 459 1 1012 1 1972
3 1 479 1 1608 1 1928
3 1 496 1 921 1 2201
3 1 479 1 1288 1 1928
3 1 575 1 771 1 2051
3 1 514 1 774 1 1734
3 1 547 1 743 1 1063
3 1 535 1 795 1 1435
3 1 496 1 1305 1 1945
3 1 554 1 814 1 1454
3 1 437 1 1486 1 1806
3 1 431 1 1480 1 1800
3 1 376 1 705 1 1345
3 1 429 1 838 1 1798
3 1 457 1 1330 1 1970
3 1 433 1 1738 1 2058
3 1 355 1 1068 1 1388
3 1 510 1 935 1 2215
3 1 586 1 942 1 1262
3 1 330 1 723 1 1363
3 1 492 1 1877 1 2197
3 1 422 1 1535 1 1855
3 1 610 1 838 1 1158
3 1 489 1 1298 1 1938
3 1 511 1 1000 1 1960
3 1 382 1 967 1 1287
3 1 617 1 1229 1 1869
3 1 606 1 1218 1 2178
3 1 602 1 1278 1 2238
3 1 573 1 769 1 2049
3 1 341 1 734 1 1374
3 1 589 1 881 1 1201
3 1 490 1 1875 1 2195
3 1 397 1 1766 1 2086
3 1 606 1 1218 1 1858
3 1 337 1 730 1 1370
3 1 374 1 1407 1 2047
3 1 592 1 1268 1 1908
3 1 391 1 1184 1 1824
3 1 531 1 791 1 1431
3 1 592 1 884 1 1204
3 1 613 1 1161 1 1481
3 1 604 1 1216 1 1856
3 1 425 1 1474 1 1794
3 1 606 1 898 1 1218
3 1 524 1 784 1 2064
3 1 546 1 806 1 1446
3 1 568 1 828 1 1788
3 1 568 1 828 1 2108
3 1 517 1 777 1 2057
3 1 496 1 1881 1 2201
3 1 332 1 1045 1 1365
3 1 426 1 1475 1 1795
3 1 378 1 1027 1 1347
3 1 484 1 973 1 1933
3 1 356 1 1389 1 2029
3 1 539 1 799 1 1759
3 1 444 1 1173 1 1813
3 1 557 1 753 1 1073
3 1 587 1 1263 1 1903
3 1 377 1 1026 1 1346
3 1 595 1 1271 1 2231
3 1 553 1 813 1 1453
3 1 497 1 1306 1 1946
3 1 497 1 1626 1 1946
3 1 397 1 1446 1 1766
3 1 332 1 725 1 1365
3 1 579 1 1255 1 1895
3 1 369 1 1018 1 1338
