426 2240
2 1 1790 1 2110
2 1 1470 1 1790
2 1 1466 1 1786
2 1 1470 1 2110
2 1 1786 1 2106
2 1 1466 1 2106
2 1 1463 1 2103
2 1 1463 1 1783
2 1 1783 1 2103
2 1 1778 1 2098
2 1 1451 1 1771
2 1 1451 1 2091
2 1 1771 1 2091
2 1 1764 1 2084
2 1 1449 1 1769
2 1 1449 1 2089
2 1 1769 1 2089
2 1 1444 1 1764
2 1 1444 1 2084
2 1 1443 1 2083
2 1 1763 1 2083
2 1 1443 1 1763
2 1 1760 1 2080
2 1 1747 1 2067
2 1 1742 1 2062
2 1 1739 1 2059
2 1 1417 1 1737
2 1 1438 1 2078
2 1 1417 1 2057
2 1 1737 1 2057
2 1 1412 1 2052
2 1 975 1 1615
2 1 970 1 1290
2 1 1023 1 1663
2 1 1341 1 1661
2 1 1469 1 1789
2 1 1468 1 1788
2 1 1460 1 1780
2 1 1011 1 1331
2 1 1011 1 1651
2 1 1016 1 1336
2 1 1336 1 1656
2 1 1016 1 1656
2 1 1331 1 1651
2 1 1008 1 1648
2 1 1328 1 1648
2 1 1008 1 1328
2 1 1005 1 1645
2 1 1005 1 1325
2 1 1325 1 1645
2 1 1002 1 1322
2 1 1442 1 1762
2 1 995 1 1315
2 1 1309 1 1629
2 1 1437 1 1757
2 1 1436 1 1756
2 1 989 1 1629
2 1 989 1 1309
2 1 1435 1 1755
2 1 981 1 1301
2 1 1430 1 1750
2 1 1300 1 1620
2 1 993 1 1633
2 1 979 1 1619
2 1 1299 1 1619
2 1 979 1 1299
2 1 1297 1 1617
2 1 1411 1 2051
2 1 963 1 1283
2 1 1410 1 1730
2 1 1152 1 1472
2 1 832 1 1152
2 1 832 1 1472
2 1 893 1 1533
2 1 1020 1 1340
2 1 890 1 1210
2 1 892 1 1212
2 1 889 1 1529
2 1 1207 1 1527
2 1 1206 1 1526
2 1 886 1 1206
2 1 1729 1 2049
2 1 886 1 1526
2 1 1409 1 2049
2 1 1204 1 1524
2 1 1779 1 2099
2 1 1459 1 2099
2 1 1459 1 1779
2 1 1202 1 1522
2 1 882 1 1522
2 1 882 1 1202
2 1 1201 1 1521
2 1 881 1 1521
2 1 881 1 1201
2 1 1017 1 1657
2 1 1017 1 1337
2 1 1337 1 1657
2 1 1776 1 2096
2 1 1456 1 2096
2 1 1456 1 1776
2 1 1329 1 1649
2 1 879 1 1519
2 1 1453 1 1773
2 1 1199 1 1519
2 1 1006 1 1326
2 1 1003 1 1643
2 1 879 1 1199
2 1 1193 1 1513
2 1 873 1 1513
2 1 873 1 1193
2 1 1448 1 2088
2 1 1000 1 1640
2 1 1446 1 1766
2 1 869 1 1189
2 1 868 1 1508
2 1 1187 1 1507
2 1 867 1 1507
2 1 867 1 1187
2 1 866 1 1186
2 1 1186 1 1506
2 1 866 1 1506
2 1 994 1 1314
2 1 864 1 1184
2 1 1182 1 1502
2 1 861 1 1181
2 1 860 1 1180
2 1 859 1 1179
2 1 987 1 1307
2 1 1181 1 1501
2 1 987 1 1627
2 1 1307 1 1627
2 1 1433 1 2073
2 1 1306 1 1626
2 1 855 1 1175
2 1 853 1 1173
2 1 1172 1 1492
2 1 850 1 1490
2 1 978 1 1298
2 1 861 1 1501
2 1 847 1 1167
2 1 974 1 1294
2 1 974 1 1614
2 1 1294 1 1614
2 1 1421 1 1741
2 1 1163 1 1483
2 1 842 1 1162
2 1 842 1 1482
2 1 1162 1 1482
2 1 969 1 1609
2 1 1415 1 2055
2 1 1288 1 1608
2 1 968 1 1288
2 1 968 1 1608
2 1 836 1 1156
2 1 1856 1 2176
2 1 1409 1 1729
2 1 1408 1 2048
2 1 1215 1 1535
2 1 1086 1 2046
2 1 959 1 1919
2 1 1085 1 2045
2 1 765 1 1085
2 1 765 1 2045
2 1 1918 1 2238
2 1 957 1 2237
2 1 764 1 1084
2 1 764 1 2044
2 1 1084 1 2044
2 1 1916 1 2236
2 1 956 1 2236
2 1 956 1 1916
2 1 891 1 1211
2 1 1915 1 2235
2 1 955 1 2235
2 1 955 1 1915
2 1 762 1 2042
2 1 762 1 1082
2 1 1082 1 2042
2 1 1081 1 2041
2 1 761 1 2041
2 1 761 1 1081
2 1 953 1 2233
2 1 953 1 1913
2 1 1913 1 2233
2 1 1785 1 2105
2 1 760 1 2040
2 1 1015 1 1335
2 1 1784 1 2104
2 1 952 1 2232
2 1 1078 1 2038
2 1 1911 1 2231
2 1 1910 1 2230
2 1 950 1 1910
2 1 950 1 2230
2 1 1462 1 1782
2 1 757 1 2037
2 1 1461 1 2101
2 1 1012 1 1332
2 1 756 1 2036
2 1 1012 1 1652
2 1 1076 1 2036
2 1 1332 1 1652
2 1 949 1 2229
2 1 756 1 1076
2 1 949 1 1909
2 1 1909 1 2229
2 1 755 1 2035
2 1 947 1 2227
2 1 883 1 1203
2 1 1010 1 1650
2 1 1330 1 1650
2 1 1010 1 1330
2 1 1906 1 2226
2 1 1073 1 2033
2 1 1905 1 2225
2 1 945 1 1905
2 1 945 1 2225
2 1 1777 1 2097
2 1 752 1 2032
2 1 1007 1 1327
2 1 1327 1 1647
2 1 1007 1 1647
2 1 1200 1 1520
2 1 751 1 1071
2 1 944 1 2224
2 1 944 1 1904
2 1 1904 1 2224
2 1 1903 1 2223
2 1 750 1 2030
2 1 750 1 1070
2 1 1070 1 2030
2 1 942 1 1902
2 1 1324 1 1644
2 1 877 1 1197
2 1 941 1 1901
2 1 1068 1 2028
2 1 748 1 2028
2 1 748 1 1068
2 1 1452 1 2092
2 1 1900 1 2220
2 1 1067 1 2027
2 1 747 1 1067
2 1 747 1 2027
2 1 938 1 2218
2 1 938 1 1898
2 1 1898 1 2218
2 1 874 1 1514
2 1 874 1 1194
2 1 1194 1 1514
2 1 745 1 1065
2 1 744 1 2024
2 1 1896 1 2216
2 1 936 1 1896
2 1 936 1 2216
2 1 872 1 1512
2 1 999 1 1319
2 1 999 1 1639
2 1 1319 1 1639
2 1 998 1 1638
2 1 1318 1 1638
2 1 998 1 1318
2 1 1447 1 1767
2 1 1447 1 2087
2 1 1767 1 2087
2 1 871 1 1511
2 1 742 1 2022
2 1 1190 1 1510
2 1 1061 1 2021
2 1 1893 1 2213
2 1 932 1 1892
2 1 739 1 2019
2 1 1059 1 2019
2 1 739 1 1059
2 1 931 1 2211
2 1 738 1 1058
2 1 1058 1 2018
2 1 738 1 2018
2 1 930 1 2210
2 1 930 1 1890
2 1 1890 1 2210
2 1 929 1 2209
2 1 865 1 1185
2 1 1056 1 2016
2 1 992 1 1312
2 1 735 1 2015
2 1 1887 1 2207
2 1 927 1 2207
2 1 927 1 1887
2 1 990 1 1310
2 1 1759 1 2079
2 1 1439 1 1759
2 1 1439 1 2079
2 1 863 1 1503
2 1 734 1 1054
2 1 1053 1 2013
2 1 732 1 2012
2 1 1052 1 2012
2 1 732 1 1052
2 1 924 1 1884
2 1 924 1 2204
2 1 1884 1 2204
2 1 731 1 2011
2 1 731 1 1051
2 1 1051 1 2011
2 1 923 1 2203
2 1 730 1 2010
2 1 1882 1 2202
2 1 922 1 2202
2 1 922 1 1882
2 1 858 1 1178
2 1 985 1 1305
2 1 1305 1 1625
2 1 985 1 1625
2 1 729 1 2009
2 1 984 1 1304
2 1 1303 1 1623
2 1 856 1 1176
2 1 856 1 1496
2 1 1176 1 1496
2 1 727 1 1047
2 1 1431 1 1751
2 1 1879 1 2199
2 1 726 1 2006
2 1 1046 1 2006
2 1 726 1 1046
2 1 725 1 1045
2 1 1045 1 2005
2 1 725 1 2005
2 1 918 1 2198
2 1 1878 1 2198
2 1 918 1 1878
2 1 1429 1 2069
2 1 917 1 2197
2 1 1877 1 2197
2 1 917 1 1877
2 1 724 1 2004
2 1 1044 1 2004
2 1 724 1 1044
2 1 723 1 2003
2 1 723 1 1043
2 1 1043 1 2003
2 1 916 1 1876
2 1 915 1 1875
2 1 1042 1 2002
2 1 1426 1 1746
2 1 1426 1 2066
2 1 1746 1 2066
2 1 914 1 2194
2 1 1745 1 2065
2 1 1425 1 2065
2 1 1425 1 1745
2 1 1169 1 1489
2 1 720 1 1040
2 1 913 1 1873
2 1 1873 1 2193
2 1 913 1 2193
2 1 1039 1 1999
2 1 719 1 1039
2 1 719 1 1999
2 1 1872 1 2192
2 1 1423 1 2063
2 1 1743 1 2063
2 1 1423 1 1743
2 1 911 1 1871
2 1 1871 1 2191
2 1 911 1 2191
2 1 718 1 1038
2 1 910 1 2190
2 1 1870 1 2190
2 1 910 1 1870
2 1 1869 1 2189
2 1 909 1 2189
2 1 909 1 1869
2 1 972 1 1612
2 1 1292 1 1612
2 1 972 1 1292
2 1 845 1 1485
2 1 845 1 1165
2 1 1165 1 1485
2 1 1420 1 1740
2 1 1740 1 2060
2 1 1420 1 2060
2 1 1035 1 1995
2 1 1034 1 1994
2 1 714 1 1994
2 1 714 1 1034
2 1 906 1 2186
2 1 906 1 1866
2 1 1866 1 2186
2 1 905 1 1865
2 1 712 1 1992
2 1 904 1 2184
2 1 1864 1 2184
2 1 904 1 1864
2 1 1160 1 1480
2 1 840 1 1160
2 1 840 1 1480
2 1 967 1 1287
2 1 839 1 1159
2 1 966 1 1606
2 1 710 1 1990
2 1 1414 1 1734
2 1 1734 1 2054
2 1 1414 1 2054
2 1 1158 1 1478
2 1 838 1 1478
2 1 838 1 1158
2 1 708 1 1028
2 1 707 1 1987
2 1 899 1 1859
2 1 1155 1 1475
2 1 835 1 1155
2 1 835 1 1475
2 1 962 1 1602
2 1 1281 1 1601
2 1 961 1 1281
2 1 961 1 1601
2 1 834 1 1474
2 1 705 1 1985
2 1 833 1 1153
2 1 1280 1 1600
2 1 960 1 1600
2 1 960 1 1280
2 1 1024 1 1984
2 1 704 1 1024
2 1 704 1 1984
