435 2240
2 1 1780 1 2100
2 1 1444 1 2084
2 1 1777 1 2097
2 1 1454 1 1774
2 1 1774 1 2094
2 1 1454 1 2094
2 1 1771 1 2091
2 1 1773 1 2093
2 1 1451 1 1771
2 1 1451 1 2091
2 1 1453 1 1773
2 1 1453 1 2093
2 1 1764 1 2084
2 1 1444 1 1764
2 1 1763 1 2083
2 1 1434 1 2074
2 1 1750 1 2070
2 1 1426 1 2066
2 1 1422 1 2062
2 1 1742 1 2062
2 1 1422 1 1742
2 1 1740 1 2060
2 1 1409 1 2049
2 1 1420 1 2060
2 1 975 1 1295
2 1 1294 1 1614
2 1 973 1 1293
2 1 968 1 1608
2 1 967 1 1607
2 1 1420 1 1740
2 1 1413 1 1733
2 1 1280 1 1600
2 1 966 1 1286
2 1 1340 1 1660
2 1 1020 1 1660
2 1 1020 1 1340
2 1 1018 1 1658
2 1 1017 1 1657
2 1 1016 1 1656
2 1 1334 1 1654
2 1 1014 1 1334
2 1 1014 1 1654
2 1 1332 1 1652
2 1 1010 1 1330
2 1 1010 1 1650
2 1 1330 1 1650
2 1 1325 1 1645
2 1 1004 1 1644
2 1 1003 1 1323
2 1 1003 1 1643
2 1 1323 1 1643
2 1 1001 1 1641
2 1 997 1 1637
2 1 1317 1 1637
2 1 997 1 1317
2 1 1440 1 1760
2 1 990 1 1630
2 1 987 1 1307
2 1 1307 1 1627
2 1 987 1 1627
2 1 986 1 1626
2 1 986 1 1306
2 1 1306 1 1626
2 1 985 1 1305
2 1 1305 1 1625
2 1 985 1 1625
2 1 984 1 1624
2 1 1303 1 1623
2 1 983 1 1623
2 1 983 1 1303
2 1 1297 1 1617
2 1 977 1 1617
2 1 977 1 1297
2 1 1731 1 2051
2 1 1411 1 2051
2 1 1411 1 1731
2 1 964 1 1284
2 1 1730 1 2050
2 1 1728 1 2048
2 1 1153 1 1473
2 1 833 1 1153
2 1 833 1 1473
2 1 895 1 1535
2 1 895 1 1215
2 1 1215 1 1535
2 1 1210 1 1530
2 1 1208 1 1528
2 1 894 1 1534
2 1 1207 1 1527
2 1 1335 1 1655
2 1 1015 1 1335
2 1 1015 1 1655
2 1 885 1 1205
2 1 884 1 1524
2 1 883 1 1523
2 1 883 1 1203
2 1 1203 1 1523
2 1 1011 1 1651
2 1 1778 1 2098
2 1 881 1 1201
2 1 1201 1 1521
2 1 881 1 1521
2 1 1776 1 2096
2 1 1456 1 2096
2 1 1456 1 1776
2 1 1008 1 1328
2 1 1198 1 1518
2 1 1197 1 1517
2 1 877 1 1517
2 1 877 1 1197
2 1 876 1 1516
2 1 1194 1 1514
2 1 874 1 1514
2 1 874 1 1194
2 1 1322 1 1642
2 1 1002 1 1322
2 1 1002 1 1642
2 1 872 1 1192
2 1 1447 1 2087
2 1 870 1 1190
2 1 1190 1 1510
2 1 870 1 1510
2 1 1765 1 2085
2 1 868 1 1188
2 1 868 1 1508
2 1 1188 1 1508
2 1 867 1 1507
2 1 1761 1 2081
2 1 991 1 1311
2 1 1181 1 1501
2 1 1315 1 1635
2 1 1178 1 1498
2 1 864 1 1184
2 1 1184 1 1504
2 1 856 1 1176
2 1 1180 1 1500
2 1 857 1 1497
2 1 855 1 1175
2 1 1173 1 1493
2 1 864 1 1504
2 1 853 1 1493
2 1 853 1 1173
2 1 1748 1 2068
2 1 981 1 1621
2 1 1301 1 1621
2 1 981 1 1301
2 1 1427 1 2067
2 1 1427 1 1747
2 1 1747 1 2067
2 1 1300 1 1620
2 1 850 1 1170
2 1 1170 1 1490
2 1 850 1 1490
2 1 1168 1 1488
2 1 847 1 1167
2 1 847 1 1487
2 1 1167 1 1487
2 1 845 1 1485
2 1 1164 1 1484
2 1 1738 1 2058
2 1 841 1 1161
2 1 841 1 1481
2 1 1161 1 1481
2 1 1160 1 1480
2 1 1159 1 1479
2 1 839 1 1159
2 1 839 1 1479
2 1 1157 1 1477
2 1 1285 1 1605
2 1 965 1 1285
2 1 965 1 1605
2 1 832 1 1472
2 1 896 1 1856
2 1 1087 1 2047
2 1 767 1 2047
2 1 767 1 1087
2 1 1919 1 2239
2 1 766 1 1086
2 1 766 1 2046
2 1 1086 1 2046
2 1 1470 1 1790
2 1 958 1 1918
2 1 765 1 1085
2 1 765 1 2045
2 1 1085 1 2045
2 1 1469 1 2109
2 1 764 1 2044
2 1 764 1 1084
2 1 1084 1 2044
2 1 1917 1 2237
2 1 957 1 1917
2 1 957 1 2237
2 1 1468 1 1788
2 1 763 1 1083
2 1 1083 1 2043
2 1 763 1 2043
2 1 956 1 1916
2 1 1467 1 2107
2 1 762 1 1082
2 1 955 1 2235
2 1 1466 1 1786
2 1 1081 1 2041
2 1 954 1 1914
2 1 1465 1 2105
2 1 1465 1 1785
2 1 1785 1 2105
2 1 760 1 2040
2 1 760 1 1080
2 1 1080 1 2040
2 1 953 1 2233
2 1 1913 1 2233
2 1 953 1 1913
2 1 1784 1 2104
2 1 1464 1 2104
2 1 1464 1 1784
2 1 952 1 2232
2 1 951 1 1911
2 1 1911 1 2231
2 1 951 1 2231
2 1 1333 1 1653
2 1 1013 1 1333
2 1 1013 1 1653
2 1 1909 1 2229
2 1 755 1 1075
2 1 1907 1 2227
2 1 947 1 2227
2 1 947 1 1907
2 1 754 1 2034
2 1 882 1 1202
2 1 946 1 1906
2 1 1906 1 2226
2 1 946 1 2226
2 1 753 1 1073
2 1 1073 1 2033
2 1 753 1 2033
2 1 1905 1 2225
2 1 752 1 2032
2 1 1327 1 1647
2 1 880 1 1520
2 1 880 1 1200
2 1 1200 1 1520
2 1 1904 1 2224
2 1 944 1 1904
2 1 944 1 2224
2 1 1903 1 2223
2 1 1006 1 1326
2 1 1455 1 2095
2 1 1455 1 1775
2 1 1775 1 2095
2 1 879 1 1519
2 1 750 1 1070
2 1 750 1 2030
2 1 1070 1 2030
2 1 1069 1 2029
2 1 941 1 2221
2 1 1901 1 2221
2 1 941 1 1901
2 1 748 1 1068
2 1 1068 1 2028
2 1 748 1 2028
2 1 940 1 2220
2 1 1900 1 2220
2 1 940 1 1900
2 1 1452 1 2092
2 1 1452 1 1772
2 1 1772 1 2092
2 1 747 1 2027
2 1 747 1 1067
2 1 1067 1 2027
2 1 746 1 2026
2 1 1066 1 2026
2 1 746 1 1066
2 1 939 1 2219
2 1 938 1 2218
2 1 1450 1 2090
2 1 1193 1 1513
2 1 1064 1 2024
2 1 1318 1 1638
2 1 998 1 1638
2 1 998 1 1318
2 1 742 1 1062
2 1 1062 1 2022
2 1 742 1 2022
2 1 935 1 2215
2 1 1316 1 1636
2 1 933 1 1893
2 1 1060 1 2020
2 1 1892 1 2212
2 1 739 1 1059
2 1 931 1 2211
2 1 738 1 2018
2 1 1442 1 2082
2 1 1762 1 2082
2 1 1442 1 1762
2 1 866 1 1506
2 1 866 1 1186
2 1 1186 1 1506
2 1 930 1 1890
2 1 1890 1 2210
2 1 930 1 2210
2 1 736 1 2016
2 1 736 1 1056
2 1 1056 1 2016
2 1 1889 1 2209
2 1 1888 1 2208
2 1 735 1 1055
2 1 927 1 1887
2 1 927 1 2207
2 1 1887 1 2207
2 1 1439 1 1759
2 1 989 1 1309
2 1 1438 1 2078
2 1 1438 1 1758
2 1 1758 1 2078
2 1 1053 1 2013
2 1 733 1 1053
2 1 733 1 2013
2 1 1886 1 2206
2 1 926 1 1886
2 1 926 1 2206
2 1 1757 1 2077
2 1 1437 1 2077
2 1 1437 1 1757
2 1 1052 1 2012
2 1 1436 1 2076
2 1 731 1 2011
2 1 731 1 1051
2 1 1051 1 2011
2 1 924 1 1884
2 1 924 1 2204
2 1 1884 1 2204
2 1 1755 1 2075
2 1 1050 1 2010
2 1 729 1 1049
2 1 729 1 2009
2 1 1049 1 2009
2 1 1882 1 2202
2 1 922 1 2202
2 1 922 1 1882
2 1 1048 1 2008
2 1 920 1 1880
2 1 727 1 1047
2 1 727 1 2007
2 1 1047 1 2007
2 1 726 1 1046
2 1 725 1 1045
2 1 918 1 1878
2 1 917 1 2197
2 1 916 1 2196
2 1 1876 1 2196
2 1 916 1 1876
2 1 979 1 1299
2 1 852 1 1172
2 1 851 1 1491
2 1 1171 1 1491
2 1 851 1 1171
2 1 1298 1 1618
2 1 1296 1 1616
2 1 1425 1 1745
2 1 1425 1 2065
2 1 1745 1 2065
2 1 849 1 1489
2 1 1169 1 1489
2 1 849 1 1169
2 1 913 1 1873
2 1 720 1 1040
2 1 1039 1 1999
2 1 719 1 1999
2 1 719 1 1039
2 1 1872 1 2192
2 1 1423 1 2063
2 1 1423 1 1743
2 1 1743 1 2063
2 1 911 1 1871
2 1 718 1 1038
2 1 1038 1 1998
2 1 718 1 1998
2 1 1037 1 1997
2 1 717 1 1037
2 1 717 1 1997
2 1 910 1 1870
2 1 1870 1 2190
2 1 910 1 2190
2 1 1421 1 2061
2 1 1421 1 1741
2 1 1741 1 2061
2 1 909 1 1869
2 1 1869 1 2189
2 1 909 1 2189
2 1 716 1 1036
2 1 1036 1 1996
2 1 716 1 1996
2 1 715 1 1995
2 1 908 1 2188
2 1 1868 1 2188
2 1 908 1 1868
2 1 907 1 1867
2 1 907 1 2187
2 1 1867 1 2187
2 1 970 1 1610
2 1 843 1 1483
2 1 714 1 1994
2 1 1289 1 1609
2 1 969 1 1289
2 1 969 1 1609
2 1 1033 1 1993
2 1 713 1 1033
2 1 713 1 1993
2 1 1417 1 2057
2 1 1417 1 1737
2 1 1737 1 2057
2 1 712 1 1032
2 1 1032 1 1992
2 1 712 1 1992
2 1 904 1 2184
2 1 1030 1 1990
2 1 1734 1 2054
2 1 1029 1 1989
2 1 709 1 1029
2 1 709 1 1989
2 1 901 1 2181
2 1 900 1 2180
2 1 1283 1 1603
2 1 836 1 1156
2 1 835 1 1155
2 1 1859 1 2179
2 1 834 1 1474
2 1 834 1 1154
2 1 1154 1 1474
2 1 1858 1 2178
2 1 1281 1 1601
2 1 1025 1 1985
2 1 705 1 1985
2 1 705 1 1025
2 1 1857 1 2177
