567 2240
2 1 1465 1 1785
2 1 1789 1 2109
2 1 1785 1 2105
2 1 1465 1 2105
2 1 1782 1 2102
2 1 1462 1 2102
2 1 1462 1 1782
2 1 1764 1 2084
2 1 1762 1 2082
2 1 1440 1 2080
2 1 1760 1 2080
2 1 1440 1 1760
2 1 1424 1 1744
2 1 1429 1 1749
2 1 1746 1 2066
2 1 1429 1 2069
2 1 1756 1 2076
2 1 1749 1 2069
2 1 1426 1 2066
2 1 1426 1 1746
2 1 1744 1 2064
2 1 1424 1 2064
2 1 1423 1 2063
2 1 1741 1 2061
2 1 1421 1 2061
2 1 1421 1 1741
2 1 1419 1 1739
2 1 1739 1 2059
2 1 1419 1 2059
2 1 1418 1 1738
2 1 1738 1 2058
2 1 1418 1 2058
2 1 1417 1 1737
2 1 1737 1 2057
2 1 1417 1 2057
2 1 1408 1 2048
2 1 974 1 1294
2 1 972 1 1292
2 1 1290 1 1610
2 1 1416 1 1736
2 1 968 1 1608
2 1 967 1 1607
2 1 1414 1 1734
2 1 966 1 1606
2 1 1343 1 1663
2 1 1338 1 1658
2 1 1017 1 1657
2 1 1464 1 1784
2 1 1284 1 1604
2 1 1333 1 1653
2 1 1017 1 1337
2 1 1337 1 1657
2 1 1004 1 1644
2 1 964 1 1604
2 1 1324 1 1644
2 1 1004 1 1324
2 1 1002 1 1322
2 1 1322 1 1642
2 1 1002 1 1642
2 1 964 1 1284
2 1 1001 1 1641
2 1 1001 1 1321
2 1 1321 1 1641
2 1 999 1 1639
2 1 999 1 1319
2 1 1319 1 1639
2 1 1318 1 1638
2 1 997 1 1317
2 1 1317 1 1637
2 1 997 1 1637
2 1 1315 1 1635
2 1 1309 1 1629
2 1 982 1 1622
2 1 979 1 1619
2 1 1410 1 2050
2 1 1410 1 1730
2 1 1730 1 2050
2 1 962 1 1282
2 1 962 1 1602
2 1 1282 1 1602
2 1 1409 1 1729
2 1 832 1 1152
2 1 1791 1 2111
2 1 1471 1 2111
2 1 1471 1 1791
2 1 894 1 1534
2 1 1213 1 1533
2 1 893 1 1533
2 1 893 1 1213
2 1 1788 1 2108
2 1 1468 1 1788
2 1 1468 1 2108
2 1 1341 1 1661
2 1 1021 1 1661
2 1 1021 1 1341
2 1 891 1 1531
2 1 1211 1 1531
2 1 891 1 1211
2 1 1210 1 1530
2 1 1209 1 1529
2 1 888 1 1208
2 1 1016 1 1656
2 1 888 1 1528
2 1 1208 1 1528
2 1 1336 1 1656
2 1 1016 1 1336
2 1 1206 1 1526
2 1 885 1 1525
2 1 1204 1 1524
2 1 1205 1 1525
2 1 1779 1 2099
2 1 885 1 1205
2 1 1332 1 1652
2 1 1457 1 2097
2 1 880 1 1520
2 1 880 1 1200
2 1 1200 1 1520
2 1 1327 1 1647
2 1 1192 1 1512
2 1 1193 1 1513
2 1 868 1 1508
2 1 1190 1 1510
2 1 996 1 1636
2 1 988 1 1308
2 1 870 1 1190
2 1 870 1 1510
2 1 1184 1 1504
2 1 1312 1 1632
2 1 1185 1 1505
2 1 865 1 1185
2 1 865 1 1505
2 1 862 1 1502
2 1 1180 1 1500
2 1 1181 1 1501
2 1 859 1 1499
2 1 987 1 1627
2 1 986 1 1306
2 1 986 1 1626
2 1 1306 1 1626
2 1 1433 1 1753
2 1 983 1 1303
2 1 1303 1 1623
2 1 983 1 1623
2 1 1175 1 1495
2 1 852 1 1492
2 1 1427 1 1747
2 1 1427 1 2067
2 1 1747 1 2067
2 1 980 1 1300
2 1 850 1 1490
2 1 848 1 1168
2 1 847 1 1487
2 1 1167 1 1487
2 1 847 1 1167
2 1 1742 1 2062
2 1 845 1 1485
2 1 1422 1 2062
2 1 845 1 1165
2 1 1165 1 1485
2 1 844 1 1484
2 1 842 1 1482
2 1 1422 1 1742
2 1 841 1 1481
2 1 1160 1 1480
2 1 840 1 1480
2 1 840 1 1160
2 1 839 1 1159
2 1 838 1 1158
2 1 837 1 1157
2 1 965 1 1285
2 1 1285 1 1605
2 1 965 1 1605
2 1 1856 1 2176
2 1 767 1 2047
2 1 959 1 1919
2 1 1342 1 1662
2 1 1022 1 1342
2 1 1022 1 1662
2 1 895 1 1535
2 1 895 1 1215
2 1 1215 1 1535
2 1 766 1 1086
2 1 765 1 1085
2 1 1085 1 2045
2 1 765 1 2045
2 1 957 1 1917
2 1 956 1 2236
2 1 1019 1 1659
2 1 892 1 1212
2 1 1212 1 1532
2 1 892 1 1532
2 1 763 1 1083
2 1 1467 1 2107
2 1 1787 1 2107
2 1 1467 1 1787
2 1 762 1 1082
2 1 762 1 2042
2 1 1082 1 2042
2 1 1466 1 2106
2 1 761 1 1081
2 1 954 1 2234
2 1 1080 1 2040
2 1 760 1 1080
2 1 760 1 2040
2 1 952 1 2232
2 1 951 1 2231
2 1 1014 1 1334
2 1 1463 1 2103
2 1 887 1 1207
2 1 758 1 1078
2 1 757 1 1077
2 1 1461 1 2101
2 1 949 1 2229
2 1 1076 1 2036
2 1 756 1 2036
2 1 756 1 1076
2 1 948 1 1908
2 1 947 1 1907
2 1 1330 1 1650
2 1 754 1 2034
2 1 1329 1 1649
2 1 1458 1 2098
2 1 1202 1 1522
2 1 882 1 1202
2 1 882 1 1522
2 1 753 1 2033
2 1 1201 1 1521
2 1 752 1 1072
2 1 751 1 2031
2 1 1199 1 1519
2 1 750 1 2030
2 1 1069 1 2029
2 1 749 1 1069
2 1 749 1 2029
2 1 1325 1 1645
2 1 1005 1 1325
2 1 1005 1 1645
2 1 1453 1 2093
2 1 1773 1 2093
2 1 1453 1 1773
2 1 1452 1 2092
2 1 1452 1 1772
2 1 1772 1 2092
2 1 1196 1 1516
2 1 1067 1 2027
2 1 747 1 2027
2 1 747 1 1067
2 1 940 1 2220
2 1 940 1 1900
2 1 1900 1 2220
2 1 746 1 2026
2 1 746 1 1066
2 1 1066 1 2026
2 1 1899 1 2219
2 1 1450 1 2090
2 1 745 1 2025
2 1 745 1 1065
2 1 1065 1 2025
2 1 938 1 2218
2 1 1769 1 2089
2 1 744 1 1064
2 1 744 1 2024
2 1 1064 1 2024
2 1 743 1 1063
2 1 1063 1 2023
2 1 743 1 2023
2 1 1896 1 2216
2 1 936 1 2216
2 1 936 1 1896
2 1 742 1 1062
2 1 742 1 2022
2 1 1062 1 2022
2 1 934 1 1894
2 1 1061 1 2021
2 1 741 1 2021
2 1 741 1 1061
2 1 933 1 1893
2 1 739 1 2019
2 1 1314 1 1634
2 1 867 1 1507
2 1 867 1 1187
2 1 1187 1 1507
2 1 931 1 2211
2 1 931 1 1891
2 1 1891 1 2211
2 1 738 1 1058
2 1 738 1 2018
2 1 1058 1 2018
2 1 737 1 2017
2 1 737 1 1057
2 1 1057 1 2017
2 1 1890 1 2210
2 1 1441 1 1761
2 1 1441 1 2081
2 1 1761 1 2081
2 1 929 1 2209
2 1 1889 1 2209
2 1 929 1 1889
2 1 1056 1 2016
2 1 735 1 2015
2 1 928 1 2208
2 1 1888 1 2208
2 1 928 1 1888
2 1 927 1 1887
2 1 927 1 2207
2 1 1887 1 2207
2 1 990 1 1310
2 1 1183 1 1503
2 1 863 1 1503
2 1 863 1 1183
2 1 734 1 1054
2 1 1054 1 2014
2 1 734 1 2014
2 1 1758 1 2078
2 1 1438 1 1758
2 1 1438 1 2078
2 1 1437 1 2077
2 1 1757 1 2077
2 1 1437 1 1757
2 1 732 1 1052
2 1 1885 1 2205
2 1 925 1 2205
2 1 925 1 1885
2 1 1051 1 2011
2 1 924 1 2204
2 1 1884 1 2204
2 1 924 1 1884
2 1 923 1 1883
2 1 923 1 2203
2 1 1883 1 2203
2 1 1755 1 2075
2 1 1435 1 1755
2 1 1435 1 2075
2 1 730 1 2010
2 1 985 1 1305
2 1 1178 1 1498
2 1 729 1 2009
2 1 922 1 1882
2 1 1882 1 2202
2 1 922 1 2202
2 1 984 1 1624
2 1 857 1 1497
2 1 728 1 2008
2 1 1048 1 2008
2 1 728 1 1048
2 1 1432 1 1752
2 1 1752 1 2072
2 1 1432 1 2072
2 1 1047 1 2007
2 1 726 1 2006
2 1 919 1 1879
2 1 1879 1 2199
2 1 919 1 2199
2 1 918 1 2198
2 1 918 1 1878
2 1 1878 1 2198
2 1 981 1 1621
2 1 725 1 2005
2 1 725 1 1045
2 1 1045 1 2005
2 1 1877 1 2197
2 1 1044 1 2004
2 1 916 1 1876
2 1 1876 1 2196
2 1 916 1 2196
2 1 915 1 1875
2 1 915 1 2195
2 1 1875 1 2195
2 1 978 1 1618
2 1 1874 1 2194
2 1 913 1 2193
2 1 849 1 1489
2 1 1169 1 1489
2 1 849 1 1169
2 1 720 1 1040
2 1 720 1 2000
2 1 1040 1 2000
2 1 1871 1 2191
2 1 911 1 1871
2 1 911 1 2191
2 1 910 1 1870
2 1 1293 1 1613
2 1 973 1 1293
2 1 973 1 1613
2 1 846 1 1486
2 1 1869 1 2189
2 1 1036 1 1996
2 1 908 1 2188
2 1 908 1 1868
2 1 1868 1 2188
2 1 1420 1 1740
2 1 1035 1 1995
2 1 714 1 1034
2 1 907 1 2187
2 1 1867 1 2187
2 1 907 1 1867
2 1 906 1 2186
2 1 906 1 1866
2 1 1866 1 2186
2 1 1033 1 1993
2 1 713 1 1993
2 1 713 1 1033
2 1 905 1 2185
2 1 1865 1 2185
2 1 905 1 1865
2 1 712 1 1032
2 1 904 1 1864
2 1 1864 1 2184
2 1 904 1 2184
2 1 903 1 2183
2 1 710 1 1030
2 1 1733 1 2053
2 1 901 1 2181
2 1 901 1 1861
2 1 1861 1 2181
2 1 963 1 1603
2 1 1283 1 1603
2 1 963 1 1283
2 1 1412 1 1732
2 1 1156 1 1476
2 1 1860 1 2180
2 1 900 1 2180
2 1 900 1 1860
2 1 898 1 1858
2 1 961 1 1601
2 1 1281 1 1601
2 1 961 1 1281
2 1 834 1 1154
2 1 704 1 1984
2 1 833 1 1473
2 1 1153 1 1473
2 1 833 1 1153
2 1 704 1 1024
2 1 1024 1 1984
3 1 618 1 910 1 1230
3 1 505 1 1314 1 1954
3 1 522 1 718 1 1998
3 1 505 1 1634 1 1954
3 1 524 1 784 1 1424
3 1 458 1 1331 1 1971
3 1 517 1 777 1 2057
3 1 618 1 1230 1 1870
3 1 547 1 807 1 2087
3 1 575 1 707 1 1027
3 1 342 1 991 1 1311
3 1 524 1 784 1 1744
3 1 517 1 777 1 1417
3 1 398 1 1767 1 2087
3 1 603 1 959 1 1279
3 1 524 1 784 1 2064
3 1 603 1 1279 1 1919
3 1 394 1 1187 1 1827
3 1 421 1 1790 1 2110
3 1 570 1 830 1 2110
3 1 569 1 829 1 2109
3 1 562 1 822 1 2102
3 1 545 1 805 1 2085
3 1 624 1 1236 1 1876
3 1 624 1 916 1 1236
3 1 396 1 1765 1 2085
3 1 565 1 825 1 1465
3 1 562 1 822 1 1462
3 1 544 1 804 1 2084
3 1 536 1 796 1 1756
3 1 544 1 804 1 1764
3 1 562 1 822 1 1782
3 1 624 1 1236 1 2196
3 1 536 1 796 1 2076
3 1 540 1 800 1 1760
3 1 540 1 800 1 1440
3 1 540 1 800 1 2080
3 1 565 1 825 1 1785
3 1 565 1 825 1 2105
3 1 569 1 829 1 1789
3 1 542 1 802 1 2082
3 1 541 1 801 1 2081
3 1 542 1 802 1 1762
3 1 394 1 1507 1 1827
3 1 351 1 1320 1 1640
3 1 541 1 801 1 1441
3 1 541 1 801 1 1761
3 1 356 1 1069 1 1389
3 1 511 1 1640 1 1960
3 1 517 1 777 1 1737
3 1 470 1 1919 1 2239
3 1 600 1 1276 1 2236
3 1 378 1 1027 1 1347
3 1 470 1 959 1 2239
3 1 467 1 1340 1 1980
3 1 566 1 826 1 1466
3 1 481 1 1290 1 1930
3 1 398 1 871 1 1831
3 1 493 1 982 1 1942
3 1 388 1 1501 1 1821
3 1 462 1 1335 1 1975
3 1 329 1 1042 1 1362
3 1 356 1 749 1 1389
3 1 417 1 1530 1 1850
3 1 629 1 1177 1 1497
3 1 502 1 991 1 1951
3 1 596 1 952 1 1272
3 1 638 1 1250 1 1890
3 1 614 1 1162 1 1482
3 1 549 1 809 1 1769
3 1 606 1 1218 1 1858
3 1 567 1 827 1 2107
3 1 567 1 827 1 1787
3 1 475 1 1604 1 1924
3 1 543 1 803 1 1763
3 1 578 1 934 1 1254
3 1 356 1 1389 1 2029
3 1 639 1 931 1 1251
3 1 629 1 1241 1 1881
3 1 600 1 956 1 1276
3 1 400 1 1193 1 1833
3 1 523 1 783 1 2063
3 1 638 1 1250 1 2210
3 1 496 1 1881 1 2201
3 1 415 1 1528 1 1848
3 1 332 1 1301 1 1621
3 1 593 1 949 1 1269
3 1 549 1 809 1 2089
3 1 497 1 1626 1 1946
3 1 497 1 986 1 1946
3 1 497 1 1306 1 1946
3 1 439 1 1168 1 1808
3 1 474 1 963 1 1923
3 1 571 1 831 1 1791
3 1 439 1 848 1 1808
3 1 481 1 1610 1 1930
3 1 363 1 1396 1 2036
3 1 607 1 1219 1 2179
3 1 614 1 842 1 1162
3 1 422 1 895 1 1855
3 1 509 1 1894 1 2214
3 1 639 1 1251 1 2211
3 1 372 1 1405 1 2045
3 1 372 1 1085 1 1405
3 1 516 1 776 1 1736
3 1 571 1 831 1 1471
3 1 451 1 1644 1 1964
3 1 574 1 770 1 1410
3 1 372 1 765 1 1405
3 1 613 1 841 1 1161
3 1 451 1 1324 1 1964
3 1 567 1 827 1 1467
3 1 602 1 1278 1 2238
3 1 639 1 1251 1 1891
3 1 436 1 1165 1 1805
3 1 339 1 732 1 1372
3 1 391 1 1184 1 1824
3 1 478 1 1607 1 1927
3 1 453 1 1902 1 2222
3 1 510 1 1639 1 1959
3 1 424 1 1473 1 1793
3 1 394 1 867 1 1827
3 1 578 1 1254 1 1894
3 1 574 1 770 1 1730
3 1 424 1 1153 1 1793
3 1 474 1 1283 1 1923
3 1 529 1 789 1 1429
3 1 363 1 1076 1 1396
3 1 529 1 789 1 1749
3 1 433 1 842 1 1802
3 1 424 1 833 1 1793
3 1 509 1 1318 1 1958
3 1 342 1 735 1 1375
