620 2240
2 1 1466 1 1786
2 1 1786 1 2106
2 1 1466 1 2106
2 1 1775 1 2095
2 1 1773 1 2093
2 1 1770 1 2090
2 1 1446 1 2086
2 1 1446 1 1766
2 1 1766 1 2086
2 1 1445 1 1765
2 1 1765 1 2085
2 1 1445 1 2085
2 1 1444 1 2084
2 1 1443 1 2083
2 1 1754 1 2074
2 1 1427 1 2067
2 1 1427 1 1747
2 1 1747 1 2067
2 1 1425 1 2065
2 1 1746 1 2066
2 1 1745 1 2065
2 1 1425 1 1745
2 1 1744 1 2064
2 1 1424 1 2064
2 1 1424 1 1744
2 1 1423 1 2063
2 1 1422 1 1742
2 1 1419 1 2059
2 1 1419 1 1739
2 1 1742 1 2062
2 1 1422 1 2062
2 1 1739 1 2059
2 1 1738 1 2058
2 1 1418 1 2058
2 1 1418 1 1738
2 1 1730 1 2050
2 1 1410 1 1730
2 1 1410 1 2050
2 1 975 1 1295
2 1 1342 1 1662
2 1 1022 1 1342
2 1 1022 1 1662
2 1 1018 1 1658
2 1 1338 1 1658
2 1 1018 1 1338
2 1 1468 1 1788
2 1 1336 1 1656
2 1 1012 1 1332
2 1 1004 1 1324
2 1 1324 1 1644
2 1 1326 1 1646
2 1 1006 1 1646
2 1 1006 1 1326
2 1 1004 1 1644
2 1 1002 1 1322
2 1 1449 1 1769
2 1 997 1 1317
2 1 995 1 1315
2 1 1308 1 1628
2 1 996 1 1316
2 1 988 1 1628
2 1 988 1 1308
2 1 987 1 1627
2 1 987 1 1307
2 1 1307 1 1627
2 1 1020 1 1340
2 1 986 1 1626
2 1 985 1 1625
2 1 985 1 1305
2 1 1305 1 1625
2 1 980 1 1620
2 1 1432 1 1752
2 1 1300 1 1620
2 1 980 1 1300
2 1 1298 1 1618
2 1 976 1 1616
2 1 1411 1 1731
2 1 834 1 1154
2 1 1296 1 1616
2 1 1215 1 1535
2 1 976 1 1296
2 1 961 1 1601
2 1 1281 1 1601
2 1 961 1 1281
2 1 1214 1 1534
2 1 1213 1 1533
2 1 892 1 1212
2 1 891 1 1211
2 1 889 1 1529
2 1 888 1 1528
2 1 1337 1 1657
2 1 1207 1 1527
2 1 886 1 1206
2 1 1206 1 1526
2 1 886 1 1526
2 1 1013 1 1653
2 1 1330 1 1650
2 1 1205 1 1525
2 1 1010 1 1650
2 1 1010 1 1330
2 1 1456 1 2096
2 1 1199 1 1519
2 1 879 1 1519
2 1 879 1 1199
2 1 1774 1 2094
2 1 1454 1 2094
2 1 1454 1 1774
2 1 1197 1 1517
2 1 877 1 1197
2 1 877 1 1517
2 1 1448 1 2088
2 1 1768 1 2088
2 1 1448 1 1768
2 1 1001 1 1641
2 1 1321 1 1641
2 1 1001 1 1321
2 1 1000 1 1640
2 1 873 1 1513
2 1 1767 1 2087
2 1 1447 1 1767
2 1 1447 1 2087
2 1 870 1 1510
2 1 870 1 1190
2 1 1190 1 1510
2 1 869 1 1509
2 1 868 1 1508
2 1 868 1 1188
2 1 1188 1 1508
2 1 867 1 1507
2 1 866 1 1186
2 1 866 1 1506
2 1 1186 1 1506
2 1 1440 1 1760
2 1 1760 1 2080
2 1 1439 1 2079
2 1 1439 1 1759
2 1 1759 1 2079
2 1 1440 1 2080
2 1 1751 1 2071
2 1 857 1 1497
2 1 1431 1 2071
2 1 1431 1 1751
2 1 984 1 1624
2 1 983 1 1303
2 1 983 1 1623
2 1 1303 1 1623
2 1 853 1 1173
2 1 1171 1 1491
2 1 851 1 1491
2 1 851 1 1171
2 1 850 1 1170
2 1 1170 1 1490
2 1 850 1 1490
2 1 1169 1 1489
2 1 849 1 1489
2 1 849 1 1169
2 1 848 1 1488
2 1 846 1 1486
2 1 847 1 1487
2 1 846 1 1166
2 1 1166 1 1486
2 1 974 1 1294
2 1 1164 1 1484
2 1 1163 1 1483
2 1 842 1 1482
2 1 1162 1 1482
2 1 842 1 1162
2 1 1290 1 1610
2 1 970 1 1290
2 1 970 1 1610
2 1 969 1 1289
2 1 1412 1 1732
2 1 1412 1 2052
2 1 1732 1 2052
2 1 1343 1 1663
2 1 1023 1 1343
2 1 1023 1 1663
2 1 1728 1 2048
2 1 1087 1 2047
2 1 767 1 1087
2 1 767 1 2047
2 1 766 1 2046
2 1 766 1 1086
2 1 1086 1 2046
2 1 1790 1 2110
2 1 1470 1 1790
2 1 1470 1 2110
2 1 765 1 2045
2 1 1085 1 2045
2 1 765 1 1085
2 1 1417 1 1737
2 1 1084 1 2044
2 1 764 1 1084
2 1 764 1 2044
2 1 957 1 2237
2 1 956 1 1916
2 1 1083 1 2043
2 1 763 1 2043
2 1 763 1 1083
2 1 1467 1 2107
2 1 1467 1 1787
2 1 1787 1 2107
2 1 955 1 1915
2 1 955 1 2235
2 1 1915 1 2235
2 1 762 1 1082
2 1 954 1 1914
2 1 1914 1 2234
2 1 954 1 2234
2 1 953 1 2233
2 1 1913 1 2233
2 1 953 1 1913
2 1 1080 1 2040
2 1 760 1 1080
2 1 760 1 2040
2 1 1784 1 2104
2 1 952 1 1912
2 1 759 1 2039
2 1 1079 1 2039
2 1 759 1 1079
2 1 758 1 2038
2 1 1078 1 2038
2 1 758 1 1078
2 1 1911 1 2231
2 1 951 1 1911
2 1 951 1 2231
2 1 950 1 1910
2 1 1782 1 2102
2 1 1462 1 2102
2 1 1462 1 1782
2 1 757 1 1077
2 1 1909 1 2229
2 1 949 1 2229
2 1 949 1 1909
2 1 948 1 1908
2 1 884 1 1204
2 1 1459 1 1779
2 1 1907 1 2227
2 1 1011 1 1331
2 1 1778 1 2098
2 1 1458 1 2098
2 1 1458 1 1778
2 1 1009 1 1329
2 1 946 1 1906
2 1 1906 1 2226
2 1 946 1 2226
2 1 1008 1 1648
2 1 1777 1 2097
2 1 1201 1 1521
2 1 752 1 2032
2 1 1905 1 2225
2 1 1071 1 2031
2 1 751 1 1071
2 1 751 1 2031
2 1 1007 1 1327
2 1 1007 1 1647
2 1 1327 1 1647
2 1 1904 1 2224
2 1 750 1 2030
2 1 942 1 2222
2 1 1198 1 1518
2 1 878 1 1518
2 1 878 1 1198
2 1 1005 1 1645
2 1 749 1 2029
2 1 1069 1 2029
2 1 749 1 1069
2 1 1900 1 2220
2 1 940 1 1900
2 1 940 1 2220
2 1 1323 1 1643
2 1 1003 1 1643
2 1 1003 1 1323
2 1 1196 1 1516
2 1 876 1 1516
2 1 876 1 1196
2 1 747 1 2027
2 1 1067 1 2027
2 1 747 1 1067
2 1 746 1 1066
2 1 1066 1 2026
2 1 746 1 2026
2 1 938 1 1898
2 1 1065 1 2025
2 1 937 1 2217
2 1 744 1 2024
2 1 872 1 1192
2 1 936 1 2216
2 1 743 1 2023
2 1 1191 1 1511
2 1 871 1 1191
2 1 871 1 1511
2 1 742 1 2022
2 1 742 1 1062
2 1 1062 1 2022
2 1 1894 1 2214
2 1 741 1 1061
2 1 933 1 2213
2 1 932 1 1892
2 1 932 1 2212
2 1 1892 1 2212
2 1 1059 1 2019
2 1 931 1 1891
2 1 1058 1 2018
2 1 1442 1 1762
2 1 930 1 1890
2 1 737 1 2017
2 1 1057 1 2017
2 1 737 1 1057
2 1 1441 1 1761
2 1 1441 1 2081
2 1 1761 1 2081
2 1 1889 1 2209
2 1 929 1 2209
2 1 929 1 1889
2 1 1184 1 1504
2 1 991 1 1631
2 1 1311 1 1631
2 1 991 1 1311
2 1 1888 1 2208
2 1 928 1 2208
2 1 928 1 1888
2 1 1438 1 1758
2 1 863 1 1503
2 1 863 1 1183
2 1 1183 1 1503
2 1 1887 1 2207
2 1 1886 1 2206
2 1 989 1 1309
2 1 862 1 1182
2 1 862 1 1502
2 1 1182 1 1502
2 1 733 1 2013
2 1 733 1 1053
2 1 1053 1 2013
2 1 1885 1 2205
2 1 1437 1 1757
2 1 1052 1 2012
2 1 1051 1 2011
2 1 731 1 1051
2 1 731 1 2011
2 1 924 1 2204
2 1 924 1 1884
2 1 1884 1 2204
2 1 1050 1 2010
2 1 923 1 1883
2 1 729 1 2009
2 1 1049 1 2009
2 1 729 1 1049
2 1 1882 1 2202
2 1 922 1 1882
2 1 922 1 2202
2 1 921 1 2201
2 1 1433 1 1753
2 1 728 1 1048
2 1 920 1 2200
2 1 919 1 1879
2 1 919 1 2199
2 1 1879 1 2199
2 1 982 1 1622
2 1 855 1 1175
2 1 1878 1 2198
2 1 1174 1 1494
2 1 854 1 1494
2 1 854 1 1174
2 1 981 1 1301
2 1 981 1 1621
2 1 1301 1 1621
2 1 1045 1 2005
2 1 725 1 1045
2 1 725 1 2005
2 1 979 1 1299
2 1 1299 1 1619
2 1 979 1 1619
2 1 723 1 1043
2 1 1042 1 2002
2 1 914 1 2194
2 1 1041 1 2001
2 1 721 1 1041
2 1 721 1 2001
2 1 913 1 1873
2 1 913 1 2193
2 1 1873 1 2193
2 1 720 1 1040
2 1 912 1 2192
2 1 1872 1 2192
2 1 912 1 1872
2 1 719 1 1999
2 1 1039 1 1999
2 1 719 1 1039
2 1 1871 1 2191
2 1 911 1 1871
2 1 911 1 2191
2 1 718 1 1038
2 1 910 1 1870
2 1 1421 1 1741
2 1 1741 1 2061
2 1 1421 1 2061
2 1 845 1 1165
2 1 845 1 1485
2 1 1165 1 1485
2 1 909 1 2189
2 1 909 1 1869
2 1 1869 1 2189
2 1 716 1 1036
2 1 1420 1 2060
2 1 715 1 1035
2 1 714 1 1034
2 1 906 1 2186
2 1 905 1 2185
2 1 905 1 1865
2 1 1865 1 2185
2 1 1161 1 1481
2 1 841 1 1481
2 1 841 1 1161
2 1 1288 1 1608
2 1 968 1 1288
2 1 968 1 1608
2 1 1864 1 2184
2 1 1416 1 2056
2 1 1736 1 2056
2 1 1416 1 1736
2 1 967 1 1287
2 1 1287 1 1607
2 1 967 1 1607
2 1 711 1 1991
2 1 966 1 1286
2 1 1286 1 1606
2 1 966 1 1606
2 1 710 1 1990
2 1 709 1 1989
2 1 709 1 1029
2 1 1029 1 1989
2 1 708 1 1988
2 1 1283 1 1603
2 1 707 1 1987
2 1 836 1 1156
2 1 1859 1 2179
2 1 835 1 1475
2 1 1155 1 1475
2 1 835 1 1155
2 1 962 1 1602
2 1 962 1 1282
2 1 1282 1 1602
2 1 706 1 1986
2 1 706 1 1026
2 1 1026 1 1986
2 1 1280 1 1600
2 1 833 1 1473
2 1 833 1 1153
2 1 1153 1 1473
2 1 897 1 2177
2 1 897 1 1857
2 1 1857 1 2177
3 1 543 1 803 1 1443
3 1 441 1 1170 1 1810
3 1 425 1 834 1 1794
3 1 607 1 1219 1 2179
3 1 519 1 779 1 1419
3 1 543 1 803 1 2083
3 1 607 1 1219 1 1859
3 1 549 1 745 1 2025
3 1 546 1 806 1 2086
3 1 549 1 745 1 1065
3 1 550 1 810 1 2090
3 1 628 1 1240 1 2200
3 1 584 1 940 1 1260
3 1 436 1 1485 1 1805
3 1 449 1 1322 1 1962
3 1 614 1 1226 1 2186
3 1 512 1 772 1 1732
3 1 584 1 1260 1 1900
3 1 613 1 905 1 1225
3 1 497 1 986 1 1946
3 1 467 1 1020 1 1980
3 1 512 1 772 1 2052
3 1 613 1 1225 1 1865
3 1 512 1 772 1 1412
3 1 620 1 848 1 1168
3 1 519 1 779 1 2059
3 1 570 1 830 1 1790
3 1 626 1 1238 1 2198
3 1 362 1 1075 1 1395
3 1 378 1 707 1 1347
3 1 613 1 1225 1 2185
3 1 553 1 813 1 1773
3 1 449 1 1002 1 1962
3 1 570 1 830 1 1470
3 1 570 1 830 1 2110
3 1 626 1 1238 1 1878
3 1 550 1 810 1 1770
3 1 553 1 813 1 2093
3 1 555 1 815 1 1775
3 1 566 1 826 1 1786
3 1 566 1 826 1 2106
3 1 566 1 826 1 1466
3 1 555 1 815 1 2095
3 1 416 1 1785 1 2105
3 1 351 1 1384 1 2024
3 1 414 1 1783 1 2103
3 1 620 1 1168 1 1488
3 1 534 1 794 1 2074
3 1 438 1 1423 1 1743
3 1 394 1 1763 1 2083
3 1 534 1 794 1 1754
3 1 563 1 823 1 2103
3 1 467 1 1340 1 1980
3 1 565 1 825 1 2105
3 1 394 1 1443 1 1763
3 1 546 1 806 1 1446
3 1 358 1 1391 1 2031
3 1 487 1 1616 1 1936
3 1 559 1 755 1 1075
3 1 358 1 751 1 1391
3 1 358 1 1071 1 1391
3 1 545 1 805 1 2085
3 1 545 1 805 1 1445
3 1 545 1 805 1 1765
3 1 546 1 806 1 1766
3 1 544 1 804 1 1444
3 1 395 1 1764 1 2084
3 1 544 1 804 1 2084
3 1 395 1 1444 1 1764
3 1 427 1 1156 1 1796
3 1 517 1 777 1 1417
3 1 376 1 1345 1 1985
3 1 584 1 1260 1 2220
3 1 459 1 1908 1 2228
3 1 458 1 1331 1 1971
3 1 403 1 1196 1 1836
3 1 582 1 1258 1 1898
3 1 371 1 1404 1 2044
3 1 585 1 1261 1 2221
3 1 334 1 727 1 1367
3 1 438 1 1743 1 2063
3 1 633 1 861 1 1181
3 1 474 1 1603 1 1923
3 1 371 1 1084 1 1404
3 1 391 1 1504 1 1824
3 1 474 1 1283 1 1923
3 1 573 1 705 1 1985
3 1 432 1 1161 1 1801
3 1 487 1 1296 1 1936
3 1 371 1 764 1 1404
3 1 420 1 1213 1 1853
3 1 598 1 1210 1 1530
3 1 489 1 1298 1 1938
3 1 549 1 809 1 1769
3 1 438 1 1487 1 1807
3 1 323 1 1036 1 1356
3 1 629 1 921 1 1241
3 1 432 1 1481 1 1801
3 1 487 1 976 1 1936
3 1 606 1 1218 1 2178
3 1 586 1 942 1 1262
3 1 572 1 704 1 1984
3 1 459 1 948 1 2228
3 1 352 1 1385 1 2025
3 1 432 1 841 1 1801
3 1 489 1 1618 1 1938
3 1 592 1 1268 1 1908
3 1 355 1 1388 1 2028
3 1 427 1 836 1 1796
3 1 574 1 770 1 1410
3 1 601 1 957 1 1277
3 1 559 1 819 1 1779
3 1 592 1 948 1 1268
3 1 612 1 1224 1 1864
3 1 600 1 1276 1 1916
3 1 588 1 1264 1 2224
3 1 335 1 728 1 1368
3 1 539 1 799 1 2079
3 1 608 1 900 1 1220
3 1 567 1 827 1 2107
3 1 599 1 955 1 1275
3 1 507 1 996 1 1956
3 1 450 1 1643 1 1963
3 1 492 1 1877 1 2197
3 1 492 1 1621 1 1941
3 1 378 1 1347 1 1987
3 1 440 1 1489 1 1809
3 1 587 1 1263 1 1903
3 1 390 1 1503 1 1823
3 1 458 1 1011 1 1971
3 1 601 1 1277 1 2237
3 1 420 1 1533 1 1853
3 1 572 1 768 1 1728
3 1 457 1 1010 1 1970
3 1 554 1 814 1 2094
3 1 576 1 1252 1 2212
3 1 335 1 1048 1 1368
3 1 325 1 1038 1 1358
3 1 467 1 956 1 2236
3 1 597 1 1273 1 1913
3 1 344 1 1377 1 2017
3 1 323 1 716 1 1356
3 1 450 1 1323 1 1963
3 1 356 1 1069 1 1389
3 1 500 1 989 1 1949
3 1 603 1 1279 1 2239
3 1 395 1 1508 1 1828
3 1 521 1 781 1 2061
3 1 497 1 1626 1 1946
3 1 523 1 783 1 2063
3 1 605 1 897 1 1217
3 1 381 1 710 1 1350
3 1 575 1 771 1 1731
3 1 437 1 1486 1 1806
3 1 464 1 1337 1 1977
3 1 577 1 1189 1 1509
3 1 639 1 867 1 1187
3 1 574 1 770 1 2050
3 1 519 1 779 1 1739
3 1 393 1 1186 1 1826
3 1 465 1 1018 1 1978
3 1 352 1 1065 1 1385
3 1 454 1 1903 1 2223
3 1 354 1 1387 1 2027
3 1 396 1 869 1 1829
3 1 459 1 1012 1 1972
