425 2240
2 1 1787 1 2107
2 1 1785 1 2105
2 1 1465 1 1785
2 1 1465 1 2105
2 1 1782 1 2102
2 1 1460 1 2100
2 1 1779 1 2099
2 1 1777 1 2097
2 1 1776 1 2096
2 1 1775 1 2095
2 1 1455 1 1775
2 1 1455 1 2095
2 1 1454 1 1774
2 1 1454 1 2094
2 1 1774 1 2094
2 1 1773 1 2093
2 1 1453 1 2093
2 1 1453 1 1773
2 1 1450 1 2090
2 1 1770 1 2090
2 1 1450 1 1770
2 1 1769 1 2089
2 1 1449 1 2089
2 1 1449 1 1769
2 1 1764 1 2084
2 1 1738 1 2058
2 1 1423 1 2063
2 1 1736 1 2056
2 1 1423 1 1743
2 1 1422 1 2062
2 1 1742 1 2062
2 1 1422 1 1742
2 1 1743 1 2063
2 1 1416 1 1736
2 1 1416 1 2056
2 1 1731 1 2051
2 1 1288 1 1608
2 1 1411 1 1731
2 1 968 1 1288
2 1 968 1 1608
2 1 1411 1 2051
2 1 963 1 1603
2 1 1022 1 1662
2 1 1022 1 1342
2 1 1342 1 1662
2 1 1340 1 1660
2 1 1468 1 1788
2 1 1019 1 1659
2 1 1019 1 1339
2 1 1339 1 1659
2 1 1018 1 1338
2 1 1017 1 1657
2 1 1016 1 1336
2 1 1336 1 1656
2 1 1016 1 1656
2 1 1335 1 1655
2 1 1014 1 1654
2 1 1334 1 1654
2 1 1014 1 1334
2 1 1013 1 1653
2 1 1012 1 1652
2 1 1010 1 1650
2 1 1007 1 1327
2 1 1324 1 1644
2 1 1002 1 1322
2 1 997 1 1637
2 1 1441 1 1761
2 1 986 1 1306
2 1 1446 1 1766
2 1 992 1 1632
2 1 987 1 1307
2 1 1305 1 1625
2 1 1155 1 1475
2 1 1154 1 1474
2 1 1728 1 2048
2 1 986 1 1626
2 1 834 1 1154
2 1 834 1 1474
2 1 961 1 1601
2 1 961 1 1281
2 1 989 1 1309
2 1 1281 1 1601
2 1 1790 1 2110
2 1 893 1 1533
2 1 893 1 1213
2 1 1213 1 1533
2 1 891 1 1211
2 1 1206 1 1526
2 1 895 1 1535
2 1 1306 1 1626
2 1 890 1 1210
2 1 888 1 1528
2 1 885 1 1525
2 1 1215 1 1535
2 1 895 1 1215
2 1 1210 1 1530
2 1 890 1 1530
2 1 884 1 1204
2 1 1203 1 1523
2 1 883 1 1203
2 1 883 1 1523
2 1 1011 1 1331
2 1 880 1 1520
2 1 879 1 1519
2 1 1199 1 1519
2 1 879 1 1199
2 1 1198 1 1518
2 1 878 1 1518
2 1 878 1 1198
2 1 1197 1 1517
2 1 877 1 1517
2 1 877 1 1197
2 1 1452 1 2092
2 1 1772 1 2092
2 1 1452 1 1772
2 1 875 1 1515
2 1 1193 1 1513
2 1 873 1 1193
2 1 873 1 1513
2 1 1001 1 1321
2 1 868 1 1188
2 1 1448 1 1768
2 1 1443 1 2083
2 1 866 1 1506
2 1 866 1 1186
2 1 1186 1 1506
2 1 1313 1 1633
2 1 863 1 1183
2 1 1182 1 1502
2 1 1757 1 2077
2 1 1437 1 1757
2 1 1437 1 2077
2 1 860 1 1500
2 1 1180 1 1500
2 1 860 1 1180
2 1 1175 1 1495
2 1 858 1 1178
2 1 855 1 1175
2 1 855 1 1495
2 1 1303 1 1623
2 1 1430 1 1750
2 1 852 1 1172
2 1 980 1 1300
2 1 1300 1 1620
2 1 980 1 1620
2 1 1299 1 1619
2 1 979 1 1619
2 1 979 1 1299
2 1 1744 1 2064
2 1 853 1 1173
2 1 847 1 1167
2 1 1167 1 1487
2 1 847 1 1487
2 1 846 1 1166
2 1 846 1 1486
2 1 1166 1 1486
2 1 1294 1 1614
2 1 973 1 1613
2 1 973 1 1293
2 1 1293 1 1613
2 1 1739 1 2059
2 1 1162 1 1482
2 1 842 1 1482
2 1 842 1 1162
2 1 841 1 1481
2 1 839 1 1479
2 1 1414 1 2054
2 1 1160 1 1480
2 1 1287 1 1607
2 1 1734 1 2054
2 1 1414 1 1734
2 1 1156 1 1476
2 1 1343 1 1663
2 1 1919 1 2239
2 1 1471 1 2111
2 1 766 1 2046
2 1 1214 1 1534
2 1 765 1 2045
2 1 765 1 1085
2 1 1085 1 2045
2 1 1917 1 2237
2 1 1084 1 2044
2 1 764 1 1084
2 1 764 1 2044
2 1 1083 1 2043
2 1 763 1 1083
2 1 763 1 2043
2 1 956 1 1916
2 1 955 1 2235
2 1 1915 1 2235
2 1 955 1 1915
2 1 762 1 1082
2 1 954 1 2234
2 1 954 1 1914
2 1 1914 1 2234
2 1 761 1 1081
2 1 761 1 2041
2 1 1081 1 2041
2 1 760 1 2040
2 1 760 1 1080
2 1 1080 1 2040
2 1 953 1 2233
2 1 953 1 1913
2 1 1913 1 2233
2 1 952 1 2232
2 1 952 1 1912
2 1 1912 1 2232
2 1 759 1 1079
2 1 1463 1 2103
2 1 758 1 1078
2 1 951 1 2231
2 1 1077 1 2037
2 1 950 1 1910
2 1 949 1 2229
2 1 1909 1 2229
2 1 949 1 1909
2 1 756 1 1076
2 1 948 1 1908
2 1 755 1 1075
2 1 1075 1 2035
2 1 755 1 2035
2 1 946 1 2226
2 1 1906 1 2226
2 1 946 1 1906
2 1 1009 1 1329
2 1 1009 1 1649
2 1 1329 1 1649
2 1 882 1 1202
2 1 1202 1 1522
2 1 882 1 1522
2 1 1458 1 1778
2 1 1072 1 2032
2 1 1905 1 2225
2 1 1904 1 2224
2 1 944 1 1904
2 1 944 1 2224
2 1 751 1 1071
2 1 943 1 1903
2 1 943 1 2223
2 1 1903 1 2223
2 1 1070 1 2030
2 1 942 1 2222
2 1 749 1 1069
2 1 749 1 2029
2 1 1069 1 2029
2 1 1901 1 2221
2 1 941 1 2221
2 1 941 1 1901
2 1 940 1 2220
2 1 940 1 1900
2 1 1900 1 2220
2 1 1323 1 1643
2 1 1003 1 1643
2 1 1003 1 1323
2 1 876 1 1196
2 1 1196 1 1516
2 1 876 1 1516
2 1 747 1 1067
2 1 938 1 2218
2 1 937 1 1897
2 1 1897 1 2217
2 1 937 1 2217
2 1 744 1 2024
2 1 1319 1 1639
2 1 872 1 1512
2 1 936 1 2216
2 1 743 1 2023
2 1 1895 1 2215
2 1 1447 1 1767
2 1 871 1 1191
2 1 742 1 1062
2 1 1062 1 2022
2 1 742 1 2022
2 1 1318 1 1638
2 1 998 1 1638
2 1 998 1 1318
2 1 741 1 2021
2 1 869 1 1189
2 1 933 1 2213
2 1 1316 1 1636
2 1 739 1 2019
2 1 931 1 2211
2 1 994 1 1314
2 1 867 1 1507
2 1 738 1 2018
2 1 1058 1 2018
2 1 738 1 1058
2 1 736 1 2016
2 1 929 1 1889
2 1 1311 1 1631
2 1 864 1 1184
2 1 928 1 2208
2 1 1439 1 2079
2 1 1759 1 2079
2 1 1439 1 1759
2 1 734 1 2014
2 1 1054 1 2014
2 1 734 1 1054
2 1 1438 1 2078
2 1 1758 1 2078
2 1 1438 1 1758
2 1 926 1 2206
2 1 1308 1 1628
2 1 1181 1 1501
2 1 925 1 2205
2 1 1756 1 2076
2 1 1436 1 1756
2 1 1436 1 2076
2 1 1884 1 2204
2 1 731 1 1051
2 1 731 1 2011
2 1 1051 1 2011
2 1 923 1 1883
2 1 923 1 2203
2 1 1883 1 2203
2 1 1434 1 1754
2 1 922 1 2202
2 1 922 1 1882
2 1 1882 1 2202
2 1 729 1 1049
2 1 1753 1 2073
2 1 1433 1 1753
2 1 1433 1 2073
2 1 1048 1 2008
2 1 728 1 1048
2 1 728 1 2008
2 1 921 1 2201
2 1 1881 1 2201
2 1 921 1 1881
2 1 727 1 1047
2 1 920 1 2200
2 1 1751 1 2071
2 1 919 1 1879
2 1 726 1 2006
2 1 981 1 1621
2 1 1174 1 1494
2 1 725 1 1045
2 1 1878 1 2198
2 1 918 1 1878
2 1 918 1 2198
2 1 1044 1 2004
2 1 1428 1 2068
2 1 916 1 2196
2 1 1876 1 2196
2 1 916 1 1876
2 1 723 1 2003
2 1 1171 1 1491
2 1 978 1 1618
2 1 978 1 1298
2 1 1298 1 1618
2 1 1746 1 2066
2 1 1297 1 1617
2 1 1296 1 1616
2 1 976 1 1616
2 1 976 1 1296
2 1 1425 1 2065
2 1 1169 1 1489
2 1 975 1 1295
2 1 1168 1 1488
2 1 719 1 1039
2 1 1871 1 2191
2 1 718 1 1038
2 1 1038 1 1998
2 1 718 1 1998
2 1 910 1 2190
2 1 717 1 1997
2 1 845 1 1485
2 1 845 1 1165
2 1 1165 1 1485
2 1 909 1 2189
2 1 1292 1 1612
2 1 716 1 1996
2 1 1291 1 1611
2 1 971 1 1291
2 1 971 1 1611
2 1 844 1 1484
2 1 844 1 1164
2 1 1164 1 1484
2 1 715 1 1995
2 1 1163 1 1483
2 1 1290 1 1610
2 1 714 1 1034
2 1 1866 1 2186
2 1 1033 1 1993
2 1 713 1 1033
2 1 713 1 1993
2 1 905 1 2185
2 1 1417 1 1737
2 1 1417 1 2057
2 1 1737 1 2057
2 1 712 1 1032
2 1 1032 1 1992
2 1 712 1 1992
2 1 711 1 1991
2 1 1031 1 1991
2 1 711 1 1031
2 1 1864 1 2184
2 1 904 1 1864
2 1 904 1 2184
2 1 903 1 1863
2 1 903 1 2183
2 1 1863 1 2183
2 1 710 1 1990
2 1 965 1 1285
2 1 709 1 1989
2 1 1733 1 2053
2 1 837 1 1157
2 1 837 1 1477
2 1 1157 1 1477
2 1 1861 1 2181
2 1 708 1 1028
2 1 708 1 1988
2 1 1028 1 1988
2 1 1412 1 2052
2 1 707 1 1027
2 1 1026 1 1986
2 1 898 1 2178
2 1 1858 1 2178
2 1 898 1 1858
2 1 705 1 1985
2 1 960 1 1280
2 1 1153 1 1473
2 1 1409 1 1729
2 1 1856 1 2176
2 1 897 1 1857
