430 2240
2 1 1790 1 2110
2 1 1789 1 2109
2 1 1469 1 1789
2 1 1469 1 2109
2 1 1786 1 2106
2 1 1453 1 2093
2 1 1773 1 2093
2 1 1453 1 1773
2 1 1451 1 2091
2 1 1451 1 1771
2 1 1771 1 2091
2 1 1445 1 2085
2 1 1442 1 1762
2 1 1769 1 2089
2 1 1449 1 1769
2 1 1449 1 2089
2 1 1442 1 2082
2 1 1762 1 2082
2 1 1758 1 2078
2 1 1438 1 2078
2 1 1760 1 2080
2 1 1440 1 1760
2 1 1440 1 2080
2 1 1438 1 1758
2 1 1756 1 2076
2 1 1436 1 2076
2 1 1436 1 1756
2 1 1748 1 2068
2 1 1428 1 1748
2 1 1428 1 2068
2 1 1426 1 2066
2 1 1744 1 2064
2 1 1424 1 2064
2 1 1424 1 1744
2 1 1416 1 1736
2 1 1736 1 2056
2 1 1416 1 2056
2 1 1415 1 2055
2 1 1408 1 2048
2 1 975 1 1615
2 1 973 1 1293
2 1 972 1 1292
2 1 1290 1 1610
2 1 1288 1 1608
2 1 968 1 1608
2 1 968 1 1288
2 1 1281 1 1601
2 1 1023 1 1343
2 1 1023 1 1663
2 1 1343 1 1663
2 1 1021 1 1661
2 1 1021 1 1341
2 1 1340 1 1660
2 1 1341 1 1661
2 1 1017 1 1657
2 1 1337 1 1657
2 1 1017 1 1337
2 1 1462 1 1782
2 1 1015 1 1335
2 1 1004 1 1324
2 1 1002 1 1642
2 1 1339 1 1659
2 1 1321 1 1641
2 1 1001 1 1321
2 1 1001 1 1641
2 1 999 1 1319
2 1 1019 1 1659
2 1 1019 1 1339
2 1 1446 1 1766
2 1 1444 1 1764
2 1 997 1 1317
2 1 997 1 1637
2 1 1317 1 1637
2 1 1311 1 1631
2 1 989 1 1629
2 1 1309 1 1629
2 1 989 1 1309
2 1 1435 1 1755
2 1 1433 1 1753
2 1 1306 1 1626
2 1 1303 1 1623
2 1 983 1 1303
2 1 983 1 1623
2 1 981 1 1621
2 1 1301 1 1621
2 1 981 1 1301
2 1 980 1 1300
2 1 980 1 1620
2 1 1300 1 1620
2 1 1299 1 1619
2 1 979 1 1299
2 1 979 1 1619
2 1 1411 1 1731
2 1 834 1 1154
2 1 895 1 1215
2 1 895 1 1535
2 1 1215 1 1535
2 1 1214 1 1534
2 1 893 1 1533
2 1 893 1 1213
2 1 1213 1 1533
2 1 1210 1 1530
2 1 1333 1 1653
2 1 1013 1 1333
2 1 1208 1 1528
2 1 1013 1 1653
2 1 883 1 1523
2 1 883 1 1203
2 1 1203 1 1523
2 1 1202 1 1522
2 1 1330 1 1650
2 1 1010 1 1650
2 1 1780 1 2100
2 1 1010 1 1330
2 1 1776 1 2096
2 1 1009 1 1329
2 1 1329 1 1649
2 1 1009 1 1649
2 1 877 1 1517
2 1 874 1 1514
2 1 874 1 1194
2 1 1194 1 1514
2 1 1192 1 1512
2 1 872 1 1192
2 1 872 1 1512
2 1 1447 1 1767
2 1 1767 1 2087
2 1 1447 1 2087
2 1 1000 1 1640
2 1 870 1 1510
2 1 868 1 1508
2 1 1763 1 2083
2 1 869 1 1189
2 1 1316 1 1636
2 1 1186 1 1506
2 1 866 1 1506
2 1 866 1 1186
2 1 1184 1 1504
2 1 863 1 1503
2 1 863 1 1183
2 1 1183 1 1503
2 1 990 1 1310
2 1 1180 1 1500
2 1 859 1 1499
2 1 1307 1 1627
2 1 856 1 1176
2 1 1431 1 2071
2 1 984 1 1624
2 1 854 1 1494
2 1 1174 1 1494
2 1 854 1 1174
2 1 851 1 1491
2 1 1172 1 1492
2 1 850 1 1490
2 1 1425 1 2065
2 1 1425 1 1745
2 1 1745 1 2065
2 1 848 1 1488
2 1 1168 1 1488
2 1 848 1 1168
2 1 1743 1 2063
2 1 846 1 1486
2 1 892 1 1212
2 1 845 1 1165
2 1 1164 1 1484
2 1 892 1 1532
2 1 1212 1 1532
2 1 1163 1 1483
2 1 1159 1 1479
2 1 839 1 1159
2 1 839 1 1479
2 1 1287 1 1607
2 1 837 1 1157
2 1 1087 1 2047
2 1 767 1 1087
2 1 767 1 2047
2 1 1791 1 2111
2 1 1471 1 2111
2 1 1471 1 1791
2 1 766 1 1086
2 1 766 1 2046
2 1 1086 1 2046
2 1 765 1 2045
2 1 765 1 1085
2 1 1085 1 2045
2 1 958 1 2238
2 1 1918 1 2238
2 1 958 1 1918
2 1 957 1 2237
2 1 1084 1 2044
2 1 1916 1 2236
2 1 956 1 1916
2 1 956 1 2236
2 1 1468 1 1788
2 1 1083 1 2043
2 1 763 1 2043
2 1 763 1 1083
2 1 1787 1 2107
2 1 1082 1 2042
2 1 955 1 2235
2 1 954 1 2234
2 1 1914 1 2234
2 1 954 1 1914
2 1 1785 1 2105
2 1 1465 1 1785
2 1 1465 1 2105
2 1 889 1 1529
2 1 1913 1 2233
2 1 953 1 1913
2 1 953 1 2233
2 1 1080 1 2040
2 1 760 1 1080
2 1 760 1 2040
2 1 759 1 1079
2 1 1912 1 2232
2 1 1463 1 2103
2 1 1911 1 2231
2 1 951 1 1911
2 1 951 1 2231
2 1 758 1 1078
2 1 758 1 2038
2 1 1078 1 2038
2 1 885 1 1205
2 1 949 1 1909
2 1 1909 1 2229
2 1 949 1 2229
2 1 1011 1 1651
2 1 1204 1 1524
2 1 1075 1 2035
2 1 755 1 1075
2 1 755 1 2035
2 1 1907 1 2227
2 1 1779 1 2099
2 1 1459 1 2099
2 1 1459 1 1779
2 1 753 1 2033
2 1 946 1 2226
2 1 1906 1 2226
2 1 946 1 1906
2 1 1905 1 2225
2 1 945 1 1905
2 1 945 1 2225
2 1 1777 1 2097
2 1 1457 1 2097
2 1 1457 1 1777
2 1 881 1 1201
2 1 1328 1 1648
2 1 1008 1 1328
2 1 1008 1 1648
2 1 1327 1 1647
2 1 1904 1 2224
2 1 1903 1 2223
2 1 1006 1 1326
2 1 1199 1 1519
2 1 879 1 1519
2 1 879 1 1199
2 1 749 1 1069
2 1 748 1 2028
2 1 1900 1 2220
2 1 940 1 2220
2 1 940 1 1900
2 1 1003 1 1643
2 1 1196 1 1516
2 1 876 1 1516
2 1 876 1 1196
2 1 1067 1 2027
2 1 747 1 1067
2 1 747 1 2027
2 1 1066 1 2026
2 1 746 1 1066
2 1 746 1 2026
2 1 938 1 2218
2 1 938 1 1898
2 1 1898 1 2218
2 1 1065 1 2025
2 1 744 1 2024
2 1 1064 1 2024
2 1 744 1 1064
2 1 1768 1 2088
2 1 936 1 2216
2 1 1896 1 2216
2 1 936 1 1896
2 1 1191 1 1511
2 1 1062 1 2022
2 1 935 1 2215
2 1 935 1 1895
2 1 1895 1 2215
2 1 741 1 1061
2 1 1893 1 2213
2 1 933 1 1893
2 1 933 1 2213
2 1 932 1 1892
2 1 867 1 1187
2 1 931 1 2211
2 1 931 1 1891
2 1 1891 1 2211
2 1 1314 1 1634
2 1 1058 1 2018
2 1 929 1 2209
2 1 992 1 1312
2 1 1761 1 2081
2 1 865 1 1185
2 1 1185 1 1505
2 1 865 1 1505
2 1 736 1 2016
2 1 1056 1 2016
2 1 736 1 1056
2 1 1055 1 2015
2 1 1888 1 2208
2 1 927 1 1887
2 1 927 1 2207
2 1 1887 1 2207
2 1 734 1 1054
2 1 734 1 2014
2 1 1054 1 2014
2 1 926 1 1886
2 1 925 1 2205
2 1 1885 1 2205
2 1 925 1 1885
2 1 1308 1 1628
2 1 988 1 1308
2 1 988 1 1628
2 1 1437 1 2077
2 1 1181 1 1501
2 1 861 1 1181
2 1 861 1 1501
2 1 732 1 1052
2 1 1052 1 2012
2 1 732 1 2012
2 1 1051 1 2011
2 1 731 1 1051
2 1 731 1 2011
2 1 1883 1 2203
2 1 923 1 2203
2 1 923 1 1883
2 1 1882 1 2202
2 1 922 1 1882
2 1 922 1 2202
2 1 985 1 1305
2 1 985 1 1625
2 1 1305 1 1625
2 1 1754 1 2074
2 1 858 1 1178
2 1 729 1 1049
2 1 728 1 2008
2 1 1048 1 2008
2 1 728 1 1048
2 1 920 1 2200
2 1 919 1 2199
2 1 855 1 1175
2 1 726 1 2006
2 1 726 1 1046
2 1 1046 1 2006
2 1 1045 1 2005
2 1 725 1 1045
2 1 725 1 2005
2 1 1429 1 2069
2 1 917 1 2197
2 1 723 1 1043
2 1 916 1 1876
2 1 1875 1 2195
2 1 915 1 1875
2 1 915 1 2195
2 1 1042 1 2002
2 1 914 1 1874
2 1 849 1 1169
2 1 1169 1 1489
2 1 849 1 1489
2 1 1040 1 2000
2 1 720 1 1040
2 1 720 1 2000
2 1 1872 1 2192
2 1 1167 1 1487
2 1 847 1 1487
2 1 847 1 1167
2 1 911 1 1871
2 1 911 1 2191
2 1 1871 1 2191
2 1 1038 1 1998
2 1 718 1 1998
2 1 718 1 1038
2 1 717 1 1037
2 1 1421 1 1741
2 1 1741 1 2061
2 1 1421 1 2061
2 1 909 1 2189
2 1 1036 1 1996
2 1 1420 1 2060
2 1 908 1 2188
2 1 908 1 1868
2 1 1868 1 2188
2 1 1419 1 1739
2 1 1739 1 2059
2 1 1419 1 2059
2 1 714 1 1994
2 1 969 1 1289
2 1 1162 1 1482
2 1 713 1 1033
2 1 906 1 2186
2 1 1866 1 2186
2 1 906 1 1866
2 1 712 1 1032
2 1 1032 1 1992
2 1 712 1 1992
2 1 903 1 2183
2 1 710 1 1990
2 1 902 1 1862
2 1 1158 1 1478
2 1 838 1 1158
2 1 838 1 1478
2 1 1285 1 1605
2 1 965 1 1285
2 1 965 1 1605
2 1 709 1 1989
2 1 1029 1 1989
2 1 709 1 1029
2 1 708 1 1988
2 1 963 1 1603
2 1 963 1 1283
2 1 1283 1 1603
2 1 707 1 1987
2 1 900 1 1860
2 1 962 1 1602
2 1 962 1 1282
2 1 1282 1 1602
2 1 1858 1 2178
2 1 705 1 1985
2 1 1409 1 1729
2 1 704 1 1024
2 1 1856 1 2176
