633 2240
2 1 1470 1 2110
2 1 1790 1 2110
2 1 1470 1 1790
2 1 1467 1 2107
2 1 1467 1 1787
2 1 1787 1 2107
2 1 1769 1 2089
2 1 1449 1 1769
2 1 1449 1 2089
2 1 1448 1 2088
2 1 1767 1 2087
2 1 1447 1 2087
2 1 1447 1 1767
2 1 1758 1 2078
2 1 1757 1 2077
2 1 1437 1 1757
2 1 1437 1 2077
2 1 1430 1 2070
2 1 1427 1 1747
2 1 1427 1 2067
2 1 1747 1 2067
2 1 1426 1 1746
2 1 1746 1 2066
2 1 1426 1 2066
2 1 1743 1 2063
2 1 1423 1 1743
2 1 1423 1 2063
2 1 1417 1 2057
2 1 1417 1 1737
2 1 1737 1 2057
2 1 1730 1 2050
2 1 1410 1 2050
2 1 1410 1 1730
2 1 970 1 1290
2 1 1420 1 1740
2 1 1290 1 1610
2 1 970 1 1610
2 1 968 1 1608
2 1 968 1 1288
2 1 1288 1 1608
2 1 1343 1 1663
2 1 1013 1 1333
2 1 1013 1 1653
2 1 1339 1 1659
2 1 1460 1 1780
2 1 1333 1 1653
2 1 1004 1 1644
2 1 1001 1 1321
2 1 1001 1 1641
2 1 1321 1 1641
2 1 999 1 1639
2 1 996 1 1636
2 1 996 1 1316
2 1 1316 1 1636
2 1 994 1 1314
2 1 987 1 1627
2 1 1307 1 1627
2 1 987 1 1307
2 1 989 1 1629
2 1 1305 1 1625
2 1 989 1 1309
2 1 1309 1 1629
2 1 985 1 1305
2 1 985 1 1625
2 1 1433 1 1753
2 1 984 1 1624
2 1 1432 1 1752
2 1 983 1 1303
2 1 1303 1 1623
2 1 983 1 1623
2 1 1299 1 1619
2 1 981 1 1301
2 1 1428 1 1748
2 1 834 1 1154
2 1 833 1 1473
2 1 833 1 1153
2 1 1153 1 1473
2 1 1791 1 2111
2 1 960 1 1280
2 1 1280 1 1600
2 1 960 1 1600
2 1 894 1 1534
2 1 1214 1 1534
2 1 894 1 1214
2 1 893 1 1213
2 1 893 1 1533
2 1 1213 1 1533
2 1 1212 1 1532
2 1 1211 1 1531
2 1 890 1 1530
2 1 1338 1 1658
2 1 1018 1 1658
2 1 1018 1 1338
2 1 1784 1 2104
2 1 1464 1 2104
2 1 1464 1 1784
2 1 1337 1 1657
2 1 1017 1 1657
2 1 1017 1 1337
2 1 1206 1 1526
2 1 884 1 1204
2 1 1011 1 1651
2 1 1011 1 1331
2 1 1331 1 1651
2 1 1457 1 1777
2 1 1777 1 2097
2 1 1457 1 2097
2 1 1775 1 2095
2 1 1774 1 2094
2 1 1454 1 1774
2 1 1454 1 2094
2 1 877 1 1197
2 1 1197 1 1517
2 1 877 1 1517
2 1 872 1 1512
2 1 870 1 1510
2 1 1190 1 1510
2 1 871 1 1511
2 1 1191 1 1511
2 1 870 1 1190
2 1 871 1 1191
2 1 869 1 1189
2 1 1764 1 2084
2 1 997 1 1637
2 1 1187 1 1507
2 1 867 1 1187
2 1 867 1 1507
2 1 865 1 1185
2 1 1760 1 2080
2 1 1440 1 2080
2 1 1440 1 1760
2 1 1439 1 2079
2 1 1439 1 1759
2 1 1759 1 2079
2 1 992 1 1312
2 1 862 1 1182
2 1 862 1 1502
2 1 1182 1 1502
2 1 861 1 1501
2 1 1181 1 1501
2 1 1180 1 1500
2 1 861 1 1181
2 1 860 1 1500
2 1 860 1 1180
2 1 1435 1 1755
2 1 857 1 1177
2 1 856 1 1176
2 1 858 1 1178
2 1 1174 1 1494
2 1 1429 1 2069
2 1 982 1 1302
2 1 852 1 1492
2 1 851 1 1171
2 1 1425 1 2065
2 1 1745 1 2065
2 1 1425 1 1745
2 1 1744 1 2064
2 1 977 1 1617
2 1 850 1 1170
2 1 1170 1 1490
2 1 850 1 1490
2 1 847 1 1487
2 1 1167 1 1487
2 1 974 1 1294
2 1 847 1 1167
2 1 843 1 1163
2 1 840 1 1480
2 1 1160 1 1480
2 1 840 1 1160
2 1 967 1 1607
2 1 966 1 1286
2 1 966 1 1606
2 1 1286 1 1606
2 1 1408 1 2048
2 1 1856 1 2176
2 1 896 1 2176
2 1 896 1 1856
2 1 1342 1 1662
2 1 1215 1 1535
2 1 766 1 2046
2 1 1086 1 2046
2 1 766 1 1086
2 1 959 1 1919
2 1 765 1 1085
2 1 1789 1 2109
2 1 1917 1 2237
2 1 957 1 2237
2 1 957 1 1917
2 1 764 1 1084
2 1 1084 1 2044
2 1 764 1 2044
2 1 1468 1 2108
2 1 1788 1 2108
2 1 1468 1 1788
2 1 763 1 1083
2 1 956 1 1916
2 1 1916 1 2236
2 1 956 1 2236
2 1 762 1 1082
2 1 762 1 2042
2 1 1082 1 2042
2 1 955 1 2235
2 1 1915 1 2235
2 1 955 1 1915
2 1 954 1 2234
2 1 954 1 1914
2 1 1914 1 2234
2 1 1466 1 2106
2 1 1786 1 2106
2 1 1466 1 1786
2 1 760 1 2040
2 1 1016 1 1336
2 1 953 1 2233
2 1 759 1 2039
2 1 1463 1 2103
2 1 887 1 1527
2 1 887 1 1207
2 1 1207 1 1527
2 1 1014 1 1654
2 1 758 1 2038
2 1 758 1 1078
2 1 1078 1 2038
2 1 1782 1 2102
2 1 757 1 2037
2 1 1205 1 1525
2 1 1012 1 1332
2 1 1012 1 1652
2 1 1332 1 1652
2 1 1076 1 2036
2 1 756 1 2036
2 1 756 1 1076
2 1 949 1 1909
2 1 1909 1 2229
2 1 949 1 2229
2 1 1908 1 2228
2 1 883 1 1203
2 1 947 1 2227
2 1 1907 1 2227
2 1 947 1 1907
2 1 1778 1 2098
2 1 882 1 1522
2 1 1202 1 1522
2 1 882 1 1202
2 1 1329 1 1649
2 1 753 1 2033
2 1 1201 1 1521
2 1 1328 1 1648
2 1 752 1 2032
2 1 1200 1 1520
2 1 880 1 1520
2 1 880 1 1200
2 1 1904 1 2224
2 1 1327 1 1647
2 1 1006 1 1326
2 1 750 1 2030
2 1 1902 1 2222
2 1 878 1 1518
2 1 878 1 1198
2 1 1198 1 1518
2 1 749 1 2029
2 1 1069 1 2029
2 1 749 1 1069
2 1 1005 1 1325
2 1 1773 1 2093
2 1 1453 1 1773
2 1 1453 1 2093
2 1 748 1 2028
2 1 1003 1 1323
2 1 1452 1 2092
2 1 1196 1 1516
2 1 747 1 1067
2 1 747 1 2027
2 1 1067 1 2027
2 1 940 1 2220
2 1 940 1 1900
2 1 1900 1 2220
2 1 1771 1 2091
2 1 746 1 1066
2 1 746 1 2026
2 1 1066 1 2026
2 1 1450 1 1770
2 1 1065 1 2025
2 1 745 1 1065
2 1 745 1 2025
2 1 1898 1 2218
2 1 938 1 2218
2 1 938 1 1898
2 1 1064 1 2024
2 1 937 1 2217
2 1 937 1 1897
2 1 1897 1 2217
2 1 936 1 2216
2 1 936 1 1896
2 1 1896 1 2216
2 1 743 1 2023
2 1 743 1 1063
2 1 1063 1 2023
2 1 935 1 1895
2 1 742 1 1062
2 1 934 1 2214
2 1 1894 1 2214
2 1 934 1 1894
2 1 741 1 1061
2 1 933 1 1893
2 1 995 1 1315
2 1 932 1 1892
2 1 932 1 2212
2 1 1892 1 2212
2 1 1057 1 2017
2 1 930 1 1890
2 1 1890 1 2210
2 1 930 1 2210
2 1 1761 1 2081
2 1 1441 1 2081
2 1 1441 1 1761
2 1 929 1 1889
2 1 991 1 1631
2 1 991 1 1311
2 1 1311 1 1631
2 1 1184 1 1504
2 1 735 1 2015
2 1 1888 1 2208
2 1 928 1 1888
2 1 928 1 2208
2 1 1887 1 2207
2 1 1310 1 1630
2 1 990 1 1310
2 1 990 1 1630
2 1 1183 1 1503
2 1 863 1 1503
2 1 863 1 1183
2 1 734 1 1054
2 1 1886 1 2206
2 1 1053 1 2013
2 1 925 1 1885
2 1 925 1 2205
2 1 1885 1 2205
2 1 732 1 1052
2 1 924 1 1884
2 1 924 1 2204
2 1 1884 1 2204
2 1 731 1 2011
2 1 923 1 1883
2 1 986 1 1306
2 1 1306 1 1626
2 1 986 1 1626
2 1 859 1 1499
2 1 1050 1 2010
2 1 730 1 1050
2 1 730 1 2010
2 1 1049 1 2009
2 1 729 1 2009
2 1 729 1 1049
2 1 921 1 2201
2 1 728 1 1048
2 1 1880 1 2200
2 1 920 1 2200
2 1 920 1 1880
2 1 727 1 1047
2 1 1047 1 2007
2 1 727 1 2007
2 1 1431 1 2071
2 1 1751 1 2071
2 1 1431 1 1751
2 1 919 1 2199
2 1 726 1 2006
2 1 1046 1 2006
2 1 726 1 1046
2 1 918 1 2198
2 1 917 1 1877
2 1 1173 1 1493
2 1 853 1 1493
2 1 853 1 1173
2 1 1043 1 2003
2 1 723 1 2003
2 1 723 1 1043
2 1 915 1 1875
2 1 1875 1 2195
2 1 915 1 2195
2 1 722 1 1042
2 1 914 1 2194
2 1 1169 1 1489
2 1 849 1 1169
2 1 849 1 1489
2 1 913 1 1873
2 1 913 1 2193
2 1 1873 1 2193
2 1 848 1 1488
2 1 719 1 1039
2 1 1871 1 2191
2 1 1166 1 1486
2 1 846 1 1486
2 1 846 1 1166
2 1 1422 1 1742
2 1 910 1 1870
2 1 1870 1 2190
2 1 910 1 2190
2 1 972 1 1292
2 1 1421 1 1741
2 1 716 1 1036
2 1 716 1 1996
2 1 1036 1 1996
2 1 1869 1 2189
2 1 1035 1 1995
2 1 715 1 1995
2 1 715 1 1035
2 1 1419 1 2059
2 1 907 1 2187
2 1 1867 1 2187
2 1 907 1 1867
2 1 714 1 1034
2 1 1418 1 1738
2 1 1033 1 1993
2 1 906 1 1866
2 1 712 1 1992
2 1 1032 1 1992
2 1 712 1 1032
2 1 905 1 2185
2 1 904 1 2184
2 1 1416 1 1736
2 1 1031 1 1991
2 1 711 1 1991
2 1 711 1 1031
2 1 710 1 1990
2 1 903 1 1863
2 1 1863 1 2183
2 1 903 1 2183
2 1 1285 1 1605
2 1 964 1 1604
2 1 1284 1 1604
2 1 964 1 1284
2 1 963 1 1603
2 1 836 1 1156
2 1 1282 1 1602
2 1 706 1 1026
2 1 705 1 1985
2 1 1025 1 1985
2 1 705 1 1025
2 1 897 1 1857
2 1 897 1 2177
2 1 1857 1 2177
2 1 704 1 1984
2 1 1024 1 1984
2 1 704 1 1024
3 1 631 1 1243 1 1883
3 1 631 1 923 1 1243
3 1 549 1 809 1 1769
3 1 468 1 1021 1 1981
3 1 449 1 1322 1 1962
3 1 358 1 751 1 1391
3 1 588 1 1264 1 1904
3 1 372 1 1021 1 1341
3 1 588 1 1264 1 2224
3 1 436 1 1165 1 1805
3 1 574 1 770 1 1730
3 1 574 1 770 1 2050
3 1 608 1 1220 1 1860
3 1 498 1 923 1 2203
3 1 333 1 726 1 1366
3 1 570 1 830 1 1470
3 1 438 1 847 1 1807
3 1 574 1 770 1 1410
3 1 355 1 1004 1 1324
3 1 517 1 777 1 1417
3 1 620 1 1232 1 2192
3 1 549 1 809 1 1449
3 1 355 1 1324 1 1644
3 1 517 1 777 1 1737
3 1 598 1 1274 1 1914
3 1 549 1 809 1 2089
3 1 570 1 830 1 2110
3 1 498 1 1883 1 2203
3 1 517 1 777 1 2057
3 1 537 1 797 1 2077
3 1 498 1 1627 1 1947
3 1 551 1 811 1 1771
3 1 578 1 934 1 1254
3 1 570 1 830 1 1790
3 1 630 1 1242 1 2202
3 1 361 1 1394 1 2034
3 1 511 1 1640 1 1960
3 1 567 1 827 1 1467
3 1 387 1 1756 1 2076
3 1 536 1 796 1 2076
3 1 555 1 815 1 2095
3 1 537 1 797 1 1757
3 1 437 1 846 1 1806
3 1 451 1 1644 1 1964
3 1 437 1 1486 1 1806
3 1 508 1 1893 1 2213
3 1 393 1 1186 1 1826
3 1 437 1 1166 1 1806
3 1 605 1 1217 1 1857
3 1 628 1 1240 1 2200
3 1 605 1 1217 1 2177
3 1 500 1 1309 1 1949
3 1 451 1 1004 1 1964
3 1 617 1 1229 1 2189
3 1 351 1 1320 1 1640
3 1 387 1 1500 1 1820
3 1 624 1 852 1 1172
3 1 567 1 827 1 2107
3 1 523 1 783 1 1743
3 1 547 1 807 1 2087
3 1 495 1 984 1 1944
3 1 404 1 1197 1 1837
3 1 359 1 1392 1 2032
3 1 551 1 811 1 2091
3 1 617 1 1229 1 1869
3 1 605 1 897 1 1217
3 1 612 1 904 1 1224
3 1 466 1 1339 1 1979
3 1 567 1 827 1 1787
3 1 483 1 1292 1 1932
3 1 561 1 821 1 1781
3 1 547 1 807 1 1767
3 1 372 1 765 1 1405
3 1 345 1 1058 1 1378
3 1 613 1 905 1 1225
3 1 475 1 1860 1 2180
3 1 442 1 1171 1 1811
3 1 524 1 720 1 2000
3 1 612 1 1224 1 2184
3 1 438 1 1167 1 1807
3 1 498 1 987 1 1947
3 1 359 1 752 1 1392
3 1 418 1 1211 1 1851
3 1 635 1 1247 1 2207
3 1 448 1 1001 1 1961
3 1 404 1 877 1 1837
3 1 508 1 933 1 2213
3 1 448 1 1641 1 1961
3 1 457 1 1906 1 2226
3 1 420 1 1213 1 1853
3 1 582 1 1194 1 1514
3 1 523 1 783 1 2063
3 1 408 1 1521 1 1841
3 1 355 1 748 1 1388
3 1 598 1 954 1 1274
3 1 373 1 1406 1 2046
3 1 537 1 797 1 1437
3 1 479 1 1608 1 1928
3 1 438 1 1487 1 1807
3 1 539 1 799 1 2079
3 1 547 1 807 1 1447
3 1 445 1 1430 1 1750
3 1 585 1 1261 1 2221
3 1 532 1 792 1 1432
3 1 598 1 1274 1 2234
3 1 548 1 808 1 2088
3 1 434 1 1163 1 1803
3 1 375 1 704 1 1344
3 1 610 1 838 1 1158
3 1 503 1 992 1 1952
3 1 336 1 729 1 1369
3 1 399 1 1448 1 1768
3 1 578 1 1254 1 1894
3 1 530 1 790 1 2070
3 1 520 1 780 1 1740
3 1 386 1 859 1 1819
3 1 459 1 1012 1 1972
3 1 538 1 798 1 2078
3 1 538 1 798 1 1758
3 1 531 1 791 1 1431
3 1 505 1 994 1 1954
3 1 445 1 1750 1 2070
3 1 466 1 1659 1 1979
3 1 554 1 814 1 1454
3 1 399 1 1768 1 2088
3 1 548 1 808 1 1448
3 1 578 1 1254 1 2214
3 1 564 1 824 1 2104
3 1 554 1 814 1 1774
3 1 580 1 872 1 1192
3 1 362 1 1395 1 2035
3 1 434 1 1419 1 1739
3 1 505 1 1314 1 1954
3 1 627 1 855 1 1175
3 1 564 1 824 1 1784
3 1 403 1 1196 1 1836
3 1 595 1 1271 1 2231
3 1 554 1 814 1 2094
3 1 618 1 1230 1 1870
3 1 597 1 1209 1 1529
3 1 520 1 780 1 1420
3 1 558 1 754 1 2034
3 1 530 1 790 1 1430
3 1 566 1 826 1 1786
3 1 557 1 817 1 2097
3 1 524 1 784 1 1744
3 1 360 1 1393 1 2033
3 1 379 1 708 1 1348
3 1 519 1 779 1 2059
3 1 392 1 1185 1 1825
3 1 471 1 1600 1 1920
3 1 325 1 718 1 1358
3 1 614 1 906 1 1226
3 1 386 1 1499 1 1819
3 1 533 1 793 1 1753
3 1 404 1 1517 1 1837
3 1 498 1 1307 1 1947
3 1 418 1 1531 1 1851
3 1 432 1 1161 1 1801
3 1 562 1 822 1 1782
3 1 393 1 1442 1 1762
3 1 586 1 1262 1 1902
3 1 566 1 826 1 2106
3 1 539 1 799 1 1759
3 1 602 1 1278 1 2238
3 1 420 1 893 1 1853
3 1 357 1 750 1 1390
3 1 618 1 1230 1 2190
3 1 521 1 717 1 1997
3 1 326 1 1039 1 1359
3 1 441 1 1170 1 1810
3 1 469 1 1662 1 1982
3 1 460 1 1653 1 1973
3 1 508 1 997 1 1957
3 1 374 1 1407 1 2047
3 1 534 1 794 1 1754
3 1 639 1 1251 1 2211
3 1 341 1 734 1 1374
3 1 539 1 799 1 1439
3 1 635 1 1247 1 1887
3 1 445 1 1174 1 1814
3 1 442 1 851 1 1811
3 1 485 1 1294 1 1934
3 1 434 1 843 1 1803
3 1 499 1 1308 1 1948
3 1 344 1 993 1 1313
3 1 403 1 1516 1 1836
3 1 443 1 1492 1 1812
3 1 521 1 781 1 1741
