416 2240
2 1 1464 1 1784
2 1 1784 1 2104
2 1 1464 1 2104
2 1 1776 1 2096
2 1 1771 1 2091
2 1 1447 1 1767
2 1 1767 1 2087
2 1 1447 1 2087
2 1 1446 1 2086
2 1 1766 1 2086
2 1 1446 1 1766
2 1 1445 1 2085
2 1 1443 1 2083
2 1 1758 1 2078
2 1 1438 1 1758
2 1 1438 1 2078
2 1 1435 1 1755
2 1 1435 1 2075
2 1 1755 1 2075
2 1 1754 1 2074
2 1 1750 1 2070
2 1 1423 1 2063
2 1 1424 1 1744
2 1 1412 1 1732
2 1 1343 1 1663
2 1 1023 1 1663
2 1 1023 1 1343
2 1 1335 1 1655
2 1 1004 1 1644
2 1 1003 1 1643
2 1 1318 1 1638
2 1 996 1 1316
2 1 1439 1 1759
2 1 993 1 1633
2 1 988 1 1308
2 1 986 1 1306
2 1 981 1 1621
2 1 979 1 1299
2 1 1428 1 1748
2 1 1299 1 1619
2 1 977 1 1297
2 1 977 1 1617
2 1 1013 1 1333
2 1 979 1 1619
2 1 1297 1 1617
2 1 1425 1 1745
2 1 976 1 1616
2 1 964 1 1604
2 1 1283 1 1603
2 1 993 1 1313
2 1 963 1 1283
2 1 963 1 1603
2 1 1153 1 1473
2 1 1152 1 1472
2 1 960 1 1600
2 1 960 1 1280
2 1 1313 1 1633
2 1 1280 1 1600
2 1 1468 1 1788
2 1 894 1 1214
2 1 1788 1 2108
2 1 1214 1 1534
2 1 894 1 1534
2 1 1468 1 2108
2 1 1341 1 1661
2 1 1021 1 1661
2 1 1021 1 1341
2 1 1787 1 2107
2 1 890 1 1210
2 1 1210 1 1530
2 1 890 1 1530
2 1 888 1 1208
2 1 1206 1 1526
2 1 885 1 1205
2 1 1011 1 1331
2 1 1204 1 1524
2 1 1011 1 1651
2 1 1331 1 1651
2 1 1010 1 1330
2 1 1455 1 2095
2 1 1774 1 2094
2 1 1007 1 1647
2 1 875 1 1195
2 1 1002 1 1322
2 1 1194 1 1514
2 1 876 1 1196
2 1 1448 1 1768
2 1 874 1 1514
2 1 877 1 1197
2 1 877 1 1517
2 1 1197 1 1517
2 1 1001 1 1321
2 1 874 1 1194
2 1 871 1 1191
2 1 870 1 1510
2 1 1189 1 1509
2 1 869 1 1189
2 1 869 1 1509
2 1 997 1 1317
2 1 1444 1 1764
2 1 1444 1 2084
2 1 1764 1 2084
2 1 867 1 1507
2 1 1314 1 1634
2 1 866 1 1506
2 1 863 1 1183
2 1 1181 1 1501
2 1 861 1 1501
2 1 861 1 1181
2 1 989 1 1629
2 1 1309 1 1629
2 1 989 1 1309
2 1 1436 1 1756
2 1 858 1 1498
2 1 857 1 1497
2 1 985 1 1305
2 1 1431 1 1751
2 1 854 1 1174
2 1 1432 1 1752
2 1 1429 1 1749
2 1 1749 1 2069
2 1 1429 1 2069
2 1 852 1 1492
2 1 1172 1 1492
2 1 852 1 1172
2 1 1427 1 2067
2 1 850 1 1490
2 1 1170 1 1490
2 1 850 1 1170
2 1 848 1 1168
2 1 849 1 1169
2 1 847 1 1167
2 1 846 1 1486
2 1 1741 1 2061
2 1 1421 1 2061
2 1 1421 1 1741
2 1 973 1 1293
2 1 973 1 1613
2 1 1293 1 1613
2 1 1420 1 1740
2 1 1419 1 2059
2 1 1416 1 1736
2 1 1416 1 2056
2 1 1736 1 2056
2 1 968 1 1608
2 1 1288 1 1608
2 1 968 1 1288
2 1 1415 1 1735
2 1 838 1 1158
2 1 1728 1 2048
2 1 1408 1 2048
2 1 1408 1 1728
2 1 767 1 2047
2 1 1215 1 1535
2 1 766 1 1086
2 1 1086 1 2046
2 1 766 1 2046
2 1 1022 1 1342
2 1 959 1 2239
2 1 893 1 1213
2 1 1340 1 1660
2 1 764 1 2044
2 1 1019 1 1339
2 1 1019 1 1659
2 1 1339 1 1659
2 1 763 1 2043
2 1 1211 1 1531
2 1 891 1 1211
2 1 891 1 1531
2 1 1915 1 2235
2 1 1338 1 1658
2 1 762 1 1082
2 1 1082 1 2042
2 1 762 1 2042
2 1 1914 1 2234
2 1 1209 1 1529
2 1 889 1 1209
2 1 889 1 1529
2 1 953 1 1913
2 1 1336 1 1656
2 1 1080 1 2040
2 1 760 1 2040
2 1 760 1 1080
2 1 1912 1 2232
2 1 759 1 2039
2 1 1334 1 1654
2 1 1463 1 2103
2 1 887 1 1527
2 1 951 1 2231
2 1 951 1 1911
2 1 1911 1 2231
2 1 758 1 2038
2 1 1078 1 2038
2 1 758 1 1078
2 1 757 1 1077
2 1 1461 1 2101
2 1 1076 1 2036
2 1 756 1 2036
2 1 756 1 1076
2 1 1460 1 2100
2 1 755 1 2035
2 1 755 1 1075
2 1 1075 1 2035
2 1 948 1 1908
2 1 1459 1 2099
2 1 1779 1 2099
2 1 1459 1 1779
2 1 754 1 2034
2 1 947 1 1907
2 1 1009 1 1329
2 1 1329 1 1649
2 1 1009 1 1649
2 1 1458 1 1778
2 1 1778 1 2098
2 1 1458 1 2098
2 1 946 1 2226
2 1 1906 1 2226
2 1 946 1 1906
2 1 1201 1 1521
2 1 1457 1 1777
2 1 1072 1 2032
2 1 1905 1 2225
2 1 751 1 2031
2 1 1904 1 2224
2 1 1326 1 1646
2 1 879 1 1519
2 1 1903 1 2223
2 1 943 1 2223
2 1 943 1 1903
2 1 750 1 2030
2 1 1005 1 1325
2 1 1325 1 1645
2 1 1005 1 1645
2 1 878 1 1518
2 1 1069 1 2029
2 1 749 1 2029
2 1 749 1 1069
2 1 1068 1 2028
2 1 940 1 2220
2 1 940 1 1900
2 1 1900 1 2220
2 1 1067 1 2027
2 1 939 1 2219
2 1 1899 1 2219
2 1 939 1 1899
2 1 746 1 2026
2 1 746 1 1066
2 1 1066 1 2026
2 1 938 1 2218
2 1 1898 1 2218
2 1 938 1 1898
2 1 745 1 2025
2 1 1000 1 1320
2 1 1449 1 2089
2 1 1449 1 1769
2 1 1769 1 2089
2 1 873 1 1193
2 1 999 1 1319
2 1 1192 1 1512
2 1 1063 1 2023
2 1 1896 1 2216
2 1 1895 1 2215
2 1 742 1 1062
2 1 1062 1 2022
2 1 742 1 2022
2 1 934 1 2214
2 1 934 1 1894
2 1 1894 1 2214
2 1 741 1 2021
2 1 741 1 1061
2 1 1061 1 2021
2 1 933 1 2213
2 1 740 1 2020
2 1 932 1 1892
2 1 995 1 1635
2 1 868 1 1188
2 1 1188 1 1508
2 1 868 1 1508
2 1 739 1 2019
2 1 739 1 1059
2 1 1059 1 2019
2 1 1891 1 2211
2 1 738 1 1058
2 1 930 1 1890
2 1 929 1 1889
2 1 1889 1 2209
2 1 929 1 2209
2 1 1441 1 1761
2 1 736 1 1056
2 1 1056 1 2016
2 1 736 1 2016
2 1 1055 1 2015
2 1 1888 1 2208
2 1 927 1 1887
2 1 734 1 1054
2 1 926 1 2206
2 1 926 1 1886
2 1 1886 1 2206
2 1 733 1 1053
2 1 925 1 1885
2 1 925 1 2205
2 1 1885 1 2205
2 1 1437 1 1757
2 1 987 1 1627
2 1 1051 1 2011
2 1 1884 1 2204
2 1 924 1 1884
2 1 924 1 2204
2 1 1883 1 2203
2 1 1882 1 2202
2 1 922 1 2202
2 1 922 1 1882
2 1 729 1 1049
2 1 1433 1 1753
2 1 1753 1 2073
2 1 1433 1 2073
2 1 921 1 1881
2 1 921 1 2201
2 1 1881 1 2201
2 1 983 1 1623
2 1 920 1 2200
2 1 920 1 1880
2 1 1880 1 2200
2 1 1879 1 2199
2 1 855 1 1175
2 1 726 1 2006
2 1 726 1 1046
2 1 1046 1 2006
2 1 917 1 2197
2 1 853 1 1173
2 1 1173 1 1493
2 1 853 1 1493
2 1 1044 1 2004
2 1 980 1 1300
2 1 1876 1 2196
2 1 915 1 2195
2 1 915 1 1875
2 1 1875 1 2195
2 1 978 1 1298
2 1 978 1 1618
2 1 1298 1 1618
2 1 1042 1 2002
2 1 1041 1 2001
2 1 913 1 2193
2 1 1040 1 2000
2 1 720 1 2000
2 1 720 1 1040
2 1 1872 1 2192
2 1 912 1 1872
2 1 912 1 2192
2 1 719 1 1039
2 1 1871 1 2191
2 1 911 1 2191
2 1 911 1 1871
2 1 1038 1 1998
2 1 718 1 1998
2 1 718 1 1038
2 1 845 1 1165
2 1 972 1 1292
2 1 844 1 1164
2 1 844 1 1484
2 1 1164 1 1484
2 1 1290 1 1610
2 1 843 1 1163
2 1 1867 1 2187
2 1 1418 1 2058
2 1 1162 1 1482
2 1 842 1 1162
2 1 842 1 1482
2 1 713 1 1033
2 1 1289 1 1609
2 1 969 1 1609
2 1 969 1 1289
2 1 1737 1 2057
2 1 1417 1 1737
2 1 1417 1 2057
2 1 712 1 1992
2 1 1287 1 1607
2 1 1160 1 1480
2 1 1864 1 2184
2 1 904 1 1864
2 1 904 1 2184
2 1 839 1 1479
2 1 1863 1 2183
2 1 710 1 1030
2 1 710 1 1990
2 1 1030 1 1990
2 1 1414 1 1734
2 1 1862 1 2182
2 1 1029 1 1989
2 1 709 1 1989
2 1 709 1 1029
2 1 1413 1 2053
2 1 1733 1 2053
2 1 1413 1 1733
2 1 708 1 1988
2 1 708 1 1028
2 1 1028 1 1988
2 1 901 1 2181
2 1 1861 1 2181
2 1 901 1 1861
2 1 707 1 1987
2 1 900 1 2180
2 1 900 1 1860
2 1 1860 1 2180
2 1 1282 1 1602
2 1 835 1 1155
2 1 899 1 2179
2 1 1858 1 2178
2 1 834 1 1154
2 1 705 1 1025
2 1 1729 1 2049
2 1 1409 1 2049
2 1 1409 1 1729
2 1 1024 1 1984
2 1 896 1 2176
