674 2240
2 1 1470 1 2110
2 1 1466 1 1786
2 1 1466 1 2106
2 1 1786 1 2106
2 1 1774 1 2094
2 1 1449 1 2089
2 1 1449 1 1769
2 1 1769 1 2089
2 1 1446 1 2086
2 1 1766 1 2086
2 1 1446 1 1766
2 1 1445 1 2085
2 1 1764 1 2084
2 1 1443 1 2083
2 1 1763 1 2083
2 1 1443 1 1763
2 1 1441 1 1761
2 1 1441 1 2081
2 1 1761 1 2081
2 1 1436 1 1756
2 1 1756 1 2076
2 1 1436 1 2076
2 1 1752 1 2072
2 1 1432 1 1752
2 1 1748 1 2068
2 1 1432 1 2072
2 1 1428 1 1748
2 1 1428 1 2068
2 1 1427 1 2067
2 1 1746 1 2066
2 1 1426 1 2066
2 1 1426 1 1746
2 1 1744 1 2064
2 1 1424 1 1744
2 1 1424 1 2064
2 1 1425 1 2065
2 1 1423 1 2063
2 1 1423 1 1743
2 1 1743 1 2063
2 1 1742 1 2062
2 1 1422 1 2062
2 1 1422 1 1742
2 1 975 1 1295
2 1 1342 1 1662
2 1 1341 1 1661
2 1 1021 1 1341
2 1 1021 1 1661
2 1 1469 1 1789
2 1 1338 1 1658
2 1 1317 1 1637
2 1 996 1 1636
2 1 1013 1 1333
2 1 1442 1 1762
2 1 988 1 1628
2 1 1333 1 1653
2 1 1013 1 1653
2 1 988 1 1308
2 1 1308 1 1628
2 1 995 1 1315
2 1 986 1 1626
2 1 983 1 1303
2 1 1303 1 1623
2 1 983 1 1623
2 1 1429 1 1749
2 1 981 1 1301
2 1 979 1 1619
2 1 1299 1 1619
2 1 979 1 1299
2 1 980 1 1300
2 1 978 1 1618
2 1 1298 1 1618
2 1 978 1 1298
2 1 1297 1 1617
2 1 976 1 1296
2 1 835 1 1475
2 1 962 1 1282
2 1 962 1 1602
2 1 1282 1 1602
2 1 893 1 1213
2 1 1213 1 1533
2 1 893 1 1533
2 1 892 1 1212
2 1 1210 1 1530
2 1 889 1 1529
2 1 1337 1 1657
2 1 1017 1 1337
2 1 889 1 1209
2 1 1017 1 1657
2 1 1209 1 1529
2 1 1336 1 1656
2 1 1206 1 1526
2 1 1204 1 1524
2 1 1011 1 1651
2 1 1011 1 1331
2 1 1331 1 1651
2 1 1776 1 2096
2 1 1199 1 1519
2 1 879 1 1199
2 1 879 1 1519
2 1 1453 1 2093
2 1 1006 1 1646
2 1 1005 1 1645
2 1 1325 1 1645
2 1 1005 1 1325
2 1 1770 1 2090
2 1 873 1 1513
2 1 1768 1 2088
2 1 1767 1 2087
2 1 1447 1 1767
2 1 1447 1 2087
2 1 1000 1 1320
2 1 1190 1 1510
2 1 870 1 1190
2 1 870 1 1510
2 1 868 1 1508
2 1 869 1 1509
2 1 869 1 1189
2 1 1189 1 1509
2 1 867 1 1507
2 1 866 1 1506
2 1 865 1 1185
2 1 864 1 1184
2 1 1184 1 1504
2 1 864 1 1504
2 1 992 1 1632
2 1 1438 1 2078
2 1 1438 1 1758
2 1 1758 1 2078
2 1 861 1 1501
2 1 859 1 1499
2 1 1179 1 1499
2 1 859 1 1179
2 1 987 1 1627
2 1 1307 1 1627
2 1 987 1 1307
2 1 1434 1 1754
2 1 857 1 1177
2 1 856 1 1176
2 1 1431 1 1751
2 1 1304 1 1624
2 1 984 1 1624
2 1 984 1 1304
2 1 854 1 1174
2 1 853 1 1173
2 1 852 1 1172
2 1 851 1 1171
2 1 851 1 1491
2 1 1171 1 1491
2 1 850 1 1170
2 1 850 1 1490
2 1 1170 1 1490
2 1 849 1 1489
2 1 848 1 1488
2 1 847 1 1487
2 1 846 1 1166
2 1 846 1 1486
2 1 1166 1 1486
2 1 844 1 1164
2 1 1739 1 2059
2 1 1419 1 1739
2 1 1419 1 2059
2 1 1738 1 2058
2 1 1418 1 1738
2 1 1418 1 2058
2 1 1291 1 1611
2 1 971 1 1611
2 1 971 1 1291
2 1 841 1 1481
2 1 967 1 1287
2 1 1160 1 1480
2 1 966 1 1606
2 1 1412 1 1732
2 1 1732 1 2052
2 1 1412 1 2052
2 1 1856 1 2176
2 1 1023 1 1663
2 1 1343 1 1663
2 1 1023 1 1343
2 1 832 1 1152
2 1 767 1 1087
2 1 767 1 2047
2 1 1087 1 2047
2 1 1086 1 2046
2 1 766 1 1086
2 1 766 1 2046
2 1 765 1 2045
2 1 765 1 1085
2 1 1085 1 2045
2 1 1084 1 2044
2 1 1916 1 2236
2 1 956 1 2236
2 1 956 1 1916
2 1 763 1 1083
2 1 763 1 2043
2 1 1083 1 2043
2 1 1467 1 2107
2 1 1787 1 2107
2 1 1467 1 1787
2 1 762 1 2042
2 1 762 1 1082
2 1 1082 1 2042
2 1 955 1 2235
2 1 761 1 1081
2 1 1081 1 2041
2 1 761 1 2041
2 1 1914 1 2234
2 1 954 1 1914
2 1 954 1 2234
2 1 953 1 2233
2 1 1913 1 2233
2 1 953 1 1913
2 1 1208 1 1528
2 1 759 1 2039
2 1 952 1 1912
2 1 1783 1 2103
2 1 1463 1 1783
2 1 1463 1 2103
2 1 887 1 1527
2 1 1334 1 1654
2 1 758 1 1078
2 1 1078 1 2038
2 1 758 1 2038
2 1 1462 1 1782
2 1 1782 1 2102
2 1 1462 1 2102
2 1 757 1 1077
2 1 1910 1 2230
2 1 1781 1 2101
2 1 756 1 2036
2 1 1076 1 2036
2 1 756 1 1076
2 1 949 1 2229
2 1 949 1 1909
2 1 1909 1 2229
2 1 755 1 2035
2 1 948 1 1908
2 1 948 1 2228
2 1 1908 1 2228
2 1 1907 1 2227
2 1 947 1 1907
2 1 947 1 2227
2 1 883 1 1203
2 1 1459 1 1779
2 1 754 1 2034
2 1 1010 1 1650
2 1 1778 1 2098
2 1 1329 1 1649
2 1 1009 1 1649
2 1 1009 1 1329
2 1 753 1 2033
2 1 1906 1 2226
2 1 1328 1 1648
2 1 1457 1 2097
2 1 1777 1 2097
2 1 1457 1 1777
2 1 1905 1 2225
2 1 1007 1 1647
2 1 1007 1 1327
2 1 1327 1 1647
2 1 1200 1 1520
2 1 1071 1 2031
2 1 751 1 2031
2 1 751 1 1071
2 1 1904 1 2224
2 1 1903 1 2223
2 1 1070 1 2030
2 1 749 1 2029
2 1 942 1 2222
2 1 1902 1 2222
2 1 942 1 1902
2 1 1901 1 2221
2 1 941 1 2221
2 1 941 1 1901
2 1 877 1 1517
2 1 1324 1 1644
2 1 1004 1 1644
2 1 1004 1 1324
2 1 748 1 2028
2 1 876 1 1516
2 1 1003 1 1643
2 1 1003 1 1323
2 1 1323 1 1643
2 1 747 1 2027
2 1 875 1 1195
2 1 1001 1 1641
2 1 745 1 1065
2 1 745 1 2025
2 1 1065 1 2025
2 1 744 1 2024
2 1 936 1 2216
2 1 936 1 1896
2 1 1896 1 2216
2 1 872 1 1192
2 1 1192 1 1512
2 1 872 1 1512
2 1 743 1 2023
2 1 1895 1 2215
2 1 998 1 1638
2 1 871 1 1511
2 1 1062 1 2022
2 1 1894 1 2214
2 1 1061 1 2021
2 1 933 1 1893
2 1 933 1 2213
2 1 1893 1 2213
2 1 740 1 1060
2 1 932 1 1892
2 1 1059 1 2019
2 1 1891 1 2211
2 1 931 1 2211
2 1 931 1 1891
2 1 1058 1 2018
2 1 1890 1 2210
2 1 930 1 2210
2 1 930 1 1890
2 1 737 1 1057
2 1 1889 1 2209
2 1 929 1 1889
2 1 929 1 2209
2 1 928 1 2208
2 1 1888 1 2208
2 1 928 1 1888
2 1 1440 1 1760
2 1 990 1 1310
2 1 734 1 2014
2 1 927 1 2207
2 1 1887 1 2207
2 1 927 1 1887
2 1 989 1 1309
2 1 862 1 1182
2 1 1053 1 2013
2 1 1885 1 2205
2 1 1437 1 1757
2 1 1437 1 2077
2 1 1757 1 2077
2 1 1052 1 2012
2 1 924 1 2204
2 1 1884 1 2204
2 1 924 1 1884
2 1 923 1 1883
2 1 923 1 2203
2 1 1883 1 2203
2 1 730 1 2010
2 1 922 1 1882
2 1 985 1 1625
2 1 858 1 1178
2 1 729 1 1049
2 1 1049 1 2009
2 1 729 1 2009
2 1 1881 1 2201
2 1 728 1 1048
2 1 920 1 2200
2 1 919 1 2199
2 1 919 1 1879
2 1 1879 1 2199
2 1 1302 1 1622
2 1 982 1 1622
2 1 982 1 1302
2 1 855 1 1495
2 1 855 1 1175
2 1 1175 1 1495
2 1 1046 1 2006
2 1 1878 1 2198
2 1 1045 1 2005
2 1 917 1 2197
2 1 724 1 1044
2 1 916 1 2196
2 1 723 1 1043
2 1 915 1 2195
2 1 722 1 1042
2 1 1042 1 2002
2 1 722 1 2002
2 1 914 1 1874
2 1 721 1 1041
2 1 1873 1 2193
2 1 913 1 2193
2 1 913 1 1873
2 1 720 1 1040
2 1 720 1 2000
2 1 1040 1 2000
2 1 912 1 1872
2 1 719 1 1039
2 1 911 1 2191
2 1 718 1 1038
2 1 910 1 1870
2 1 1870 1 2190
2 1 910 1 2190
2 1 845 1 1485
2 1 845 1 1165
2 1 1165 1 1485
2 1 909 1 1869
2 1 1869 1 2189
2 1 909 1 2189
2 1 1036 1 1996
2 1 716 1 1996
2 1 716 1 1036
2 1 1420 1 1740
2 1 970 1 1290
2 1 907 1 2187
2 1 1866 1 2186
2 1 969 1 1289
2 1 842 1 1482
2 1 1162 1 1482
2 1 842 1 1162
2 1 1417 1 2057
2 1 1865 1 2185
2 1 1032 1 1992
2 1 711 1 1031
2 1 1415 1 1735
2 1 710 1 1990
2 1 902 1 2182
2 1 1862 1 2182
2 1 902 1 1862
2 1 709 1 1989
2 1 837 1 1157
2 1 708 1 1988
2 1 1283 1 1603
2 1 963 1 1283
2 1 963 1 1603
2 1 707 1 1027
2 1 836 1 1156
2 1 1411 1 2051
2 1 1154 1 1474
2 1 1281 1 1601
2 1 705 1 1985
2 1 833 1 1153
2 1 704 1 1984
3 1 421 1 1470 1 1790
3 1 421 1 1790 1 2110
3 1 512 1 772 1 1732
3 1 570 1 830 1 2110
3 1 570 1 830 1 1470
3 1 587 1 1263 1 1903
3 1 441 1 1170 1 1810
3 1 396 1 1509 1 1829
3 1 638 1 866 1 1186
3 1 587 1 1263 1 2223
3 1 512 1 772 1 1412
3 1 604 1 1216 1 1856
3 1 604 1 1216 1 2176
3 1 543 1 803 1 2083
3 1 414 1 887 1 1847
3 1 361 1 1394 1 2034
3 1 512 1 772 1 2052
3 1 543 1 803 1 1763
3 1 543 1 803 1 1443
3 1 584 1 876 1 1196
3 1 549 1 809 1 1769
3 1 584 1 1196 1 1516
3 1 403 1 1516 1 1836
3 1 627 1 1239 1 2199
3 1 356 1 1389 1 2029
3 1 627 1 919 1 1239
3 1 627 1 1239 1 1879
3 1 541 1 801 1 2081
3 1 471 1 1600 1 1920
3 1 540 1 736 1 1056
3 1 614 1 1226 1 1866
3 1 544 1 804 1 2084
3 1 354 1 747 1 1387
3 1 421 1 1214 1 1854
3 1 342 1 991 1 1311
3 1 361 1 754 1 1394
3 1 468 1 957 1 2237
3 1 549 1 809 1 1449
3 1 554 1 814 1 1774
3 1 425 1 1474 1 1794
3 1 549 1 809 1 2089
3 1 626 1 1238 1 1878
3 1 541 1 801 1 1761
3 1 541 1 801 1 1441
3 1 335 1 1048 1 1368
3 1 354 1 1387 1 2027
3 1 626 1 1238 1 2198
3 1 554 1 814 1 2094
3 1 536 1 796 1 1756
3 1 566 1 826 1 1786
3 1 585 1 1261 1 2221
3 1 632 1 1180 1 1500
3 1 545 1 805 1 2085
3 1 457 1 1010 1 1970
3 1 460 1 1653 1 1973
3 1 558 1 818 1 2098
3 1 358 1 1071 1 1391
3 1 396 1 1445 1 1765
3 1 566 1 826 1 1466
3 1 566 1 826 1 2106
3 1 546 1 806 1 2086
3 1 465 1 1658 1 1978
3 1 460 1 1333 1 1973
3 1 460 1 1013 1 1973
3 1 630 1 1242 1 1882
3 1 441 1 850 1 1810
3 1 536 1 796 1 1436
3 1 508 1 1317 1 1957
3 1 622 1 914 1 1234
3 1 536 1 796 1 2076
3 1 585 1 1261 1 1901
3 1 546 1 806 1 1766
3 1 465 1 1338 1 1978
3 1 583 1 1259 1 1899
3 1 546 1 806 1 1446
3 1 373 1 1406 1 2046
3 1 335 1 728 1 1368
3 1 544 1 804 1 1764
3 1 493 1 982 1 1942
3 1 396 1 1765 1 2085
3 1 545 1 805 1 1445
3 1 404 1 1773 1 2093
3 1 546 1 742 1 2022
3 1 507 1 1636 1 1956
3 1 477 1 1606 1 1926
3 1 591 1 947 1 1267
3 1 380 1 709 1 1349
3 1 558 1 818 1 1778
3 1 342 1 735 1 1375
3 1 508 1 1637 1 1957
3 1 442 1 1747 1 2067
3 1 458 1 1011 1 1971
3 1 493 1 1302 1 1942
3 1 530 1 726 1 2006
3 1 585 1 941 1 1261
3 1 526 1 786 1 2066
3 1 591 1 1267 1 1907
3 1 526 1 786 1 1746
3 1 418 1 1211 1 1851
3 1 607 1 1219 1 2179
3 1 466 1 1339 1 1979
3 1 623 1 915 1 1235
3 1 408 1 1521 1 1841
3 1 375 1 1280 1 1600
3 1 437 1 846 1 1806
3 1 376 1 705 1 1345
3 1 633 1 861 1 1181
3 1 452 1 1645 1 1965
3 1 443 1 1172 1 1812
3 1 625 1 1237 1 2197
3 1 614 1 1226 1 2186
3 1 518 1 778 1 1418
3 1 526 1 786 1 1426
3 1 560 1 820 1 1780
3 1 358 1 751 1 1391
3 1 432 1 1737 1 2057
3 1 619 1 1167 1 1487
3 1 458 1 1331 1 1971
3 1 631 1 1243 1 1883
3 1 631 1 923 1 1243
3 1 590 1 1266 1 2226
3 1 486 1 975 1 1935
3 1 333 1 1046 1 1366
3 1 589 1 1201 1 1521
3 1 550 1 810 1 2090
3 1 351 1 744 1 1384
3 1 458 1 1651 1 1971
3 1 591 1 1267 1 2227
3 1 608 1 1220 1 1860
3 1 578 1 1254 1 1894
3 1 530 1 726 1 1046
3 1 620 1 848 1 1168
3 1 507 1 996 1 1956
3 1 619 1 847 1 1167
3 1 477 1 966 1 1926
3 1 447 1 1176 1 1816
3 1 362 1 1395 1 2035
3 1 385 1 858 1 1818
3 1 639 1 1187 1 1507
3 1 494 1 1303 1 1943
3 1 333 1 1366 1 2006
3 1 445 1 854 1 1814
3 1 362 1 755 1 1395
3 1 576 1 1188 1 1508
3 1 376 1 1345 1 1985
3 1 613 1 1161 1 1481
3 1 605 1 1217 1 2177
3 1 355 1 1388 1 2028
3 1 355 1 748 1 1388
3 1 565 1 825 1 2105
3 1 557 1 817 1 1457
3 1 639 1 867 1 1187
3 1 433 1 842 1 1802
3 1 457 1 1650 1 1970
3 1 516 1 712 1 1992
3 1 323 1 716 1 1356
3 1 403 1 876 1 1836
3 1 629 1 1241 1 1881
3 1 488 1 1297 1 1937
3 1 586 1 1262 1 2222
3 1 412 1 1525 1 1845
3 1 628 1 1240 1 2200
3 1 446 1 855 1 1815
3 1 517 1 713 1 1033
3 1 532 1 792 1 2072
3 1 410 1 883 1 1843
3 1 585 1 877 1 1197
3 1 330 1 1043 1 1363
3 1 352 1 1065 1 1385
3 1 450 1 1323 1 1963
3 1 532 1 792 1 1752
3 1 638 1 1250 1 1890
3 1 554 1 750 1 2030
3 1 470 1 1023 1 1983
3 1 555 1 815 1 1775
3 1 404 1 1517 1 1837
3 1 638 1 1186 1 1506
3 1 470 1 1343 1 1983
3 1 446 1 1495 1 1815
3 1 476 1 1285 1 1925
3 1 523 1 783 1 2063
3 1 540 1 800 1 1760
3 1 449 1 1898 1 2218
3 1 548 1 808 1 1768
3 1 430 1 1159 1 1799
3 1 413 1 1206 1 1846
3 1 374 1 1087 1 1407
3 1 588 1 1264 1 2224
3 1 442 1 1427 1 1747
3 1 356 1 749 1 1389
3 1 630 1 922 1 1242
3 1 424 1 833 1 1793
3 1 522 1 782 1 1742
3 1 553 1 813 1 1453
3 1 550 1 746 1 2026
3 1 469 1 958 1 2238
3 1 348 1 1061 1 1381
3 1 348 1 1381 1 2021
3 1 532 1 792 1 1432
3 1 475 1 1284 1 1924
3 1 599 1 955 1 1275
3 1 585 1 1197 1 1517
3 1 550 1 810 1 1770
3 1 336 1 985 1 1305
3 1 524 1 784 1 1744
3 1 514 1 774 1 1414
3 1 373 1 1086 1 1406
3 1 447 1 856 1 1816
3 1 407 1 1200 1 1840
3 1 625 1 917 1 1237
3 1 330 1 723 1 1363
3 1 602 1 958 1 1278
3 1 624 1 916 1 1236
3 1 469 1 1342 1 1982
3 1 374 1 1407 1 2047
3 1 381 1 966 1 1286
3 1 357 1 1070 1 1390
3 1 470 1 1663 1 1983
3 1 323 1 1036 1 1356
3 1 473 1 898 1 2178
3 1 373 1 766 1 1406
3 1 573 1 769 1 1729
3 1 328 1 721 1 1361
3 1 374 1 767 1 1407
3 1 586 1 942 1 1262
3 1 618 1 910 1 1230
3 1 338 1 1051 1 1371
3 1 638 1 1250 1 2210
3 1 378 1 707 1 1347
3 1 387 1 1500 1 1820
3 1 559 1 819 1 1459
3 1 629 1 1241 1 2201
3 1 524 1 784 1 1424
3 1 622 1 1234 1 1874
3 1 429 1 1414 1 1734
3 1 554 1 750 1 1070
3 1 638 1 930 1 1250
3 1 581 1 1193 1 1513
3 1 323 1 1292 1 1612
3 1 323 1 1356 1 1996
3 1 438 1 1487 1 1807
3 1 546 1 742 1 1062
3 1 548 1 808 1 2088
3 1 580 1 1256 1 1896
3 1 613 1 841 1 1161
3 1 523 1 783 1 1423
3 1 437 1 1166 1 1806
