577 2240
2 1 1471 1 1791
2 1 1471 1 2111
2 1 1791 1 2111
2 1 1470 1 1790
2 1 1470 1 2110
2 1 1790 1 2110
2 1 1464 1 2104
2 1 1459 1 2099
2 1 1778 1 2098
2 1 1458 1 1778
2 1 1458 1 2098
2 1 1456 1 2096
2 1 1775 1 2095
2 1 1770 1 2090
2 1 1762 1 2082
2 1 1442 1 1762
2 1 1442 1 2082
2 1 1439 1 2079
2 1 1438 1 1758
2 1 1758 1 2078
2 1 1438 1 2078
2 1 1757 1 2077
2 1 1739 1 2059
2 1 1419 1 1739
2 1 1419 1 2059
2 1 1418 1 1738
2 1 1418 1 2058
2 1 1738 1 2058
2 1 1736 1 2056
2 1 1735 1 2055
2 1 1411 1 1731
2 1 1731 1 2051
2 1 1411 1 2051
2 1 1729 1 2049
2 1 1728 1 2048
2 1 1409 1 2049
2 1 1409 1 1729
2 1 1408 1 1728
2 1 1408 1 2048
2 1 975 1 1615
2 1 972 1 1612
2 1 972 1 1292
2 1 1292 1 1612
2 1 968 1 1608
2 1 967 1 1287
2 1 967 1 1607
2 1 1287 1 1607
2 1 963 1 1283
2 1 1283 1 1603
2 1 963 1 1603
2 1 962 1 1282
2 1 1410 1 1730
2 1 961 1 1601
2 1 961 1 1281
2 1 1281 1 1601
2 1 1343 1 1663
2 1 1023 1 1663
2 1 1023 1 1343
2 1 1466 1 1786
2 1 1017 1 1337
2 1 1335 1 1655
2 1 1015 1 1655
2 1 1015 1 1335
2 1 1003 1 1323
2 1 1461 1 1781
2 1 1323 1 1643
2 1 1003 1 1643
2 1 1005 1 1645
2 1 1002 1 1642
2 1 1446 1 1766
2 1 997 1 1637
2 1 1007 1 1327
2 1 995 1 1635
2 1 1315 1 1635
2 1 995 1 1315
2 1 994 1 1314
2 1 1312 1 1632
2 1 1310 1 1630
2 1 988 1 1308
2 1 988 1 1628
2 1 1308 1 1628
2 1 834 1 1474
2 1 1154 1 1474
2 1 833 1 1153
2 1 832 1 1152
2 1 834 1 1154
2 1 1152 1 1472
2 1 832 1 1472
2 1 894 1 1534
2 1 895 1 1535
2 1 1022 1 1662
2 1 1342 1 1662
2 1 895 1 1215
2 1 1215 1 1535
2 1 1022 1 1342
2 1 1468 1 1788
2 1 1021 1 1341
2 1 1210 1 1530
2 1 1465 1 2105
2 1 888 1 1528
2 1 1783 1 2103
2 1 1463 1 1783
2 1 886 1 1206
2 1 1463 1 2103
2 1 886 1 1526
2 1 1206 1 1526
2 1 1780 1 2100
2 1 1012 1 1332
2 1 1013 1 1653
2 1 883 1 1203
2 1 1203 1 1523
2 1 883 1 1523
2 1 882 1 1522
2 1 882 1 1202
2 1 1202 1 1522
2 1 1010 1 1650
2 1 879 1 1199
2 1 1199 1 1519
2 1 879 1 1519
2 1 878 1 1518
2 1 1198 1 1518
2 1 878 1 1198
2 1 1453 1 2093
2 1 876 1 1196
2 1 1196 1 1516
2 1 876 1 1516
2 1 1193 1 1513
2 1 1448 1 2088
2 1 873 1 1193
2 1 873 1 1513
2 1 1320 1 1640
2 1 868 1 1508
2 1 868 1 1188
2 1 1188 1 1508
2 1 1186 1 1506
2 1 1185 1 1505
2 1 865 1 1505
2 1 865 1 1185
2 1 1760 1 2080
2 1 993 1 1313
2 1 993 1 1633
2 1 1313 1 1633
2 1 1183 1 1503
2 1 863 1 1183
2 1 863 1 1503
2 1 1756 1 2076
2 1 1309 1 1629
2 1 861 1 1501
2 1 859 1 1499
2 1 859 1 1179
2 1 1179 1 1499
2 1 1178 1 1498
2 1 857 1 1177
2 1 1182 1 1502
2 1 862 1 1502
2 1 1431 1 2071
2 1 983 1 1623
2 1 862 1 1182
2 1 1176 1 1496
2 1 983 1 1303
2 1 1303 1 1623
2 1 1173 1 1493
2 1 1171 1 1491
2 1 851 1 1171
2 1 851 1 1491
2 1 1298 1 1618
2 1 1166 1 1486
2 1 973 1 1613
2 1 842 1 1162
2 1 1162 1 1482
2 1 842 1 1482
2 1 841 1 1481
2 1 839 1 1479
2 1 838 1 1158
2 1 838 1 1478
2 1 1158 1 1478
2 1 1413 1 1733
2 1 1413 1 2053
2 1 1733 1 2053
2 1 966 1 1606
2 1 836 1 1476
2 1 836 1 1156
2 1 1156 1 1476
2 1 1856 1 2176
2 1 896 1 1856
2 1 896 1 2176
2 1 767 1 1087
2 1 1919 1 2239
2 1 959 1 2239
2 1 959 1 1919
2 1 766 1 2046
2 1 766 1 1086
2 1 1086 1 2046
2 1 1918 1 2238
2 1 958 1 1918
2 1 958 1 2238
2 1 765 1 2045
2 1 957 1 2237
2 1 893 1 1213
2 1 1213 1 1533
2 1 893 1 1533
2 1 1340 1 1660
2 1 1020 1 1340
2 1 1020 1 1660
2 1 892 1 1212
2 1 1916 1 2236
2 1 1915 1 2235
2 1 1787 1 2107
2 1 1467 1 2107
2 1 1467 1 1787
2 1 762 1 1082
2 1 762 1 2042
2 1 1082 1 2042
2 1 1338 1 1658
2 1 1018 1 1338
2 1 1018 1 1658
2 1 953 1 2233
2 1 953 1 1913
2 1 1913 1 2233
2 1 889 1 1209
2 1 760 1 1080
2 1 760 1 2040
2 1 1080 1 2040
2 1 1016 1 1656
2 1 1334 1 1654
2 1 887 1 1207
2 1 887 1 1527
2 1 1207 1 1527
2 1 1078 1 2038
2 1 758 1 1078
2 1 758 1 2038
2 1 1910 1 2230
2 1 1462 1 1782
2 1 1782 1 2102
2 1 1462 1 2102
2 1 1077 1 2037
2 1 757 1 2037
2 1 757 1 1077
2 1 949 1 1909
2 1 949 1 2229
2 1 1909 1 2229
2 1 948 1 1908
2 1 948 1 2228
2 1 1908 1 2228
2 1 755 1 1075
2 1 754 1 1074
2 1 754 1 2034
2 1 1074 1 2034
2 1 946 1 1906
2 1 1328 1 1648
2 1 1457 1 1777
2 1 881 1 1521
2 1 945 1 2225
2 1 945 1 1905
2 1 1905 1 2225
2 1 752 1 1072
2 1 1071 1 2031
2 1 751 1 1071
2 1 751 1 2031
2 1 942 1 1902
2 1 942 1 2222
2 1 1902 1 2222
2 1 1454 1 2094
2 1 748 1 2028
2 1 1068 1 2028
2 1 748 1 1068
2 1 747 1 1067
2 1 1451 1 1771
2 1 1066 1 2026
2 1 939 1 1899
2 1 1065 1 2025
2 1 1898 1 2218
2 1 938 1 2218
2 1 938 1 1898
2 1 1897 1 2217
2 1 937 1 1897
2 1 937 1 2217
2 1 744 1 2024
2 1 936 1 1896
2 1 999 1 1639
2 1 1319 1 1639
2 1 999 1 1319
2 1 1191 1 1511
2 1 871 1 1191
2 1 871 1 1511
2 1 1318 1 1638
2 1 933 1 2213
2 1 996 1 1636
2 1 996 1 1316
2 1 1316 1 1636
2 1 869 1 1189
2 1 1060 1 2020
2 1 740 1 1060
2 1 740 1 2020
2 1 1059 1 2019
2 1 739 1 1059
2 1 739 1 2019
2 1 1443 1 2083
2 1 738 1 2018
2 1 1058 1 2018
2 1 738 1 1058
2 1 931 1 1891
2 1 1057 1 2017
2 1 1441 1 1761
2 1 929 1 2209
2 1 736 1 2016
2 1 991 1 1631
2 1 1311 1 1631
2 1 991 1 1311
2 1 1055 1 2015
2 1 735 1 1055
2 1 735 1 2015
2 1 928 1 2208
2 1 1888 1 2208
2 1 928 1 1888
2 1 734 1 1054
2 1 1054 1 2014
2 1 734 1 2014
2 1 926 1 1886
2 1 1053 1 2013
2 1 733 1 1053
2 1 733 1 2013
2 1 1885 1 2205
2 1 925 1 1885
2 1 925 1 2205
2 1 1307 1 1627
2 1 860 1 1500
2 1 924 1 2204
2 1 924 1 1884
2 1 1884 1 2204
2 1 731 1 1051
2 1 1051 1 2011
2 1 731 1 2011
2 1 1435 1 1755
2 1 1435 1 2075
2 1 1755 1 2075
2 1 730 1 2010
2 1 1050 1 2010
2 1 730 1 1050
2 1 1049 1 2009
2 1 729 1 1049
2 1 729 1 2009
2 1 922 1 2202
2 1 1433 1 1753
2 1 1433 1 2073
2 1 1753 1 2073
2 1 728 1 2008
2 1 728 1 1048
2 1 1048 1 2008
2 1 1432 1 2072
2 1 1432 1 1752
2 1 1752 1 2072
2 1 727 1 2007
2 1 920 1 2200
2 1 1880 1 2200
2 1 920 1 1880
2 1 982 1 1302
2 1 1879 1 2199
2 1 919 1 2199
2 1 919 1 1879
2 1 1430 1 1750
2 1 1430 1 2070
2 1 1750 1 2070
2 1 854 1 1174
2 1 1174 1 1494
2 1 854 1 1494
2 1 1301 1 1621
2 1 981 1 1301
2 1 981 1 1621
2 1 1045 1 2005
2 1 1429 1 1749
2 1 1749 1 2069
2 1 1429 1 2069
2 1 724 1 2004
2 1 1877 1 2197
2 1 1299 1 1619
2 1 723 1 1043
2 1 1876 1 2196
2 1 916 1 1876
2 1 916 1 2196
2 1 1427 1 2067
2 1 1747 1 2067
2 1 1427 1 1747
2 1 722 1 2002
2 1 721 1 2001
2 1 914 1 1874
2 1 1874 1 2194
2 1 914 1 2194
2 1 1873 1 2193
2 1 1040 1 2000
2 1 976 1 1616
2 1 1296 1 1616
2 1 976 1 1296
2 1 719 1 1999
2 1 911 1 1871
2 1 1743 1 2063
2 1 847 1 1167
2 1 718 1 1038
2 1 1037 1 1997
2 1 1870 1 2190
2 1 1421 1 2061
2 1 716 1 1996
2 1 1869 1 2189
2 1 909 1 2189
2 1 909 1 1869
2 1 1291 1 1611
2 1 971 1 1291
2 1 971 1 1611
2 1 1035 1 1995
2 1 908 1 1868
2 1 1034 1 1994
2 1 906 1 1866
2 1 1866 1 2186
2 1 906 1 2186
2 1 1865 1 2185
2 1 905 1 2185
2 1 905 1 1865
2 1 1032 1 1992
2 1 712 1 1992
2 1 712 1 1032
2 1 904 1 1864
2 1 711 1 1031
2 1 1031 1 1991
2 1 711 1 1991
2 1 903 1 2183
2 1 1862 1 2182
2 1 902 1 2182
2 1 902 1 1862
2 1 901 1 2181
2 1 901 1 1861
2 1 1861 1 2181
2 1 837 1 1157
2 1 1860 1 2180
2 1 1412 1 2052
2 1 707 1 1027
2 1 1026 1 1986
2 1 899 1 1859
2 1 898 1 2178
2 1 1025 1 1985
2 1 897 1 2177
2 1 1857 1 2177
2 1 897 1 1857
2 1 1024 1 1984
3 1 613 1 1225 1 1865
3 1 464 1 1017 1 1977
3 1 464 1 1337 1 1977
3 1 367 1 1400 1 2040
3 1 601 1 957 1 1277
3 1 367 1 1080 1 1400
3 1 367 1 760 1 1400
3 1 506 1 1635 1 1955
3 1 506 1 995 1 1955
3 1 506 1 1315 1 1955
3 1 542 1 802 1 2082
3 1 542 1 802 1 1762
3 1 542 1 802 1 1442
3 1 626 1 1238 1 1878
3 1 493 1 1878 1 2198
3 1 601 1 1277 1 2237
3 1 571 1 831 1 1471
3 1 424 1 1153 1 1793
3 1 518 1 778 1 1738
3 1 328 1 977 1 1297
3 1 535 1 795 1 1755
3 1 555 1 815 1 2095
3 1 535 1 795 1 1435
3 1 571 1 831 1 2111
3 1 488 1 977 1 1937
3 1 555 1 815 1 1775
3 1 358 1 1391 1 2031
3 1 349 1 1062 1 1382
3 1 550 1 810 1 1770
3 1 466 1 1659 1 1979
3 1 370 1 1339 1 1659
3 1 571 1 831 1 1791
3 1 535 1 795 1 2075
3 1 526 1 786 1 1746
3 1 415 1 1784 1 2104
3 1 550 1 810 1 2090
3 1 570 1 830 1 1790
3 1 570 1 830 1 1470
3 1 425 1 1474 1 1794
3 1 570 1 830 1 2110
3 1 556 1 816 1 2096
3 1 392 1 865 1 1825
3 1 604 1 1216 1 1856
3 1 604 1 1216 1 2176
3 1 390 1 1759 1 2079
3 1 390 1 1439 1 1759
3 1 556 1 816 1 1456
3 1 573 1 769 1 2049
3 1 415 1 1464 1 1784
3 1 407 1 1456 1 1776
3 1 407 1 1776 1 2096
3 1 564 1 824 1 1464
3 1 573 1 769 1 1409
3 1 406 1 879 1 1839
3 1 551 1 811 1 1771
3 1 604 1 896 1 1216
3 1 620 1 848 1 1168
3 1 539 1 799 1 2079
3 1 481 1 970 1 1930
3 1 439 1 1424 1 1744
3 1 539 1 799 1 1439
3 1 524 1 784 1 1424
3 1 564 1 824 1 2104
3 1 573 1 769 1 1729
3 1 558 1 818 1 2098
3 1 511 1 1320 1 1960
3 1 538 1 798 1 2078
3 1 558 1 818 1 1778
3 1 479 1 968 1 1928
3 1 445 1 854 1 1814
3 1 613 1 905 1 1225
3 1 538 1 798 1 1758
3 1 558 1 818 1 1458
3 1 410 1 1459 1 1779
3 1 538 1 798 1 1438
3 1 410 1 1779 1 2099
3 1 559 1 819 1 1459
3 1 559 1 819 1 2099
3 1 613 1 1225 1 2185
3 1 562 1 822 1 1782
3 1 320 1 1289 1 1609
3 1 482 1 1867 1 2187
3 1 424 1 833 1 1793
3 1 441 1 1490 1 1810
3 1 537 1 797 1 1757
3 1 332 1 1365 1 2005
3 1 530 1 726 1 2006
3 1 480 1 1609 1 1929
3 1 446 1 1495 1 1815
3 1 621 1 1233 1 1873
3 1 326 1 975 1 1295
3 1 342 1 1055 1 1375
3 1 531 1 791 1 2071
3 1 356 1 1005 1 1325
3 1 524 1 720 1 2000
3 1 552 1 812 1 1452
3 1 372 1 1405 1 2045
3 1 580 1 872 1 1192
3 1 515 1 775 1 1735
3 1 324 1 1357 1 1997
3 1 606 1 898 1 1218
3 1 516 1 776 1 2056
3 1 328 1 1361 1 2001
3 1 518 1 778 1 1418
3 1 621 1 1233 1 2193
3 1 503 1 1312 1 1952
3 1 608 1 1220 1 2180
3 1 383 1 1288 1 1608
3 1 584 1 1260 1 1900
3 1 629 1 921 1 1241
3 1 611 1 839 1 1159
3 1 608 1 1220 1 1860
3 1 627 1 1175 1 1495
3 1 512 1 772 1 1412
3 1 531 1 791 1 1431
3 1 514 1 710 1 1030
3 1 438 1 847 1 1807
3 1 611 1 1223 1 2183
3 1 528 1 788 1 2068
3 1 512 1 772 1 2052
3 1 427 1 1732 1 2052
3 1 427 1 1412 1 1732
3 1 442 1 1491 1 1811
3 1 602 1 1214 1 1534
3 1 606 1 1218 1 2178
3 1 450 1 1323 1 1963
3 1 599 1 1275 1 1915
3 1 599 1 1275 1 2235
3 1 503 1 1632 1 1952
3 1 499 1 1308 1 1948
3 1 391 1 1184 1 1824
3 1 505 1 994 1 1954
3 1 452 1 1645 1 1965
3 1 454 1 1007 1 1967
