617 2240
2 1 1785 1 2105
2 1 1468 1 1788
2 1 1468 1 2108
2 1 1784 1 2104
2 1 1788 1 2108
2 1 1464 1 1784
2 1 1464 1 2104
2 1 1773 1 2093
2 1 1772 1 2092
2 1 1452 1 1772
2 1 1452 1 2092
2 1 1451 1 2091
2 1 1442 1 2082
2 1 1762 1 2082
2 1 1442 1 1762
2 1 1440 1 2080
2 1 1753 1 2073
2 1 1433 1 1753
2 1 1433 1 2073
2 1 1432 1 2072
2 1 1432 1 1752
2 1 1752 1 2072
2 1 1431 1 1751
2 1 1751 1 2071
2 1 1431 1 2071
2 1 1750 1 2070
2 1 1425 1 1745
2 1 1749 1 2069
2 1 1429 1 1749
2 1 1429 1 2069
2 1 1745 1 2065
2 1 1425 1 2065
2 1 1421 1 1741
2 1 1741 1 2061
2 1 1421 1 2061
2 1 1740 1 2060
2 1 1739 1 2059
2 1 1412 1 1732
2 1 1412 1 2052
2 1 1732 1 2052
2 1 1730 1 2050
2 1 1410 1 2050
2 1 1410 1 1730
2 1 1409 1 1729
2 1 1729 1 2049
2 1 1409 1 2049
2 1 972 1 1612
2 1 964 1 1604
2 1 1283 1 1603
2 1 1021 1 1661
2 1 961 1 1601
2 1 1021 1 1341
2 1 1341 1 1661
2 1 1018 1 1658
2 1 1018 1 1338
2 1 1338 1 1658
2 1 1466 1 1786
2 1 1016 1 1656
2 1 1336 1 1656
2 1 1335 1 1655
2 1 1015 1 1655
2 1 1016 1 1336
2 1 1015 1 1335
2 1 1326 1 1646
2 1 1006 1 1646
2 1 1322 1 1642
2 1 1000 1 1640
2 1 1006 1 1326
2 1 1004 1 1324
2 1 997 1 1317
2 1 1000 1 1320
2 1 1320 1 1640
2 1 995 1 1315
2 1 1314 1 1634
2 1 993 1 1633
2 1 1312 1 1632
2 1 990 1 1310
2 1 1310 1 1630
2 1 990 1 1630
2 1 986 1 1306
2 1 1305 1 1625
2 1 985 1 1625
2 1 985 1 1305
2 1 1304 1 1624
2 1 982 1 1622
2 1 1301 1 1621
2 1 835 1 1475
2 1 834 1 1154
2 1 833 1 1153
2 1 1153 1 1473
2 1 833 1 1473
2 1 832 1 1152
2 1 832 1 1472
2 1 1152 1 1472
2 1 1023 1 1343
2 1 1343 1 1663
2 1 1023 1 1663
2 1 891 1 1211
2 1 891 1 1531
2 1 1211 1 1531
2 1 1210 1 1530
2 1 889 1 1209
2 1 888 1 1528
2 1 1208 1 1528
2 1 888 1 1208
2 1 887 1 1527
2 1 1206 1 1526
2 1 1461 1 2101
2 1 1014 1 1334
2 1 1014 1 1654
2 1 1334 1 1654
2 1 1333 1 1653
2 1 1458 1 1778
2 1 1458 1 2098
2 1 1778 1 2098
2 1 881 1 1521
2 1 1201 1 1521
2 1 881 1 1201
2 1 880 1 1200
2 1 1199 1 1519
2 1 1197 1 1517
2 1 876 1 1196
2 1 876 1 1516
2 1 1196 1 1516
2 1 1195 1 1515
2 1 875 1 1195
2 1 875 1 1515
2 1 1450 1 2090
2 1 873 1 1513
2 1 870 1 1190
2 1 866 1 1186
2 1 865 1 1505
2 1 1185 1 1505
2 1 865 1 1185
2 1 1184 1 1504
2 1 863 1 1503
2 1 1758 1 2078
2 1 1311 1 1631
2 1 861 1 1501
2 1 1181 1 1501
2 1 861 1 1181
2 1 1436 1 1756
2 1 859 1 1179
2 1 856 1 1496
2 1 1176 1 1496
2 1 856 1 1176
2 1 855 1 1495
2 1 1174 1 1494
2 1 854 1 1494
2 1 854 1 1174
2 1 853 1 1493
2 1 980 1 1620
2 1 1299 1 1619
2 1 979 1 1299
2 1 852 1 1492
2 1 979 1 1619
2 1 848 1 1168
2 1 1168 1 1488
2 1 848 1 1488
2 1 1423 1 2063
2 1 976 1 1296
2 1 1422 1 2062
2 1 845 1 1485
2 1 843 1 1483
2 1 843 1 1163
2 1 1163 1 1483
2 1 1164 1 1484
2 1 844 1 1484
2 1 844 1 1164
2 1 841 1 1161
2 1 1416 1 1736
2 1 1415 1 1735
2 1 968 1 1608
2 1 1288 1 1608
2 1 968 1 1288
2 1 896 1 2176
2 1 1408 1 2048
2 1 767 1 2047
2 1 1215 1 1535
2 1 1022 1 1662
2 1 1022 1 1342
2 1 1342 1 1662
2 1 959 1 1919
2 1 1790 1 2110
2 1 1918 1 2238
2 1 1340 1 1660
2 1 1469 1 1789
2 1 1213 1 1533
2 1 957 1 2237
2 1 957 1 1917
2 1 1917 1 2237
2 1 1083 1 2043
2 1 763 1 1083
2 1 763 1 2043
2 1 955 1 2235
2 1 1467 1 2107
2 1 762 1 1082
2 1 1082 1 2042
2 1 762 1 2042
2 1 761 1 1081
2 1 953 1 2233
2 1 953 1 1913
2 1 1913 1 2233
2 1 1080 1 2040
2 1 760 1 2040
2 1 760 1 1080
2 1 1912 1 2232
2 1 952 1 2232
2 1 952 1 1912
2 1 1079 1 2039
2 1 951 1 2231
2 1 1911 1 2231
2 1 951 1 1911
2 1 1783 1 2103
2 1 758 1 1078
2 1 1078 1 2038
2 1 758 1 2038
2 1 950 1 2230
2 1 1910 1 2230
2 1 950 1 1910
2 1 1205 1 1525
2 1 885 1 1205
2 1 885 1 1525
2 1 949 1 1909
2 1 756 1 2036
2 1 1780 1 2100
2 1 884 1 1204
2 1 1204 1 1524
2 1 884 1 1524
2 1 1331 1 1651
2 1 1330 1 1650
2 1 1010 1 1650
2 1 1010 1 1330
2 1 1907 1 2227
2 1 1009 1 1329
2 1 1329 1 1649
2 1 1009 1 1649
2 1 1073 1 2033
2 1 753 1 2033
2 1 753 1 1073
2 1 1072 1 2032
2 1 751 1 1071
2 1 1071 1 2031
2 1 751 1 2031
2 1 1455 1 2095
2 1 1455 1 1775
2 1 1775 1 2095
2 1 750 1 2030
2 1 943 1 1903
2 1 1005 1 1645
2 1 1005 1 1325
2 1 1325 1 1645
2 1 1454 1 2094
2 1 749 1 1069
2 1 1069 1 2029
2 1 749 1 2029
2 1 942 1 1902
2 1 942 1 2222
2 1 1902 1 2222
2 1 1068 1 2028
2 1 940 1 2220
2 1 940 1 1900
2 1 1900 1 2220
2 1 939 1 1899
2 1 1899 1 2219
2 1 939 1 2219
2 1 874 1 1514
2 1 938 1 1898
2 1 1321 1 1641
2 1 745 1 2025
2 1 1065 1 2025
2 1 745 1 1065
2 1 936 1 1896
2 1 1192 1 1512
2 1 872 1 1512
2 1 872 1 1192
2 1 1063 1 2023
2 1 1062 1 2022
2 1 742 1 2022
2 1 742 1 1062
2 1 1446 1 2086
2 1 1766 1 2086
2 1 1446 1 1766
2 1 934 1 2214
2 1 741 1 2021
2 1 1765 1 2085
2 1 1445 1 1765
2 1 1445 1 2085
2 1 1189 1 1509
2 1 740 1 1060
2 1 1060 1 2020
2 1 740 1 2020
2 1 933 1 1893
2 1 1893 1 2213
2 1 933 1 2213
2 1 1444 1 1764
2 1 1059 1 2019
2 1 1892 1 2212
2 1 1058 1 2018
2 1 1891 1 2211
2 1 931 1 2211
2 1 931 1 1891
2 1 930 1 1890
2 1 737 1 2017
2 1 737 1 1057
2 1 1057 1 2017
2 1 1441 1 2081
2 1 929 1 2209
2 1 929 1 1889
2 1 1889 1 2209
2 1 1056 1 2016
2 1 735 1 1055
2 1 1055 1 2015
2 1 928 1 1888
2 1 735 1 2015
2 1 862 1 1182
2 1 1309 1 1629
2 1 989 1 1629
2 1 989 1 1309
2 1 1885 1 2205
2 1 732 1 2012
2 1 987 1 1307
2 1 987 1 1627
2 1 1307 1 1627
2 1 731 1 2011
2 1 731 1 1051
2 1 1051 1 2011
2 1 924 1 2204
2 1 1883 1 2203
2 1 1435 1 1755
2 1 1050 1 2010
2 1 730 1 2010
2 1 730 1 1050
2 1 1049 1 2009
2 1 729 1 1049
2 1 729 1 2009
2 1 922 1 1882
2 1 922 1 2202
2 1 1882 1 2202
2 1 921 1 1881
2 1 920 1 1880
2 1 920 1 2200
2 1 1880 1 2200
2 1 1047 1 2007
2 1 727 1 2007
2 1 727 1 1047
2 1 919 1 2199
2 1 1879 1 2199
2 1 919 1 1879
2 1 726 1 1046
2 1 918 1 1878
2 1 918 1 2198
2 1 1878 1 2198
2 1 725 1 1045
2 1 917 1 1877
2 1 917 1 2197
2 1 1877 1 2197
2 1 1044 1 2004
2 1 724 1 1044
2 1 724 1 2004
2 1 1876 1 2196
2 1 916 1 1876
2 1 916 1 2196
2 1 915 1 2195
2 1 915 1 1875
2 1 1875 1 2195
2 1 851 1 1171
2 1 1426 1 1746
2 1 721 1 1041
2 1 721 1 2001
2 1 1041 1 2001
2 1 1040 1 2000
2 1 1744 1 2064
2 1 1424 1 2064
2 1 1424 1 1744
2 1 912 1 1872
2 1 912 1 2192
2 1 1872 1 2192
2 1 974 1 1294
2 1 1294 1 1614
2 1 974 1 1614
2 1 1871 1 2191
2 1 911 1 2191
2 1 911 1 1871
2 1 973 1 1293
2 1 1293 1 1613
2 1 973 1 1613
2 1 846 1 1486
2 1 1037 1 1997
2 1 716 1 1036
2 1 908 1 2188
2 1 1035 1 1995
2 1 907 1 2187
2 1 907 1 1867
2 1 1867 1 2187
2 1 714 1 1994
2 1 906 1 2186
2 1 842 1 1482
2 1 842 1 1162
2 1 1162 1 1482
2 1 713 1 1033
2 1 713 1 1993
2 1 1033 1 1993
2 1 1289 1 1609
2 1 969 1 1289
2 1 969 1 1609
2 1 904 1 2184
2 1 904 1 1864
2 1 1864 1 2184
2 1 840 1 1160
2 1 967 1 1287
2 1 966 1 1286
2 1 1286 1 1606
2 1 966 1 1606
2 1 1414 1 2054
2 1 838 1 1158
2 1 1862 1 2182
2 1 1029 1 1989
2 1 709 1 1989
2 1 709 1 1029
2 1 1413 1 2053
2 1 1028 1 1988
2 1 708 1 1028
2 1 708 1 1988
2 1 1027 1 1987
2 1 707 1 1027
2 1 707 1 1987
2 1 900 1 1860
2 1 899 1 2179
2 1 1026 1 1986
2 1 706 1 1026
2 1 706 1 1986
2 1 898 1 1858
2 1 705 1 1025
2 1 705 1 1985
2 1 1025 1 1985
2 1 897 1 1857
2 1 897 1 2177
2 1 1857 1 2177
2 1 1024 1 1984
3 1 413 1 1782 1 2102
3 1 540 1 800 1 2080
3 1 599 1 955 1 1275
3 1 540 1 800 1 1440
3 1 568 1 828 1 1788
3 1 608 1 1156 1 1476
3 1 498 1 1627 1 1947
3 1 508 1 997 1 1957
3 1 604 1 1216 1 2176
3 1 599 1 1275 1 2235
3 1 568 1 828 1 1468
3 1 531 1 791 1 1751
3 1 604 1 896 1 1216
3 1 498 1 987 1 1947
3 1 562 1 822 1 2102
3 1 574 1 770 1 2050
3 1 498 1 1307 1 1947
3 1 508 1 1317 1 1957
3 1 519 1 779 1 1739
3 1 525 1 785 1 2065
3 1 477 1 1606 1 1926
3 1 477 1 966 1 1926
3 1 568 1 828 1 2108
3 1 477 1 1286 1 1926
3 1 402 1 1771 1 2091
3 1 553 1 813 1 1773
3 1 565 1 825 1 2105
3 1 553 1 813 1 2093
3 1 542 1 802 1 1762
3 1 400 1 1769 1 2089
3 1 549 1 809 1 2089
3 1 596 1 952 1 1272
3 1 402 1 1451 1 1771
3 1 531 1 791 1 1431
3 1 542 1 802 1 1442
3 1 542 1 802 1 2082
3 1 362 1 755 1 1395
3 1 513 1 773 1 1413
3 1 462 1 1335 1 1975
3 1 552 1 812 1 1772
3 1 552 1 812 1 2092
3 1 552 1 812 1 1452
3 1 551 1 811 1 2091
3 1 551 1 811 1 1451
3 1 533 1 793 1 2073
3 1 533 1 793 1 1433
3 1 533 1 793 1 1753
3 1 532 1 792 1 2072
3 1 532 1 792 1 1432
3 1 532 1 792 1 1752
3 1 391 1 1760 1 2080
3 1 564 1 824 1 1784
3 1 564 1 824 1 1464
3 1 564 1 824 1 2104
3 1 565 1 825 1 1785
3 1 596 1 1272 1 1912
3 1 391 1 1440 1 1760
3 1 448 1 1641 1 1961
3 1 573 1 769 1 1729
3 1 358 1 1391 1 2031
3 1 596 1 1272 1 2232
3 1 448 1 1321 1 1961
3 1 356 1 749 1 1389
3 1 466 1 1019 1 1979
3 1 519 1 779 1 2059
3 1 378 1 707 1 1347
3 1 574 1 770 1 1730
3 1 574 1 770 1 1410
3 1 512 1 772 1 1412
3 1 403 1 1516 1 1836
3 1 525 1 785 1 1745
3 1 378 1 1347 1 1987
3 1 614 1 1226 1 2186
3 1 459 1 1908 1 2228
3 1 513 1 773 1 2053
3 1 502 1 927 1 2207
3 1 512 1 772 1 2052
3 1 475 1 1860 1 2180
3 1 614 1 906 1 1226
3 1 576 1 1188 1 1508
3 1 590 1 882 1 1202
3 1 606 1 1218 1 1858
3 1 512 1 772 1 1732
3 1 378 1 1027 1 1347
3 1 392 1 1441 1 1761
3 1 617 1 1229 1 1869
3 1 506 1 995 1 1955
3 1 506 1 1315 1 1955
3 1 454 1 1007 1 1967
3 1 344 1 1057 1 1377
3 1 462 1 1015 1 1975
3 1 409 1 882 1 1842
3 1 531 1 791 1 2071
3 1 406 1 1199 1 1839
3 1 395 1 1508 1 1828
3 1 606 1 898 1 1218
3 1 430 1 839 1 1799
3 1 592 1 1268 1 1908
3 1 558 1 818 1 2098
3 1 582 1 938 1 1258
3 1 433 1 842 1 1802
3 1 356 1 1389 1 2029
3 1 607 1 1155 1 1475
3 1 323 1 1036 1 1356
3 1 392 1 1761 1 2081
3 1 560 1 820 1 1780
3 1 611 1 839 1 1159
3 1 433 1 1482 1 1802
3 1 591 1 1267 1 2227
3 1 410 1 1523 1 1843
3 1 591 1 1267 1 1907
3 1 591 1 1203 1 1523
3 1 473 1 1858 1 2178
3 1 324 1 1037 1 1357
3 1 320 1 713 1 1353
3 1 412 1 1461 1 1781
3 1 582 1 1258 1 1898
3 1 458 1 1651 1 1971
3 1 406 1 1519 1 1839
3 1 456 1 1649 1 1969
3 1 401 1 874 1 1834
3 1 629 1 921 1 1241
3 1 376 1 705 1 1345
3 1 363 1 1396 1 2036
3 1 547 1 807 1 1767
3 1 518 1 778 1 1418
3 1 458 1 1331 1 1971
3 1 428 1 1733 1 2053
3 1 580 1 936 1 1256
3 1 403 1 876 1 1836
3 1 505 1 1634 1 1954
3 1 417 1 1210 1 1850
3 1 329 1 1362 1 2002
3 1 626 1 1238 1 2198
3 1 635 1 927 1 1247
3 1 446 1 1495 1 1815
3 1 547 1 743 1 1063
3 1 433 1 1162 1 1802
3 1 375 1 1280 1 1600
3 1 427 1 1476 1 1796
3 1 484 1 973 1 1933
3 1 551 1 747 1 1067
3 1 593 1 949 1 1269
3 1 401 1 1514 1 1834
3 1 449 1 1642 1 1962
3 1 487 1 1296 1 1936
3 1 580 1 1256 1 1896
3 1 333 1 1046 1 1366
3 1 530 1 790 1 1750
3 1 629 1 1177 1 1497
3 1 637 1 929 1 1249
3 1 365 1 1078 1 1398
3 1 633 1 1245 1 1885
3 1 376 1 1025 1 1345
3 1 563 1 759 1 2039
3 1 519 1 715 1 1035
3 1 470 1 959 1 2239
3 1 356 1 1069 1 1389
3 1 446 1 855 1 1815
3 1 433 1 1418 1 1738
3 1 432 1 841 1 1801
3 1 510 1 999 1 1959
3 1 464 1 1337 1 1977
3 1 350 1 999 1 1319
3 1 376 1 1345 1 1985
3 1 558 1 818 1 1778
3 1 618 1 1230 1 1870
3 1 519 1 715 1 1995
3 1 351 1 744 1 1384
3 1 321 1 1354 1 1994
3 1 363 1 756 1 1396
3 1 517 1 777 1 1737
3 1 618 1 846 1 1166
3 1 619 1 1231 1 1871
3 1 573 1 769 1 2049
3 1 499 1 988 1 1948
3 1 393 1 866 1 1826
