578 2240
2 1 1791 1 2111
2 1 1471 1 2111
2 1 1471 1 1791
2 1 1467 1 2107
2 1 1466 1 2106
2 1 1786 1 2106
2 1 1466 1 1786
2 1 1463 1 1783
2 1 1463 1 2103
2 1 1783 1 2103
2 1 1778 1 2098
2 1 1451 1 1771
2 1 1771 1 2091
2 1 1451 1 2091
2 1 1770 1 2090
2 1 1765 1 2085
2 1 1445 1 2085
2 1 1445 1 1765
2 1 1757 1 2077
2 1 1437 1 1757
2 1 1437 1 2077
2 1 1430 1 2070
2 1 1747 1 2067
2 1 1745 1 2065
2 1 1742 1 2062
2 1 1420 1 2060
2 1 1424 1 2064
2 1 1744 1 2064
2 1 1424 1 1744
2 1 1740 1 2060
2 1 975 1 1615
2 1 1420 1 1740
2 1 973 1 1293
2 1 1416 1 1736
2 1 964 1 1284
2 1 1409 1 1729
2 1 1343 1 1663
2 1 1023 1 1663
2 1 1023 1 1343
2 1 1342 1 1662
2 1 1341 1 1661
2 1 1021 1 1661
2 1 1021 1 1341
2 1 1020 1 1340
2 1 1340 1 1660
2 1 1020 1 1660
2 1 1338 1 1658
2 1 1337 1 1657
2 1 1016 1 1336
2 1 1015 1 1655
2 1 1464 1 1784
2 1 1334 1 1654
2 1 1011 1 1651
2 1 1008 1 1648
2 1 1002 1 1322
2 1 997 1 1637
2 1 1444 1 1764
2 1 992 1 1312
2 1 1312 1 1632
2 1 992 1 1632
2 1 1440 1 1760
2 1 990 1 1310
2 1 990 1 1630
2 1 1310 1 1630
2 1 987 1 1627
2 1 1307 1 1627
2 1 987 1 1307
2 1 1433 1 1753
2 1 1304 1 1624
2 1 984 1 1624
2 1 984 1 1304
2 1 982 1 1622
2 1 980 1 1620
2 1 978 1 1298
2 1 978 1 1618
2 1 1298 1 1618
2 1 977 1 1617
2 1 1013 1 1333
2 1 833 1 1153
2 1 832 1 1152
2 1 1215 1 1535
2 1 894 1 1534
2 1 893 1 1533
2 1 893 1 1213
2 1 1213 1 1533
2 1 890 1 1530
2 1 1209 1 1529
2 1 889 1 1209
2 1 889 1 1529
2 1 1208 1 1528
2 1 887 1 1207
2 1 886 1 1526
2 1 1205 1 1525
2 1 1204 1 1524
2 1 1012 1 1652
2 1 1332 1 1652
2 1 1012 1 1332
2 1 882 1 1202
2 1 881 1 1521
2 1 1201 1 1521
2 1 881 1 1201
2 1 1009 1 1329
2 1 1326 1 1646
2 1 1006 1 1326
2 1 1006 1 1646
2 1 1452 1 1772
2 1 1452 1 2092
2 1 1772 1 2092
2 1 875 1 1515
2 1 874 1 1514
2 1 873 1 1193
2 1 873 1 1513
2 1 874 1 1194
2 1 1193 1 1513
2 1 1001 1 1641
2 1 1321 1 1641
2 1 1001 1 1321
2 1 1194 1 1514
2 1 1448 1 1768
2 1 1448 1 2088
2 1 1768 1 2088
2 1 1447 1 1767
2 1 1767 1 2087
2 1 1447 1 2087
2 1 870 1 1510
2 1 1189 1 1509
2 1 868 1 1508
2 1 860 1 1500
2 1 860 1 1180
2 1 1180 1 1500
2 1 988 1 1628
2 1 858 1 1178
2 1 1184 1 1504
2 1 1305 1 1625
2 1 985 1 1305
2 1 985 1 1625
2 1 854 1 1174
2 1 853 1 1493
2 1 1173 1 1493
2 1 853 1 1173
2 1 1428 1 1748
2 1 1428 1 2068
2 1 1748 1 2068
2 1 981 1 1621
2 1 851 1 1491
2 1 850 1 1490
2 1 1169 1 1489
2 1 1168 1 1488
2 1 848 1 1488
2 1 848 1 1168
2 1 1423 1 2063
2 1 846 1 1486
2 1 846 1 1166
2 1 1166 1 1486
2 1 1421 1 2061
2 1 1741 1 2061
2 1 1421 1 1741
2 1 1164 1 1484
2 1 844 1 1484
2 1 844 1 1164
2 1 1418 1 1738
2 1 1418 1 2058
2 1 1738 1 2058
2 1 971 1 1291
2 1 1737 1 2057
2 1 1417 1 2057
2 1 1417 1 1737
2 1 1160 1 1480
2 1 840 1 1160
2 1 840 1 1480
2 1 1415 1 2055
2 1 1414 1 2054
2 1 1734 1 2054
2 1 1414 1 1734
2 1 967 1 1607
2 1 837 1 1477
2 1 1408 1 2048
2 1 896 1 2176
2 1 1087 1 2047
2 1 767 1 1087
2 1 767 1 2047
2 1 959 1 1919
2 1 1918 1 2238
2 1 958 1 2238
2 1 958 1 1918
2 1 1085 1 2045
2 1 765 1 1085
2 1 765 1 2045
2 1 1084 1 2044
2 1 763 1 1083
2 1 1916 1 2236
2 1 956 1 1916
2 1 956 1 2236
2 1 762 1 1082
2 1 955 1 2235
2 1 955 1 1915
2 1 1915 1 2235
2 1 954 1 1914
2 1 761 1 1081
2 1 1785 1 2105
2 1 953 1 2233
2 1 953 1 1913
2 1 1913 1 2233
2 1 1080 1 2040
2 1 760 1 2040
2 1 760 1 1080
2 1 952 1 1912
2 1 1912 1 2232
2 1 952 1 2232
2 1 1911 1 2231
2 1 951 1 2231
2 1 951 1 1911
2 1 758 1 1078
2 1 1782 1 2102
2 1 950 1 1910
2 1 950 1 2230
2 1 1910 1 2230
2 1 1077 1 2037
2 1 757 1 1077
2 1 757 1 2037
2 1 1076 1 2036
2 1 756 1 1076
2 1 756 1 2036
2 1 949 1 1909
2 1 1909 1 2229
2 1 949 1 2229
2 1 1460 1 2100
2 1 948 1 1908
2 1 1330 1 1650
2 1 1010 1 1330
2 1 1010 1 1650
2 1 754 1 1074
2 1 947 1 1907
2 1 753 1 1073
2 1 1073 1 2033
2 1 753 1 2033
2 1 945 1 1905
2 1 1905 1 2225
2 1 945 1 2225
2 1 1777 1 2097
2 1 1457 1 1777
2 1 1457 1 2097
2 1 1200 1 1520
2 1 1007 1 1647
2 1 1327 1 1647
2 1 1007 1 1327
2 1 1071 1 2031
2 1 944 1 2224
2 1 1904 1 2224
2 1 944 1 1904
2 1 750 1 2030
2 1 1198 1 1518
2 1 878 1 1198
2 1 878 1 1518
2 1 1005 1 1325
2 1 1325 1 1645
2 1 1005 1 1645
2 1 877 1 1517
2 1 877 1 1197
2 1 1197 1 1517
2 1 1323 1 1643
2 1 876 1 1196
2 1 1900 1 2220
2 1 747 1 1067
2 1 1067 1 2027
2 1 747 1 2027
2 1 746 1 1066
2 1 938 1 2218
2 1 1065 1 2025
2 1 745 1 1065
2 1 745 1 2025
2 1 937 1 2217
2 1 937 1 1897
2 1 1897 1 2217
2 1 936 1 1896
2 1 743 1 2023
2 1 871 1 1511
2 1 1895 1 2215
2 1 742 1 2022
2 1 1062 1 2022
2 1 742 1 1062
2 1 1446 1 2086
2 1 741 1 2021
2 1 1061 1 2021
2 1 741 1 1061
2 1 1060 1 2020
2 1 933 1 1893
2 1 932 1 2212
2 1 739 1 2019
2 1 1891 1 2211
2 1 931 1 2211
2 1 931 1 1891
2 1 1314 1 1634
2 1 994 1 1634
2 1 994 1 1314
2 1 1763 1 2083
2 1 1443 1 1763
2 1 1443 1 2083
2 1 867 1 1187
2 1 1058 1 2018
2 1 738 1 1058
2 1 738 1 2018
2 1 1442 1 1762
2 1 1057 1 2017
2 1 1890 1 2210
2 1 1441 1 2081
2 1 929 1 2209
2 1 1056 1 2016
2 1 1055 1 2015
2 1 928 1 1888
2 1 927 1 1887
2 1 1887 1 2207
2 1 927 1 2207
2 1 734 1 2014
2 1 1309 1 1629
2 1 1438 1 1758
2 1 732 1 1052
2 1 1885 1 2205
2 1 1884 1 2204
2 1 924 1 2204
2 1 924 1 1884
2 1 1306 1 1626
2 1 859 1 1179
2 1 923 1 2203
2 1 1883 1 2203
2 1 923 1 1883
2 1 730 1 2010
2 1 1050 1 2010
2 1 730 1 1050
2 1 1882 1 2202
2 1 729 1 2009
2 1 729 1 1049
2 1 1049 1 2009
2 1 921 1 1881
2 1 1303 1 1623
2 1 1752 1 2072
2 1 1880 1 2200
2 1 920 1 2200
2 1 920 1 1880
2 1 727 1 2007
2 1 1047 1 2007
2 1 727 1 1047
2 1 726 1 2006
2 1 1046 1 2006
2 1 726 1 1046
2 1 1879 1 2199
2 1 918 1 1878
2 1 918 1 2198
2 1 1878 1 2198
2 1 725 1 1045
2 1 917 1 1877
2 1 1749 1 2069
2 1 1429 1 1749
2 1 1429 1 2069
2 1 979 1 1619
2 1 1299 1 1619
2 1 979 1 1299
2 1 1043 1 2003
2 1 723 1 2003
2 1 723 1 1043
2 1 916 1 2196
2 1 916 1 1876
2 1 1876 1 2196
2 1 1875 1 2195
2 1 1042 1 2002
2 1 914 1 2194
2 1 914 1 1874
2 1 1874 1 2194
2 1 1426 1 2066
2 1 1040 1 2000
2 1 912 1 2192
2 1 719 1 1999
2 1 911 1 2191
2 1 847 1 1167
2 1 847 1 1487
2 1 1167 1 1487
2 1 718 1 1038
2 1 1294 1 1614
2 1 974 1 1614
2 1 974 1 1294
2 1 909 1 2189
2 1 909 1 1869
2 1 1869 1 2189
2 1 845 1 1485
2 1 972 1 1292
2 1 1292 1 1612
2 1 972 1 1612
2 1 1163 1 1483
2 1 843 1 1483
2 1 843 1 1163
2 1 1867 1 2187
2 1 907 1 1867
2 1 907 1 2187
2 1 714 1 1994
2 1 842 1 1482
2 1 841 1 1161
2 1 841 1 1481
2 1 1161 1 1481
2 1 1288 1 1608
2 1 1032 1 1992
2 1 712 1 1992
2 1 712 1 1032
2 1 711 1 1991
2 1 903 1 1863
2 1 903 1 2183
2 1 1863 1 2183
2 1 1286 1 1606
2 1 966 1 1606
2 1 966 1 1286
2 1 839 1 1159
2 1 838 1 1158
2 1 838 1 1478
2 1 1158 1 1478
2 1 709 1 1989
2 1 1029 1 1989
2 1 709 1 1029
2 1 1413 1 1733
2 1 708 1 1988
2 1 1027 1 1987
2 1 1283 1 1603
2 1 963 1 1283
2 1 963 1 1603
2 1 1412 1 2052
2 1 900 1 2180
2 1 900 1 1860
2 1 1860 1 2180
2 1 706 1 1986
2 1 1281 1 1601
2 1 1025 1 1985
2 1 705 1 1025
2 1 705 1 1985
2 1 704 1 1024
2 1 1024 1 1984
2 1 704 1 1984
3 1 550 1 810 1 2090
3 1 625 1 917 1 1237
3 1 341 1 734 1 1374
3 1 623 1 1235 1 2195
3 1 498 1 1307 1 1947
3 1 325 1 718 1 1358
3 1 356 1 749 1 1389
3 1 498 1 987 1 1947
3 1 325 1 1038 1 1358
3 1 447 1 856 1 1816
3 1 561 1 821 1 2101
3 1 412 1 1781 1 2101
3 1 498 1 1627 1 1947
3 1 593 1 1269 1 2229
3 1 554 1 814 1 2094
3 1 586 1 942 1 1262
3 1 487 1 976 1 1936
3 1 415 1 1528 1 1848
3 1 453 1 942 1 2222
3 1 571 1 831 1 1791
3 1 571 1 831 1 1471
3 1 571 1 831 1 2111
3 1 630 1 1242 1 2202
3 1 497 1 1306 1 1946
3 1 519 1 779 1 2059
3 1 619 1 1231 1 2191
3 1 406 1 1775 1 2095
3 1 461 1 1334 1 1974
3 1 580 1 872 1 1192
3 1 491 1 1620 1 1940
3 1 526 1 722 1 1042
3 1 468 1 1341 1 1981
3 1 428 1 837 1 1797
3 1 428 1 1477 1 1797
3 1 633 1 1245 1 1885
3 1 469 1 1342 1 1982
3 1 341 1 1374 1 2014
3 1 465 1 1338 1 1978
3 1 619 1 911 1 1231
3 1 486 1 975 1 1935
3 1 558 1 818 1 2098
3 1 371 1 1084 1 1404
3 1 326 1 1295 1 1615
3 1 489 1 1618 1 1938
3 1 635 1 1247 1 2207
3 1 376 1 1025 1 1345
3 1 462 1 1655 1 1975
3 1 357 1 1390 1 2030
3 1 415 1 1208 1 1848
3 1 563 1 823 1 1783
3 1 563 1 823 1 1463
3 1 629 1 1177 1 1497
3 1 497 1 1626 1 1946
3 1 558 1 818 1 1778
3 1 504 1 993 1 1953
3 1 550 1 810 1 1770
3 1 570 1 830 1 2110
3 1 421 1 1790 1 2110
3 1 551 1 811 1 1771
3 1 551 1 811 1 2091
3 1 563 1 823 1 2103
3 1 555 1 815 1 2095
3 1 527 1 787 1 1747
3 1 434 1 1739 1 2059
3 1 405 1 1774 1 2094
3 1 551 1 811 1 1451
3 1 363 1 756 1 1396
3 1 530 1 790 1 1430
3 1 524 1 784 1 1424
3 1 510 1 1319 1 1959
3 1 630 1 1242 1 1882
3 1 352 1 1065 1 1385
3 1 384 1 1497 1 1817
3 1 545 1 805 1 2085
3 1 635 1 863 1 1183
3 1 622 1 1234 1 1874
3 1 593 1 1269 1 1909
3 1 545 1 805 1 1445
3 1 566 1 826 1 2106
3 1 491 1 980 1 1940
3 1 461 1 1654 1 1974
3 1 477 1 1862 1 2182
3 1 567 1 827 1 1467
3 1 610 1 1222 1 1862
3 1 564 1 824 1 1784
3 1 524 1 784 1 1744
3 1 566 1 826 1 1466
3 1 333 1 726 1 1366
3 1 567 1 827 1 2107
3 1 392 1 1761 1 2081
3 1 418 1 1787 1 2107
3 1 524 1 784 1 2064
3 1 545 1 805 1 1765
3 1 553 1 813 1 1773
3 1 566 1 826 1 1786
3 1 418 1 1467 1 1787
3 1 635 1 1247 1 1887
3 1 475 1 964 1 1924
3 1 321 1 714 1 1354
3 1 357 1 750 1 1390
3 1 514 1 774 1 2054
3 1 486 1 1615 1 1935
3 1 537 1 797 1 1437
3 1 514 1 774 1 1414
3 1 632 1 1244 1 1884
3 1 537 1 797 1 2077
3 1 430 1 1159 1 1799
3 1 534 1 794 1 2074
3 1 603 1 1279 1 1919
3 1 467 1 1340 1 1980
3 1 378 1 1347 1 1987
3 1 326 1 975 1 1295
3 1 537 1 797 1 1757
3 1 391 1 1504 1 1824
3 1 391 1 1184 1 1824
3 1 451 1 1004 1 1964
3 1 614 1 1162 1 1482
3 1 565 1 825 1 2105
3 1 331 1 980 1 1300
3 1 450 1 1643 1 1963
3 1 403 1 876 1 1836
3 1 467 1 1660 1 1980
3 1 618 1 1230 1 1870
3 1 523 1 783 1 2063
3 1 588 1 1264 1 2224
3 1 514 1 710 1 1990
3 1 552 1 812 1 1772
3 1 414 1 1207 1 1847
3 1 398 1 871 1 1831
3 1 382 1 1351 1 1991
3 1 426 1 1475 1 1795
3 1 387 1 1500 1 1820
3 1 408 1 1521 1 1841
3 1 383 1 1352 1 1992
3 1 359 1 1328 1 1648
3 1 525 1 785 1 2065
3 1 503 1 1632 1 1952
3 1 329 1 1362 1 2002
3 1 620 1 1232 1 2192
3 1 465 1 954 1 2234
3 1 576 1 1188 1 1508
3 1 574 1 770 1 1410
3 1 541 1 801 1 1441
3 1 635 1 927 1 1247
