618 2240
2 1 1787 1 2107
2 1 1785 1 2105
2 1 1465 1 1785
2 1 1465 1 2105
2 1 1782 1 2102
2 1 1460 1 2100
2 1 1779 1 2099
2 1 1777 1 2097
2 1 1776 1 2096
2 1 1775 1 2095
2 1 1455 1 1775
2 1 1455 1 2095
2 1 1454 1 1774
2 1 1454 1 2094
2 1 1774 1 2094
2 1 1773 1 2093
2 1 1453 1 2093
2 1 1453 1 1773
2 1 1450 1 2090
2 1 1770 1 2090
2 1 1450 1 1770
2 1 1769 1 2089
2 1 1449 1 2089
2 1 1449 1 1769
2 1 1764 1 2084
2 1 1738 1 2058
2 1 1423 1 2063
2 1 1736 1 2056
2 1 1423 1 1743
2 1 1422 1 2062
2 1 1742 1 2062
2 1 1422 1 1742
2 1 1743 1 2063
2 1 1416 1 1736
2 1 1416 1 2056
2 1 1731 1 2051
2 1 1288 1 1608
2 1 1411 1 1731
2 1 968 1 1288
2 1 968 1 1608
2 1 1411 1 2051
2 1 963 1 1603
2 1 1022 1 1662
2 1 1022 1 1342
2 1 1342 1 1662
2 1 1340 1 1660
2 1 1468 1 1788
2 1 1019 1 1659
2 1 1019 1 1339
2 1 1339 1 1659
2 1 1018 1 1338
2 1 1017 1 1657
2 1 1016 1 1336
2 1 1336 1 1656
2 1 1016 1 1656
2 1 1335 1 1655
2 1 1014 1 1654
2 1 1334 1 1654
2 1 1014 1 1334
2 1 1013 1 1653
2 1 1012 1 1652
2 1 1010 1 1650
2 1 1007 1 1327
2 1 1324 1 1644
2 1 1002 1 1322
2 1 997 1 1637
2 1 1441 1 1761
2 1 986 1 1306
2 1 1446 1 1766
2 1 992 1 1632
2 1 987 1 1307
2 1 1305 1 1625
2 1 1155 1 1475
2 1 1154 1 1474
2 1 1728 1 2048
2 1 986 1 1626
2 1 834 1 1154
2 1 834 1 1474
2 1 961 1 1601
2 1 961 1 1281
2 1 989 1 1309
2 1 1281 1 1601
2 1 1790 1 2110
2 1 893 1 1533
2 1 893 1 1213
2 1 1213 1 1533
2 1 891 1 1211
2 1 1206 1 1526
2 1 895 1 1535
2 1 1306 1 1626
2 1 890 1 1210
2 1 888 1 1528
2 1 885 1 1525
2 1 1215 1 1535
2 1 895 1 1215
2 1 1210 1 1530
2 1 890 1 1530
2 1 884 1 1204
2 1 1203 1 1523
2 1 883 1 1203
2 1 883 1 1523
2 1 1011 1 1331
2 1 880 1 1520
2 1 879 1 1519
2 1 1199 1 1519
2 1 879 1 1199
2 1 1198 1 1518
2 1 878 1 1518
2 1 878 1 1198
2 1 1197 1 1517
2 1 877 1 1517
2 1 877 1 1197
2 1 1452 1 2092
2 1 1772 1 2092
2 1 1452 1 1772
2 1 875 1 1515
2 1 1193 1 1513
2 1 873 1 1193
2 1 873 1 1513
2 1 1001 1 1321
2 1 868 1 1188
2 1 1448 1 1768
2 1 1443 1 2083
2 1 866 1 1506
2 1 866 1 1186
2 1 1186 1 1506
2 1 1313 1 1633
2 1 863 1 1183
2 1 1182 1 1502
2 1 1757 1 2077
2 1 1437 1 1757
2 1 1437 1 2077
2 1 860 1 1500
2 1 1180 1 1500
2 1 860 1 1180
2 1 1175 1 1495
2 1 858 1 1178
2 1 855 1 1175
2 1 855 1 1495
2 1 1303 1 1623
2 1 1430 1 1750
2 1 852 1 1172
2 1 980 1 1300
2 1 1300 1 1620
2 1 980 1 1620
2 1 1299 1 1619
2 1 979 1 1619
2 1 979 1 1299
2 1 1744 1 2064
2 1 853 1 1173
2 1 847 1 1167
2 1 1167 1 1487
2 1 847 1 1487
2 1 846 1 1166
2 1 846 1 1486
2 1 1166 1 1486
2 1 1294 1 1614
2 1 973 1 1613
2 1 973 1 1293
2 1 1293 1 1613
2 1 1739 1 2059
2 1 1162 1 1482
2 1 842 1 1482
2 1 842 1 1162
2 1 841 1 1481
2 1 839 1 1479
2 1 1414 1 2054
2 1 1160 1 1480
2 1 1287 1 1607
2 1 1734 1 2054
2 1 1414 1 1734
2 1 1156 1 1476
2 1 1343 1 1663
2 1 1919 1 2239
2 1 1471 1 2111
2 1 766 1 2046
2 1 1214 1 1534
2 1 765 1 2045
2 1 765 1 1085
2 1 1085 1 2045
2 1 1917 1 2237
2 1 1084 1 2044
2 1 764 1 1084
2 1 764 1 2044
2 1 1083 1 2043
2 1 763 1 1083
2 1 763 1 2043
2 1 956 1 1916
2 1 955 1 2235
2 1 1915 1 2235
2 1 955 1 1915
2 1 762 1 1082
2 1 954 1 2234
2 1 954 1 1914
2 1 1914 1 2234
2 1 761 1 1081
2 1 761 1 2041
2 1 1081 1 2041
2 1 760 1 2040
2 1 760 1 1080
2 1 1080 1 2040
2 1 953 1 2233
2 1 953 1 1913
2 1 1913 1 2233
2 1 952 1 2232
2 1 952 1 1912
2 1 1912 1 2232
2 1 759 1 1079
2 1 1463 1 2103
2 1 758 1 1078
2 1 951 1 2231
2 1 1077 1 2037
2 1 950 1 1910
2 1 949 1 2229
2 1 1909 1 2229
2 1 949 1 1909
2 1 756 1 1076
2 1 948 1 1908
2 1 755 1 1075
2 1 1075 1 2035
2 1 755 1 2035
2 1 946 1 2226
2 1 1906 1 2226
2 1 946 1 1906
2 1 1009 1 1329
2 1 1009 1 1649
2 1 1329 1 1649
2 1 882 1 1202
2 1 1202 1 1522
2 1 882 1 1522
2 1 1458 1 1778
2 1 1072 1 2032
2 1 1905 1 2225
2 1 1904 1 2224
2 1 944 1 1904
2 1 944 1 2224
2 1 751 1 1071
2 1 943 1 1903
2 1 943 1 2223
2 1 1903 1 2223
2 1 1070 1 2030
2 1 942 1 2222
2 1 749 1 1069
2 1 749 1 2029
2 1 1069 1 2029
2 1 1901 1 2221
2 1 941 1 2221
2 1 941 1 1901
2 1 940 1 2220
2 1 940 1 1900
2 1 1900 1 2220
2 1 1323 1 1643
2 1 1003 1 1643
2 1 1003 1 1323
2 1 876 1 1196
2 1 1196 1 1516
2 1 876 1 1516
2 1 747 1 1067
2 1 938 1 2218
2 1 937 1 1897
2 1 1897 1 2217
2 1 937 1 2217
2 1 744 1 2024
2 1 1319 1 1639
2 1 872 1 1512
2 1 936 1 2216
2 1 743 1 2023
2 1 1895 1 2215
2 1 1447 1 1767
2 1 871 1 1191
2 1 742 1 1062
2 1 1062 1 2022
2 1 742 1 2022
2 1 1318 1 1638
2 1 998 1 1638
2 1 998 1 1318
2 1 741 1 2021
2 1 869 1 1189
2 1 933 1 2213
2 1 1316 1 1636
2 1 739 1 2019
2 1 931 1 2211
2 1 994 1 1314
2 1 867 1 1507
2 1 738 1 2018
2 1 1058 1 2018
2 1 738 1 1058
2 1 736 1 2016
2 1 929 1 1889
2 1 1311 1 1631
2 1 864 1 1184
2 1 928 1 2208
2 1 1439 1 2079
2 1 1759 1 2079
2 1 1439 1 1759
2 1 734 1 2014
2 1 1054 1 2014
2 1 734 1 1054
2 1 1438 1 2078
2 1 1758 1 2078
2 1 1438 1 1758
2 1 926 1 2206
2 1 1308 1 1628
2 1 1181 1 1501
2 1 925 1 2205
2 1 1756 1 2076
2 1 1436 1 1756
2 1 1436 1 2076
2 1 1884 1 2204
2 1 731 1 1051
2 1 731 1 2011
2 1 1051 1 2011
2 1 923 1 1883
2 1 923 1 2203
2 1 1883 1 2203
2 1 1434 1 1754
2 1 922 1 2202
2 1 922 1 1882
2 1 1882 1 2202
2 1 729 1 1049
2 1 1753 1 2073
2 1 1433 1 1753
2 1 1433 1 2073
2 1 1048 1 2008
2 1 728 1 1048
2 1 728 1 2008
2 1 921 1 2201
2 1 1881 1 2201
2 1 921 1 1881
2 1 727 1 1047
2 1 920 1 2200
2 1 1751 1 2071
2 1 919 1 1879
2 1 726 1 2006
2 1 981 1 1621
2 1 1174 1 1494
2 1 725 1 1045
2 1 1878 1 2198
2 1 918 1 1878
2 1 918 1 2198
2 1 1044 1 2004
2 1 1428 1 2068
2 1 916 1 2196
2 1 1876 1 2196
2 1 916 1 1876
2 1 723 1 2003
2 1 1171 1 1491
2 1 978 1 1618
2 1 978 1 1298
2 1 1298 1 1618
2 1 1746 1 2066
2 1 1297 1 1617
2 1 1296 1 1616
2 1 976 1 1616
2 1 976 1 1296
2 1 1425 1 2065
2 1 1169 1 1489
2 1 975 1 1295
2 1 1168 1 1488
2 1 719 1 1039
2 1 1871 1 2191
2 1 718 1 1038
2 1 1038 1 1998
2 1 718 1 1998
2 1 910 1 2190
2 1 717 1 1997
2 1 845 1 1485
2 1 845 1 1165
2 1 1165 1 1485
2 1 909 1 2189
2 1 1292 1 1612
2 1 716 1 1996
2 1 1291 1 1611
2 1 971 1 1291
2 1 971 1 1611
2 1 844 1 1484
2 1 844 1 1164
2 1 1164 1 1484
2 1 715 1 1995
2 1 1163 1 1483
2 1 1290 1 1610
2 1 714 1 1034
2 1 1866 1 2186
2 1 1033 1 1993
2 1 713 1 1033
2 1 713 1 1993
2 1 905 1 2185
2 1 1417 1 1737
2 1 1417 1 2057
2 1 1737 1 2057
2 1 712 1 1032
2 1 1032 1 1992
2 1 712 1 1992
2 1 711 1 1991
2 1 1031 1 1991
2 1 711 1 1031
2 1 1864 1 2184
2 1 904 1 1864
2 1 904 1 2184
2 1 903 1 1863
2 1 903 1 2183
2 1 1863 1 2183
2 1 710 1 1990
2 1 965 1 1285
2 1 709 1 1989
2 1 1733 1 2053
2 1 837 1 1157
2 1 837 1 1477
2 1 1157 1 1477
2 1 1861 1 2181
2 1 708 1 1028
2 1 708 1 1988
2 1 1028 1 1988
2 1 1412 1 2052
2 1 707 1 1027
2 1 1026 1 1986
2 1 898 1 2178
2 1 1858 1 2178
2 1 898 1 1858
2 1 705 1 1985
2 1 960 1 1280
2 1 1153 1 1473
2 1 1409 1 1729
2 1 1856 1 2176
2 1 897 1 1857
3 1 559 1 819 1 2099
3 1 559 1 819 1 1779
3 1 459 1 1012 1 1972
3 1 616 1 1228 1 1868
3 1 349 1 1382 1 2022
3 1 483 1 1868 1 2188
3 1 458 1 947 1 2227
3 1 591 1 947 1 1267
3 1 534 1 730 1 1050
3 1 603 1 1279 1 2239
3 1 590 1 946 1 1266
3 1 459 1 1652 1 1972
3 1 476 1 1285 1 1925
3 1 325 1 718 1 1358
3 1 579 1 1255 1 2215
3 1 498 1 1307 1 1947
3 1 363 1 1012 1 1332
3 1 579 1 1255 1 1895
3 1 394 1 1443 1 1763
3 1 394 1 1763 1 2083
3 1 590 1 1266 1 2226
3 1 364 1 1397 1 2037
3 1 555 1 815 1 2095
3 1 543 1 803 1 1443
3 1 596 1 1272 1 1912
3 1 476 1 965 1 1925
3 1 590 1 1266 1 1906
3 1 517 1 777 1 1417
3 1 337 1 1050 1 1370
3 1 636 1 928 1 1248
3 1 323 1 716 1 1356
3 1 543 1 803 1 2083
3 1 363 1 1332 1 1652
3 1 504 1 929 1 2209
3 1 639 1 1187 1 1507
3 1 567 1 827 1 2107
3 1 577 1 933 1 1253
3 1 399 1 1512 1 1832
3 1 509 1 1318 1 1958
3 1 613 1 1225 1 2185
3 1 411 1 1460 1 1780
3 1 638 1 1250 1 1890
3 1 411 1 884 1 1844
3 1 593 1 949 1 1269
3 1 360 1 1073 1 1393
3 1 539 1 735 1 1055
3 1 619 1 1231 1 1871
3 1 497 1 1626 1 1946
3 1 327 1 720 1 1360
3 1 409 1 1522 1 1842
3 1 336 1 729 1 1369
3 1 323 1 1356 1 1996
3 1 637 1 1249 1 1889
3 1 454 1 1007 1 1967
3 1 409 1 882 1 1842
3 1 343 1 1376 1 2016
3 1 339 1 1052 1 1372
3 1 424 1 1473 1 1793
3 1 553 1 813 1 2093
3 1 431 1 1160 1 1800
3 1 562 1 822 1 2102
3 1 505 1 1890 1 2210
3 1 322 1 715 1 1355
3 1 507 1 1892 1 2212
3 1 436 1 1741 1 2061
3 1 510 1 1319 1 1959
3 1 409 1 1202 1 1842
3 1 363 1 1076 1 1396
3 1 467 1 956 1 2236
3 1 458 1 1011 1 1971
3 1 593 1 1205 1 1525
3 1 532 1 792 1 2072
3 1 509 1 998 1 1958
3 1 467 1 1340 1 1980
3 1 398 1 871 1 1831
3 1 431 1 1480 1 1800
3 1 345 1 1058 1 1378
3 1 576 1 1252 1 1892
3 1 558 1 818 1 1458
3 1 418 1 1211 1 1851
3 1 406 1 1519 1 1839
3 1 403 1 876 1 1836
3 1 458 1 1331 1 1971
3 1 418 1 891 1 1851
3 1 565 1 825 1 1465
3 1 521 1 781 1 2061
3 1 565 1 825 1 1785
3 1 544 1 804 1 1764
3 1 580 1 872 1 1192
3 1 565 1 825 1 2105
3 1 554 1 814 1 2094
3 1 562 1 822 1 1782
3 1 560 1 820 1 2100
3 1 554 1 814 1 1774
3 1 553 1 813 1 1773
3 1 567 1 827 1 1787
3 1 557 1 817 1 2097
3 1 557 1 817 1 1777
3 1 447 1 1752 1 2072
3 1 554 1 814 1 1454
3 1 574 1 770 1 2050
3 1 606 1 1218 1 2178
3 1 553 1 813 1 1453
3 1 606 1 898 1 1218
3 1 411 1 1780 1 2100
3 1 539 1 799 1 1759
3 1 560 1 820 1 1460
3 1 557 1 753 1 1073
3 1 550 1 810 1 1450
3 1 550 1 810 1 1770
3 1 603 1 1279 1 1919
3 1 546 1 806 1 1766
3 1 606 1 1218 1 1858
3 1 556 1 816 1 2096
3 1 556 1 816 1 1776
3 1 463 1 1016 1 1976
3 1 555 1 815 1 1775
3 1 512 1 772 1 1412
3 1 555 1 815 1 1455
3 1 571 1 831 1 2111
3 1 550 1 810 1 2090
3 1 454 1 1327 1 1967
3 1 549 1 809 1 2089
3 1 361 1 1010 1 1330
3 1 538 1 798 1 2078
3 1 361 1 1330 1 1650
3 1 549 1 809 1 1769
3 1 457 1 1010 1 1970
3 1 349 1 742 1 1382
3 1 425 1 1730 1 2050
3 1 571 1 831 1 1471
3 1 457 1 1650 1 1970
3 1 346 1 739 1 1379
3 1 399 1 872 1 1832
3 1 455 1 1328 1 1968
3 1 354 1 747 1 1387
3 1 373 1 766 1 1406
3 1 463 1 1336 1 1976
3 1 549 1 809 1 1449
3 1 481 1 1290 1 1930
3 1 561 1 821 1 1461
3 1 354 1 1067 1 1387
3 1 589 1 1265 1 2225
3 1 544 1 804 1 2084
3 1 424 1 1153 1 1793
3 1 412 1 1461 1 1781
3 1 481 1 1610 1 1930
3 1 330 1 1363 1 2003
3 1 639 1 867 1 1187
3 1 548 1 808 1 1448
3 1 516 1 776 1 1736
3 1 422 1 1791 1 2111
3 1 548 1 808 1 1768
3 1 513 1 773 1 2053
3 1 362 1 755 1 1395
3 1 422 1 1471 1 1791
3 1 330 1 723 1 1363
3 1 462 1 1335 1 1975
3 1 580 1 936 1 1256
3 1 451 1 1644 1 1964
3 1 617 1 909 1 1229
3 1 631 1 923 1 1243
3 1 614 1 1226 1 2186
3 1 351 1 744 1 1384
3 1 544 1 740 1 1060
3 1 546 1 806 1 1446
3 1 539 1 799 1 1439
3 1 467 1 1660 1 1980
3 1 605 1 897 1 1217
3 1 368 1 1017 1 1337
3 1 435 1 1740 1 2060
3 1 507 1 1636 1 1956
3 1 340 1 733 1 1373
3 1 472 1 961 1 1921
3 1 621 1 1233 1 2193
3 1 504 1 1633 1 1953
3 1 613 1 905 1 1225
3 1 542 1 802 1 1442
3 1 480 1 1289 1 1929
3 1 504 1 1889 1 2209
3 1 586 1 942 1 1262
3 1 538 1 798 1 1758
3 1 605 1 1217 1 1857
3 1 347 1 1060 1 1380
3 1 351 1 1000 1 1320
3 1 387 1 1180 1 1820
3 1 341 1 1054 1 1374
3 1 363 1 756 1 1396
3 1 464 1 1657 1 1977
3 1 376 1 1345 1 1985
3 1 328 1 1361 1 2001
3 1 558 1 818 1 1778
3 1 378 1 1027 1 1347
