666 2240
2 1 1782 1 2102
2 1 1462 1 2102
2 1 1462 1 1782
2 1 1777 1 2097
2 1 1771 1 2091
2 1 1765 1 2085
2 1 1444 1 2084
2 1 1759 1 2079
2 1 1432 1 2072
2 1 1752 1 2072
2 1 1432 1 1752
2 1 1751 1 2071
2 1 1429 1 1749
2 1 1749 1 2069
2 1 1429 1 2069
2 1 1424 1 1744
2 1 1424 1 2064
2 1 1744 1 2064
2 1 1418 1 2058
2 1 1736 1 2056
2 1 1423 1 1743
2 1 1423 1 2063
2 1 1743 1 2063
2 1 1416 1 1736
2 1 1416 1 2056
2 1 1281 1 1601
2 1 1019 1 1339
2 1 1339 1 1659
2 1 1340 1 1660
2 1 1019 1 1659
2 1 1338 1 1658
2 1 1017 1 1337
2 1 1017 1 1657
2 1 1337 1 1657
2 1 1335 1 1655
2 1 1014 1 1334
2 1 1014 1 1654
2 1 1334 1 1654
2 1 1330 1 1650
2 1 1329 1 1649
2 1 1317 1 1637
2 1 997 1 1317
2 1 997 1 1637
2 1 1443 1 1763
2 1 1442 1 1762
2 1 1441 1 1761
2 1 992 1 1632
2 1 993 1 1313
2 1 1440 1 1760
2 1 991 1 1311
2 1 1311 1 1631
2 1 991 1 1631
2 1 1434 1 1754
2 1 989 1 1629
2 1 1305 1 1625
2 1 1304 1 1624
2 1 1436 1 1756
2 1 984 1 1624
2 1 984 1 1304
2 1 1303 1 1623
2 1 983 1 1303
2 1 983 1 1623
2 1 982 1 1622
2 1 980 1 1620
2 1 980 1 1300
2 1 1300 1 1620
2 1 979 1 1299
2 1 979 1 1619
2 1 981 1 1621
2 1 1299 1 1619
2 1 1427 1 1747
2 1 1282 1 1602
2 1 962 1 1282
2 1 962 1 1602
2 1 1343 1 1663
2 1 893 1 1213
2 1 892 1 1212
2 1 1208 1 1528
2 1 1209 1 1529
2 1 977 1 1297
2 1 1210 1 1530
2 1 1207 1 1527
2 1 1780 1 2100
2 1 885 1 1525
2 1 885 1 1205
2 1 1205 1 1525
2 1 1013 1 1333
2 1 1333 1 1653
2 1 1013 1 1653
2 1 1012 1 1652
2 1 1012 1 1332
2 1 1332 1 1652
2 1 1201 1 1521
2 1 1203 1 1523
2 1 883 1 1203
2 1 880 1 1520
2 1 1202 1 1522
2 1 1455 1 2095
2 1 1301 1 1621
2 1 1008 1 1328
2 1 1008 1 1648
2 1 1328 1 1648
2 1 883 1 1523
2 1 1774 1 2094
2 1 1327 1 1647
2 1 1007 1 1327
2 1 1007 1 1647
2 1 1450 1 1770
2 1 1770 1 2090
2 1 1450 1 2090
2 1 1449 1 2089
2 1 1002 1 1322
2 1 1448 1 2088
2 1 1447 1 2087
2 1 1447 1 1767
2 1 1767 1 2087
2 1 1768 1 2088
2 1 870 1 1510
2 1 868 1 1508
2 1 868 1 1188
2 1 1188 1 1508
2 1 867 1 1507
2 1 866 1 1186
2 1 863 1 1183
2 1 862 1 1502
2 1 1181 1 1501
2 1 1180 1 1500
2 1 988 1 1308
2 1 1435 1 1755
2 1 858 1 1178
2 1 855 1 1495
2 1 855 1 1175
2 1 1175 1 1495
2 1 854 1 1494
2 1 1174 1 1494
2 1 854 1 1174
2 1 981 1 1301
2 1 853 1 1173
2 1 852 1 1492
2 1 1172 1 1492
2 1 852 1 1172
2 1 850 1 1170
2 1 1425 1 2065
2 1 1425 1 1745
2 1 1745 1 2065
2 1 978 1 1298
2 1 1298 1 1618
2 1 978 1 1618
2 1 848 1 1488
2 1 1168 1 1488
2 1 848 1 1168
2 1 847 1 1487
2 1 1167 1 1487
2 1 847 1 1167
2 1 1742 1 2062
2 1 1422 1 2062
2 1 1422 1 1742
2 1 975 1 1615
2 1 1295 1 1615
2 1 975 1 1295
2 1 1741 1 2061
2 1 1420 1 2060
2 1 1739 1 2059
2 1 1419 1 1739
2 1 1419 1 2059
2 1 842 1 1482
2 1 1162 1 1482
2 1 842 1 1162
2 1 841 1 1481
2 1 841 1 1161
2 1 1161 1 1481
2 1 1288 1 1608
2 1 1414 1 2054
2 1 967 1 1287
2 1 1728 1 2048
2 1 767 1 2047
2 1 1215 1 1535
2 1 959 1 2239
2 1 1341 1 1661
2 1 765 1 1085
2 1 1085 1 2045
2 1 765 1 2045
2 1 1917 1 2237
2 1 764 1 1084
2 1 764 1 2044
2 1 1084 1 2044
2 1 956 1 1916
2 1 1083 1 2043
2 1 763 1 1083
2 1 763 1 2043
2 1 1467 1 2107
2 1 1787 1 2107
2 1 1467 1 1787
2 1 1082 1 2042
2 1 955 1 1915
2 1 761 1 2041
2 1 1081 1 2041
2 1 761 1 1081
2 1 954 1 1914
2 1 1914 1 2234
2 1 954 1 2234
2 1 1785 1 2105
2 1 760 1 2040
2 1 1080 1 2040
2 1 760 1 1080
2 1 1784 1 2104
2 1 759 1 2039
2 1 1079 1 2039
2 1 759 1 1079
2 1 952 1 2232
2 1 1783 1 2103
2 1 1463 1 2103
2 1 1463 1 1783
2 1 758 1 1078
2 1 1911 1 2231
2 1 951 1 1911
2 1 951 1 2231
2 1 757 1 1077
2 1 1910 1 2230
2 1 950 1 2230
2 1 950 1 1910
2 1 949 1 1909
2 1 1909 1 2229
2 1 949 1 2229
2 1 756 1 2036
2 1 1011 1 1651
2 1 1204 1 1524
2 1 1075 1 2035
2 1 755 1 1075
2 1 755 1 2035
2 1 948 1 1908
2 1 1779 1 2099
2 1 1907 1 2227
2 1 754 1 1074
2 1 754 1 2034
2 1 1074 1 2034
2 1 1778 1 2098
2 1 753 1 1073
2 1 946 1 2226
2 1 945 1 2225
2 1 1905 1 2225
2 1 945 1 1905
2 1 752 1 1072
2 1 1072 1 2032
2 1 752 1 2032
2 1 1904 1 2224
2 1 944 1 2224
2 1 944 1 1904
2 1 943 1 2223
2 1 1903 1 2223
2 1 943 1 1903
2 1 879 1 1199
2 1 750 1 2030
2 1 1006 1 1326
2 1 878 1 1518
2 1 1005 1 1645
2 1 749 1 2029
2 1 1901 1 2221
2 1 1004 1 1644
2 1 1324 1 1644
2 1 1004 1 1324
2 1 1453 1 2093
2 1 1197 1 1517
2 1 877 1 1197
2 1 877 1 1517
2 1 1772 1 2092
2 1 1196 1 1516
2 1 747 1 2027
2 1 1067 1 2027
2 1 747 1 1067
2 1 746 1 2026
2 1 1899 1 2219
2 1 938 1 2218
2 1 874 1 1514
2 1 1001 1 1321
2 1 1193 1 1513
2 1 873 1 1193
2 1 873 1 1513
2 1 744 1 2024
2 1 1448 1 1768
2 1 999 1 1639
2 1 872 1 1512
2 1 872 1 1192
2 1 1192 1 1512
2 1 1895 1 2215
2 1 1318 1 1638
2 1 998 1 1638
2 1 998 1 1318
2 1 871 1 1511
2 1 742 1 2022
2 1 1062 1 2022
2 1 742 1 1062
2 1 1894 1 2214
2 1 1061 1 2021
2 1 741 1 1061
2 1 741 1 2021
2 1 1060 1 2020
2 1 933 1 2213
2 1 932 1 1892
2 1 932 1 2212
2 1 1892 1 2212
2 1 1059 1 2019
2 1 931 1 1891
2 1 738 1 1058
2 1 1058 1 2018
2 1 738 1 2018
2 1 930 1 2210
2 1 930 1 1890
2 1 1890 1 2210
2 1 737 1 1057
2 1 929 1 2209
2 1 929 1 1889
2 1 1889 1 2209
2 1 1056 1 2016
2 1 928 1 2208
2 1 927 1 2207
2 1 927 1 1887
2 1 1887 1 2207
2 1 1054 1 2014
2 1 926 1 2206
2 1 1886 1 2206
2 1 926 1 1886
2 1 1438 1 1758
2 1 1758 1 2078
2 1 1438 1 2078
2 1 733 1 1053
2 1 1437 1 2077
2 1 925 1 2205
2 1 925 1 1885
2 1 1885 1 2205
2 1 924 1 1884
2 1 923 1 2203
2 1 923 1 1883
2 1 1883 1 2203
2 1 859 1 1179
2 1 986 1 1306
2 1 986 1 1626
2 1 1306 1 1626
2 1 1050 1 2010
2 1 1882 1 2202
2 1 921 1 1881
2 1 921 1 2201
2 1 1881 1 2201
2 1 1433 1 1753
2 1 728 1 1048
2 1 1880 1 2200
2 1 920 1 2200
2 1 920 1 1880
2 1 1879 1 2199
2 1 919 1 2199
2 1 919 1 1879
2 1 1046 1 2006
2 1 726 1 1046
2 1 726 1 2006
2 1 918 1 1878
2 1 918 1 2198
2 1 1878 1 2198
2 1 1045 1 2005
2 1 725 1 1045
2 1 725 1 2005
2 1 917 1 2197
2 1 724 1 1044
2 1 1876 1 2196
2 1 916 1 2196
2 1 916 1 1876
2 1 1428 1 1748
2 1 723 1 1043
2 1 915 1 2195
2 1 1874 1 2194
2 1 914 1 2194
2 1 914 1 1874
2 1 976 1 1616
2 1 849 1 1489
2 1 720 1 1040
2 1 719 1 1039
2 1 911 1 2191
2 1 718 1 1998
2 1 1870 1 2190
2 1 910 1 2190
2 1 910 1 1870
2 1 846 1 1486
2 1 1166 1 1486
2 1 846 1 1166
2 1 973 1 1613
2 1 1293 1 1613
2 1 973 1 1293
2 1 845 1 1485
2 1 971 1 1291
2 1 1164 1 1484
2 1 844 1 1164
2 1 844 1 1484
2 1 1163 1 1483
2 1 843 1 1163
2 1 843 1 1483
2 1 1866 1 2186
2 1 713 1 1033
2 1 1033 1 1993
2 1 713 1 1993
2 1 1417 1 1737
2 1 905 1 1865
2 1 712 1 1992
2 1 712 1 1032
2 1 1032 1 1992
2 1 711 1 1991
2 1 904 1 2184
2 1 1415 1 2055
2 1 839 1 1479
2 1 839 1 1159
2 1 1159 1 1479
2 1 903 1 2183
2 1 1158 1 1478
2 1 1733 1 2053
2 1 1413 1 2053
2 1 1413 1 1733
2 1 1157 1 1477
2 1 837 1 1157
2 1 837 1 1477
2 1 963 1 1283
2 1 963 1 1603
2 1 1283 1 1603
2 1 1027 1 1987
2 1 707 1 1027
2 1 707 1 1987
2 1 1412 1 1732
2 1 1156 1 1476
2 1 1026 1 1986
2 1 706 1 1026
2 1 706 1 1986
2 1 898 1 1858
2 1 1280 1 1600
2 1 704 1 1024
2 1 704 1 1984
2 1 1024 1 1984
3 1 526 1 722 1 1042
3 1 545 1 805 1 2085
3 1 631 1 1243 1 2203
3 1 627 1 1239 1 1879
3 1 636 1 928 1 1248
3 1 629 1 857 1 1177
3 1 562 1 822 1 1782
3 1 631 1 1243 1 1883
3 1 562 1 822 1 2102
3 1 636 1 1248 1 2208
3 1 559 1 819 1 1779
3 1 545 1 805 1 1765
3 1 631 1 923 1 1243
3 1 562 1 822 1 1462
3 1 329 1 1042 1 1362
3 1 352 1 1385 1 2025
3 1 627 1 919 1 1239
3 1 496 1 1305 1 1945
3 1 495 1 1304 1 1944
3 1 495 1 1624 1 1944
3 1 608 1 1220 1 2180
3 1 338 1 987 1 1307
3 1 627 1 1239 1 2199
3 1 520 1 780 1 1420
3 1 618 1 910 1 1230
3 1 549 1 809 1 2089
3 1 550 1 810 1 2090
3 1 490 1 1619 1 1939
3 1 634 1 1246 1 1886
3 1 549 1 745 1 2025
3 1 551 1 811 1 1771
3 1 504 1 1313 1 1953
3 1 384 1 857 1 1817
3 1 342 1 1055 1 1375
3 1 565 1 825 1 2105
3 1 458 1 1651 1 1971
3 1 385 1 858 1 1818
3 1 473 1 962 1 1922
3 1 468 1 1341 1 1981
3 1 578 1 1254 1 2214
3 1 626 1 1238 1 2198
3 1 513 1 773 1 2053
3 1 557 1 817 1 2097
3 1 472 1 1281 1 1921
3 1 525 1 785 1 2065
3 1 495 1 984 1 1944
3 1 639 1 1187 1 1507
3 1 624 1 1236 1 2196
3 1 626 1 918 1 1238
3 1 578 1 1254 1 1894
3 1 626 1 1238 1 1878
3 1 522 1 782 1 2062
3 1 520 1 716 1 1996
3 1 468 1 1661 1 1981
3 1 575 1 771 1 1411
3 1 320 1 713 1 1353
3 1 490 1 1299 1 1939
3 1 462 1 1335 1 1975
3 1 493 1 982 1 1942
3 1 471 1 1856 1 2176
3 1 592 1 948 1 1268
3 1 625 1 917 1 1237
3 1 400 1 1513 1 1833
3 1 511 1 1896 1 2216
3 1 365 1 758 1 1398
3 1 464 1 1017 1 1977
3 1 579 1 1255 1 2215
3 1 400 1 1449 1 1769
3 1 551 1 811 1 2091
3 1 539 1 799 1 1759
3 1 539 1 799 1 2079
3 1 544 1 804 1 1444
3 1 544 1 804 1 2084
3 1 529 1 789 1 2069
3 1 529 1 789 1 1429
3 1 529 1 789 1 1749
3 1 531 1 791 1 1751
3 1 531 1 791 1 2071
3 1 395 1 1764 1 2084
3 1 395 1 1444 1 1764
3 1 629 1 921 1 1241
3 1 530 1 790 1 1750
3 1 492 1 1301 1 1941
3 1 492 1 1621 1 1941
3 1 492 1 981 1 1941
3 1 557 1 817 1 1777
3 1 532 1 792 1 2072
3 1 327 1 720 1 1360
3 1 532 1 792 1 1432
3 1 532 1 792 1 1752
3 1 582 1 938 1 1258
3 1 601 1 1277 1 1917
3 1 406 1 1775 1 2095
3 1 573 1 705 1 1985
3 1 582 1 1258 1 2218
3 1 463 1 1336 1 1976
3 1 417 1 1786 1 2106
3 1 383 1 1352 1 1992
3 1 549 1 809 1 1449
3 1 522 1 782 1 1422
3 1 473 1 898 1 2178
3 1 474 1 1603 1 1923
3 1 400 1 1769 1 2089
3 1 584 1 1260 1 1900
3 1 380 1 709 1 1349
3 1 524 1 784 1 1424
3 1 347 1 996 1 1316
3 1 538 1 798 1 1438
3 1 393 1 1186 1 1826
3 1 513 1 773 1 1733
3 1 379 1 708 1 1348
3 1 429 1 1414 1 1734
3 1 449 1 1322 1 1962
3 1 524 1 784 1 1744
3 1 330 1 723 1 1363
3 1 538 1 734 1 2014
3 1 536 1 732 1 1052
3 1 353 1 746 1 1386
3 1 429 1 1734 1 2054
3 1 494 1 983 1 1943
3 1 389 1 862 1 1822
3 1 607 1 1219 1 2179
3 1 475 1 1284 1 1924
3 1 427 1 1156 1 1796
3 1 490 1 979 1 1939
3 1 502 1 991 1 1951
3 1 513 1 773 1 1413
3 1 474 1 1283 1 1923
3 1 388 1 1437 1 1757
3 1 573 1 769 1 1409
3 1 512 1 772 1 1732
3 1 382 1 711 1 1351
3 1 585 1 1261 1 2221
3 1 618 1 1230 1 2190
3 1 467 1 956 1 2236
3 1 577 1 933 1 1253
3 1 344 1 1057 1 1377
3 1 634 1 926 1 1246
3 1 489 1 1618 1 1938
3 1 449 1 1002 1 1962
3 1 620 1 1232 1 2192
3 1 427 1 1476 1 1796
3 1 447 1 1176 1 1816
3 1 550 1 810 1 1450
3 1 579 1 1255 1 1895
3 1 560 1 820 1 1780
3 1 550 1 810 1 1770
3 1 524 1 784 1 2064
3 1 412 1 1781 1 2101
3 1 333 1 726 1 1366
3 1 525 1 785 1 1745
3 1 480 1 1865 1 2185
3 1 634 1 1182 1 1502
3 1 504 1 993 1 1953
3 1 624 1 1236 1 1876
3 1 527 1 787 1 1427
3 1 639 1 867 1 1187
3 1 553 1 813 1 1453
3 1 527 1 787 1 1747
3 1 544 1 740 1 2020
3 1 351 1 1000 1 1320
3 1 555 1 815 1 1455
3 1 616 1 1228 1 2188
3 1 583 1 1195 1 1515
3 1 539 1 735 1 1055
3 1 489 1 1298 1 1938
3 1 444 1 1173 1 1813
3 1 406 1 1455 1 1775
3 1 474 1 963 1 1923
3 1 555 1 815 1 2095
3 1 407 1 1520 1 1840
3 1 445 1 854 1 1814
3 1 565 1 825 1 1785
3 1 593 1 949 1 1269
3 1 399 1 872 1 1832
3 1 458 1 1011 1 1971
3 1 526 1 786 1 2066
3 1 441 1 1746 1 2066
3 1 401 1 874 1 1834
3 1 599 1 1275 1 1915
3 1 636 1 864 1 1184
3 1 333 1 1302 1 1622
3 1 507 1 996 1 1956
3 1 395 1 868 1 1828
3 1 588 1 1264 1 1904
3 1 368 1 761 1 1401
3 1 588 1 880 1 1200
3 1 566 1 762 1 2042
3 1 363 1 1396 1 2036
3 1 416 1 1209 1 1849
3 1 351 1 744 1 1384
3 1 558 1 818 1 2098
3 1 385 1 1178 1 1818
3 1 540 1 800 1 1760
3 1 433 1 1738 1 2058
3 1 444 1 853 1 1813
3 1 322 1 715 1 1355
3 1 440 1 849 1 1809
3 1 434 1 1483 1 1803
3 1 581 1 1257 1 2217
3 1 558 1 818 1 1778
3 1 392 1 865 1 1825
3 1 567 1 827 1 1467
3 1 624 1 916 1 1236
3 1 368 1 1081 1 1401
3 1 619 1 911 1 1231
3 1 606 1 1218 1 1858
3 1 572 1 768 1 1728
3 1 548 1 808 1 2088
3 1 353 1 1386 1 2026
3 1 579 1 871 1 1191
3 1 514 1 774 1 1414
3 1 491 1 1620 1 1940
3 1 548 1 808 1 1448
3 1 467 1 1660 1 1980
3 1 386 1 1179 1 1819
3 1 443 1 852 1 1812
3 1 566 1 762 1 1082
3 1 498 1 987 1 1947
3 1 639 1 931 1 1251
3 1 512 1 772 1 1412
3 1 378 1 1027 1 1347
3 1 383 1 1032 1 1352
3 1 429 1 1478 1 1798
3 1 389 1 1502 1 1822
3 1 365 1 1078 1 1398
3 1 503 1 1632 1 1952
3 1 426 1 1155 1 1795
3 1 628 1 1240 1 2200
3 1 337 1 1050 1 1370
3 1 634 1 862 1 1182
3 1 628 1 1240 1 1880
3 1 366 1 1399 1 2039
