433 2240
2 1 1791 1 2111
2 1 1471 1 2111
2 1 1471 1 1791
2 1 1467 1 2107
2 1 1785 1 2105
2 1 1465 1 2105
2 1 1465 1 1785
2 1 1463 1 2103
2 1 1783 1 2103
2 1 1463 1 1783
2 1 1461 1 2101
2 1 1454 1 2094
2 1 1451 1 2091
2 1 1769 1 2089
2 1 1450 1 2090
2 1 1449 1 2089
2 1 1449 1 1769
2 1 1781 1 2101
2 1 1461 1 1781
2 1 1447 1 2087
2 1 1451 1 1771
2 1 1771 1 2091
2 1 1447 1 1767
2 1 1767 1 2087
2 1 1764 1 2084
2 1 1444 1 1764
2 1 1444 1 2084
2 1 1751 1 2071
2 1 1748 1 2068
2 1 1743 1 2063
2 1 1734 1 2054
2 1 1731 1 2051
2 1 1410 1 1730
2 1 1410 1 2050
2 1 1730 1 2050
2 1 964 1 1604
2 1 1336 1 1656
2 1 1464 1 1784
2 1 1014 1 1334
2 1 1334 1 1654
2 1 1014 1 1654
2 1 1012 1 1652
2 1 1012 1 1332
2 1 1332 1 1652
2 1 1458 1 1778
2 1 1457 1 1777
2 1 1010 1 1650
2 1 1330 1 1650
2 1 1010 1 1330
2 1 1004 1 1324
2 1 1004 1 1644
2 1 1324 1 1644
2 1 1453 1 1773
2 1 1001 1 1641
2 1 1000 1 1320
2 1 1321 1 1641
2 1 999 1 1319
2 1 1318 1 1638
2 1 998 1 1638
2 1 1001 1 1321
2 1 997 1 1317
2 1 998 1 1318
2 1 1315 1 1635
2 1 984 1 1304
2 1 1302 1 1622
2 1 1442 1 1762
2 1 1304 1 1624
2 1 984 1 1624
2 1 1301 1 1621
2 1 980 1 1300
2 1 1300 1 1620
2 1 980 1 1620
2 1 1299 1 1619
2 1 1298 1 1618
2 1 1426 1 1746
2 1 1296 1 1616
2 1 962 1 1602
2 1 834 1 1474
2 1 1282 1 1602
2 1 962 1 1282
2 1 1408 1 2048
2 1 961 1 1601
2 1 895 1 1535
2 1 1470 1 1790
2 1 1790 1 2110
2 1 1470 1 2110
2 1 1469 1 1789
2 1 1789 1 2109
2 1 1469 1 2109
2 1 1022 1 1342
2 1 891 1 1531
2 1 1211 1 1531
2 1 891 1 1211
2 1 1468 1 2108
2 1 1468 1 1788
2 1 1788 1 2108
2 1 890 1 1530
2 1 1209 1 1529
2 1 1208 1 1528
2 1 888 1 1208
2 1 888 1 1528
2 1 887 1 1207
2 1 886 1 1526
2 1 1206 1 1526
2 1 886 1 1206
2 1 1460 1 1780
2 1 1013 1 1333
2 1 883 1 1203
2 1 881 1 1201
2 1 1456 1 2096
2 1 1328 1 1648
2 1 1008 1 1328
2 1 1008 1 1648
2 1 878 1 1198
2 1 877 1 1517
2 1 1325 1 1645
2 1 1195 1 1515
2 1 1194 1 1514
2 1 874 1 1194
2 1 874 1 1514
2 1 1193 1 1513
2 1 873 1 1193
2 1 873 1 1513
2 1 872 1 1512
2 1 872 1 1192
2 1 1192 1 1512
2 1 1191 1 1511
2 1 870 1 1190
2 1 870 1 1510
2 1 1190 1 1510
2 1 1189 1 1509
2 1 1443 1 2083
2 1 996 1 1316
2 1 1186 1 1506
2 1 866 1 1186
2 1 866 1 1506
2 1 1761 1 2081
2 1 1311 1 1631
2 1 864 1 1504
2 1 864 1 1184
2 1 1184 1 1504
2 1 1177 1 1497
2 1 1175 1 1495
2 1 1174 1 1494
2 1 854 1 1174
2 1 854 1 1494
2 1 1171 1 1491
2 1 851 1 1491
2 1 851 1 1171
2 1 849 1 1169
2 1 1167 1 1487
2 1 846 1 1486
2 1 974 1 1614
2 1 1294 1 1614
2 1 974 1 1294
2 1 1164 1 1484
2 1 971 1 1611
2 1 1735 1 2055
2 1 968 1 1608
2 1 1288 1 1608
2 1 968 1 1288
2 1 1158 1 1478
2 1 838 1 1478
2 1 838 1 1158
2 1 965 1 1605
2 1 1157 1 1477
2 1 1285 1 1605
2 1 965 1 1285
2 1 1856 1 2176
2 1 837 1 1477
2 1 837 1 1157
2 1 767 1 2047
2 1 767 1 1087
2 1 1087 1 2047
2 1 958 1 1918
2 1 958 1 2238
2 1 1918 1 2238
2 1 1214 1 1534
2 1 894 1 1214
2 1 894 1 1534
2 1 1021 1 1661
2 1 1917 1 2237
2 1 893 1 1533
2 1 892 1 1532
2 1 1916 1 2236
2 1 1083 1 2043
2 1 1915 1 2235
2 1 762 1 2042
2 1 762 1 1082
2 1 1082 1 2042
2 1 1466 1 2106
2 1 1786 1 2106
2 1 1466 1 1786
2 1 954 1 1914
2 1 1081 1 2041
2 1 1080 1 2040
2 1 953 1 1913
2 1 953 1 2233
2 1 1913 1 2233
2 1 952 1 2232
2 1 1079 1 2039
2 1 759 1 1079
2 1 759 1 2039
2 1 951 1 1911
2 1 1911 1 2231
2 1 951 1 2231
2 1 950 1 2230
2 1 950 1 1910
2 1 1910 1 2230
2 1 1462 1 1782
2 1 1909 1 2229
2 1 949 1 1909
2 1 949 1 2229
2 1 948 1 2228
2 1 1331 1 1651
2 1 1011 1 1331
2 1 1011 1 1651
2 1 884 1 1524
2 1 1907 1 2227
2 1 754 1 1074
2 1 753 1 1073
2 1 1073 1 2033
2 1 753 1 2033
2 1 946 1 2226
2 1 945 1 2225
2 1 944 1 2224
2 1 944 1 1904
2 1 1904 1 2224
2 1 1007 1 1647
2 1 1327 1 1647
2 1 1007 1 1327
2 1 880 1 1200
2 1 751 1 2031
2 1 1006 1 1646
2 1 1006 1 1326
2 1 1326 1 1646
2 1 1199 1 1519
2 1 879 1 1519
2 1 879 1 1199
2 1 750 1 1070
2 1 1902 1 2222
2 1 941 1 1901
2 1 748 1 2028
2 1 1323 1 1643
2 1 876 1 1196
2 1 940 1 1900
2 1 940 1 2220
2 1 1900 1 2220
2 1 747 1 1067
2 1 747 1 2027
2 1 1067 1 2027
2 1 746 1 2026
2 1 1066 1 2026
2 1 746 1 1066
2 1 938 1 2218
2 1 745 1 1065
2 1 744 1 1064
2 1 1768 1 2088
2 1 1448 1 2088
2 1 1448 1 1768
2 1 936 1 2216
2 1 743 1 2023
2 1 743 1 1063
2 1 1063 1 2023
2 1 935 1 2215
2 1 1446 1 1766
2 1 1446 1 2086
2 1 1766 1 2086
2 1 934 1 2214
2 1 741 1 1061
2 1 740 1 1060
2 1 933 1 1893
2 1 933 1 2213
2 1 1893 1 2213
2 1 1187 1 1507
2 1 867 1 1507
2 1 867 1 1187
2 1 931 1 1891
2 1 1891 1 2211
2 1 931 1 2211
2 1 1314 1 1634
2 1 738 1 1058
2 1 737 1 2017
2 1 865 1 1185
2 1 929 1 2209
2 1 1312 1 1632
2 1 736 1 1056
2 1 1888 1 2208
2 1 735 1 2015
2 1 927 1 1887
2 1 734 1 2014
2 1 990 1 1310
2 1 862 1 1182
2 1 988 1 1628
2 1 1437 1 1757
2 1 1181 1 1501
2 1 732 1 2012
2 1 731 1 1051
2 1 731 1 2011
2 1 1051 1 2011
2 1 1435 1 2075
2 1 730 1 2010
2 1 1434 1 1754
2 1 1434 1 2074
2 1 1754 1 2074
2 1 1178 1 1498
2 1 729 1 1049
2 1 729 1 2009
2 1 1049 1 2009
2 1 985 1 1305
2 1 983 1 1623
2 1 983 1 1303
2 1 1303 1 1623
2 1 1432 1 2072
2 1 856 1 1176
2 1 727 1 2007
2 1 1047 1 2007
2 1 727 1 1047
2 1 726 1 2006
2 1 1046 1 2006
2 1 726 1 1046
2 1 918 1 2198
2 1 725 1 1045
2 1 725 1 2005
2 1 1045 1 2005
2 1 724 1 2004
2 1 1044 1 2004
2 1 724 1 1044
2 1 917 1 1877
2 1 1043 1 2003
2 1 723 1 2003
2 1 723 1 1043
2 1 916 1 2196
2 1 1875 1 2195
2 1 915 1 2195
2 1 915 1 1875
2 1 722 1 1042
2 1 914 1 2194
2 1 914 1 1874
2 1 1874 1 2194
2 1 721 1 1041
2 1 721 1 2001
2 1 1041 1 2001
2 1 913 1 1873
2 1 913 1 2193
2 1 1873 1 2193
2 1 720 1 2000
2 1 720 1 1040
2 1 1040 1 2000
2 1 1424 1 2064
2 1 1039 1 1999
2 1 719 1 1039
2 1 719 1 1999
2 1 912 1 2192
2 1 1872 1 2192
2 1 912 1 1872
2 1 718 1 1038
2 1 911 1 1871
2 1 1742 1 2062
2 1 910 1 1870
2 1 910 1 2190
2 1 1870 1 2190
2 1 1421 1 1741
2 1 1741 1 2061
2 1 1421 1 2061
2 1 1165 1 1485
2 1 716 1 1036
2 1 716 1 1996
2 1 1036 1 1996
2 1 972 1 1292
2 1 1869 1 2189
2 1 909 1 1869
2 1 909 1 2189
2 1 1740 1 2060
2 1 1420 1 1740
2 1 1420 1 2060
2 1 1868 1 2188
2 1 970 1 1610
2 1 1290 1 1610
2 1 970 1 1290
2 1 1739 1 2059
2 1 1419 1 2059
2 1 1419 1 1739
2 1 1163 1 1483
2 1 714 1 1994
2 1 907 1 2187
2 1 907 1 1867
2 1 1867 1 2187
2 1 1738 1 2058
2 1 1162 1 1482
2 1 1033 1 1993
2 1 969 1 1289
2 1 1866 1 2186
2 1 712 1 1992
2 1 1865 1 2185
2 1 904 1 1864
2 1 1287 1 1607
2 1 967 1 1607
2 1 967 1 1287
2 1 1416 1 1736
2 1 1416 1 2056
2 1 1736 1 2056
2 1 840 1 1160
2 1 966 1 1606
2 1 710 1 1030
2 1 710 1 1990
2 1 1030 1 1990
2 1 1863 1 2183
2 1 709 1 1989
2 1 1029 1 1989
2 1 709 1 1029
2 1 901 1 1861
2 1 901 1 2181
2 1 1861 1 2181
2 1 900 1 1860
2 1 1860 1 2180
2 1 900 1 2180
2 1 963 1 1283
2 1 963 1 1603
2 1 1283 1 1603
2 1 707 1 1987
2 1 1027 1 1987
2 1 707 1 1027
2 1 1859 1 2179
2 1 1026 1 1986
2 1 898 1 2178
2 1 705 1 1985
2 1 1857 1 2177
2 1 897 1 2177
2 1 897 1 1857
2 1 833 1 1153
2 1 833 1 1473
2 1 1153 1 1473
