510 2240
2 1 1790 1 2110
2 1 1470 1 1790
2 1 1470 1 2110
2 1 1469 1 1789
2 1 1789 1 2109
2 1 1469 1 2109
2 1 1466 1 1786
2 1 1786 1 2106
2 1 1466 1 2106
2 1 1785 1 2105
2 1 1461 1 2101
2 1 1781 1 2101
2 1 1461 1 1781
2 1 1780 1 2100
2 1 1777 1 2097
2 1 1457 1 1777
2 1 1457 1 2097
2 1 1768 1 2088
2 1 1765 1 2085
2 1 1757 1 2077
2 1 1744 1 2064
2 1 1747 1 2067
2 1 1759 1 2079
2 1 1739 1 2059
2 1 1439 1 1759
2 1 1439 1 2079
2 1 1422 1 2062
2 1 1737 1 2057
2 1 1417 1 2057
2 1 1417 1 1737
2 1 1418 1 2058
2 1 1738 1 2058
2 1 1418 1 1738
2 1 1735 1 2055
2 1 1415 1 1735
2 1 1415 1 2055
2 1 1734 1 2054
2 1 1412 1 2052
2 1 1729 1 2049
2 1 975 1 1615
2 1 1289 1 1609
2 1 969 1 1289
2 1 969 1 1609
2 1 968 1 1288
2 1 967 1 1607
2 1 1411 1 1731
2 1 962 1 1602
2 1 1282 1 1602
2 1 962 1 1282
2 1 1023 1 1343
2 1 1023 1 1663
2 1 1343 1 1663
2 1 1018 1 1338
2 1 1338 1 1658
2 1 1340 1 1660
2 1 1018 1 1658
2 1 1017 1 1657
2 1 1016 1 1336
2 1 1014 1 1334
2 1 1285 1 1605
2 1 1013 1 1653
2 1 1008 1 1328
2 1 1328 1 1648
2 1 1008 1 1648
2 1 1464 1 1784
2 1 1003 1 1323
2 1 1323 1 1643
2 1 1003 1 1643
2 1 1321 1 1641
2 1 1315 1 1635
2 1 1312 1 1632
2 1 1310 1 1630
2 1 990 1 1630
2 1 990 1 1310
2 1 1410 1 1730
2 1 1155 1 1475
2 1 835 1 1475
2 1 835 1 1155
2 1 963 1 1283
2 1 833 1 1153
2 1 1152 1 1472
2 1 832 1 1152
2 1 832 1 1472
2 1 1471 1 2111
2 1 1791 1 2111
2 1 1471 1 1791
2 1 893 1 1213
2 1 894 1 1534
2 1 1213 1 1533
2 1 893 1 1533
2 1 1341 1 1661
2 1 1021 1 1661
2 1 1021 1 1341
2 1 891 1 1211
2 1 1209 1 1529
2 1 889 1 1529
2 1 889 1 1209
2 1 888 1 1528
2 1 887 1 1207
2 1 884 1 1524
2 1 1204 1 1524
2 1 884 1 1204
2 1 1459 1 1779
2 1 1329 1 1649
2 1 879 1 1199
2 1 1453 1 1773
2 1 1773 1 2093
2 1 1453 1 2093
2 1 876 1 1196
2 1 876 1 1516
2 1 1196 1 1516
2 1 874 1 1194
2 1 873 1 1193
2 1 1320 1 1640
2 1 999 1 1319
2 1 1319 1 1639
2 1 999 1 1639
2 1 869 1 1189
2 1 868 1 1508
2 1 996 1 1316
2 1 996 1 1636
2 1 1316 1 1636
2 1 1186 1 1506
2 1 865 1 1185
2 1 860 1 1180
2 1 1181 1 1501
2 1 860 1 1500
2 1 1180 1 1500
2 1 1307 1 1627
2 1 987 1 1307
2 1 987 1 1627
2 1 1753 1 2073
2 1 1176 1 1496
2 1 856 1 1176
2 1 856 1 1496
2 1 1430 1 2070
2 1 1750 1 2070
2 1 1430 1 1750
2 1 1303 1 1623
2 1 1749 1 2069
2 1 1298 1 1618
2 1 851 1 1171
2 1 847 1 1487
2 1 974 1 1614
2 1 974 1 1294
2 1 1172 1 1492
2 1 852 1 1492
2 1 852 1 1172
2 1 979 1 1619
2 1 1294 1 1614
2 1 1164 1 1484
2 1 1163 1 1483
2 1 842 1 1482
2 1 1161 1 1481
2 1 841 1 1161
2 1 841 1 1481
2 1 840 1 1480
2 1 840 1 1160
2 1 1160 1 1480
2 1 1158 1 1478
2 1 838 1 1478
2 1 838 1 1158
2 1 966 1 1286
2 1 1286 1 1606
2 1 966 1 1606
2 1 836 1 1156
2 1 896 1 1856
2 1 896 1 2176
2 1 1856 1 2176
2 1 767 1 2047
2 1 1342 1 1662
2 1 1022 1 1342
2 1 1022 1 1662
2 1 766 1 2046
2 1 1086 1 2046
2 1 766 1 1086
2 1 959 1 1919
2 1 765 1 1085
2 1 1085 1 2045
2 1 765 1 2045
2 1 1917 1 2237
2 1 957 1 2237
2 1 957 1 1917
2 1 892 1 1532
2 1 956 1 1916
2 1 1916 1 2236
2 1 956 1 2236
2 1 763 1 1083
2 1 762 1 1082
2 1 762 1 2042
2 1 1082 1 2042
2 1 761 1 1081
2 1 953 1 2233
2 1 1913 1 2233
2 1 953 1 1913
2 1 760 1 1080
2 1 952 1 2232
2 1 1079 1 2039
2 1 1463 1 1783
2 1 1783 1 2103
2 1 1463 1 2103
2 1 951 1 2231
2 1 951 1 1911
2 1 1911 1 2231
2 1 758 1 1078
2 1 1782 1 2102
2 1 1462 1 1782
2 1 1462 1 2102
2 1 1077 1 2037
2 1 1910 1 2230
2 1 950 1 2230
2 1 950 1 1910
2 1 756 1 1076
2 1 949 1 2229
2 1 1908 1 2228
2 1 948 1 1908
2 1 948 1 2228
2 1 1907 1 2227
2 1 947 1 2227
2 1 947 1 1907
2 1 883 1 1203
2 1 883 1 1523
2 1 1203 1 1523
2 1 754 1 1074
2 1 1458 1 2098
2 1 1906 1 2226
2 1 1073 1 2033
2 1 945 1 1905
2 1 944 1 2224
2 1 880 1 1520
2 1 880 1 1200
2 1 1200 1 1520
2 1 1325 1 1645
2 1 1005 1 1325
2 1 1005 1 1645
2 1 749 1 2029
2 1 1902 1 2222
2 1 942 1 2222
2 1 942 1 1902
2 1 1324 1 1644
2 1 1004 1 1644
2 1 1004 1 1324
2 1 1068 1 2028
2 1 748 1 1068
2 1 748 1 2028
2 1 1002 1 1322
2 1 939 1 1899
2 1 1065 1 2025
2 1 745 1 1065
2 1 745 1 2025
2 1 1449 1 2089
2 1 937 1 1897
2 1 744 1 2024
2 1 744 1 1064
2 1 1064 1 2024
2 1 1318 1 1638
2 1 871 1 1191
2 1 1191 1 1511
2 1 871 1 1511
2 1 935 1 2215
2 1 742 1 2022
2 1 870 1 1190
2 1 741 1 1061
2 1 740 1 1060
2 1 1444 1 1764
2 1 1444 1 2084
2 1 1764 1 2084
2 1 932 1 2212
2 1 739 1 2019
2 1 994 1 1314
2 1 1763 1 2083
2 1 1443 1 1763
2 1 1443 1 2083
2 1 1187 1 1507
2 1 738 1 2018
2 1 1058 1 2018
2 1 738 1 1058
2 1 931 1 2211
2 1 1057 1 2017
2 1 1890 1 2210
2 1 1441 1 1761
2 1 1761 1 2081
2 1 1441 1 2081
2 1 929 1 2209
2 1 929 1 1889
2 1 1889 1 2209
2 1 736 1 1056
2 1 1440 1 2080
2 1 1760 1 2080
2 1 1440 1 1760
2 1 735 1 2015
2 1 735 1 1055
2 1 1055 1 2015
2 1 928 1 1888
2 1 928 1 2208
2 1 1888 1 2208
2 1 734 1 2014
2 1 1887 1 2207
2 1 927 1 2207
2 1 927 1 1887
2 1 1758 1 2078
2 1 1438 1 2078
2 1 1438 1 1758
2 1 862 1 1502
2 1 862 1 1182
2 1 1182 1 1502
2 1 926 1 2206
2 1 1053 1 2013
2 1 732 1 1052
2 1 1052 1 2012
2 1 732 1 2012
2 1 1885 1 2205
2 1 1884 1 2204
2 1 924 1 2204
2 1 924 1 1884
2 1 1756 1 2076
2 1 731 1 2011
2 1 1435 1 1755
2 1 1755 1 2075
2 1 1435 1 2075
2 1 1179 1 1499
2 1 1306 1 1626
2 1 986 1 1306
2 1 986 1 1626
2 1 730 1 2010
2 1 923 1 2203
2 1 985 1 1305
2 1 1178 1 1498
2 1 1882 1 2202
2 1 1304 1 1624
2 1 984 1 1624
2 1 984 1 1304
2 1 1432 1 2072
2 1 727 1 2007
2 1 1175 1 1495
2 1 1302 1 1622
2 1 982 1 1302
2 1 982 1 1622
2 1 919 1 1879
2 1 726 1 2006
2 1 1301 1 1621
2 1 981 1 1301
2 1 981 1 1621
2 1 725 1 2005
2 1 1878 1 2198
2 1 1300 1 1620
2 1 853 1 1493
2 1 1173 1 1493
2 1 853 1 1173
2 1 1877 1 2197
2 1 1044 1 2004
2 1 724 1 1044
2 1 724 1 2004
2 1 723 1 1043
2 1 915 1 1875
2 1 722 1 2002
2 1 1297 1 1617
2 1 1426 1 2066
2 1 850 1 1490
2 1 914 1 2194
2 1 1874 1 2194
2 1 914 1 1874
2 1 721 1 2001
2 1 976 1 1296
2 1 1169 1 1489
2 1 720 1 1040
2 1 720 1 2000
2 1 1040 1 2000
2 1 911 1 2191
2 1 1871 1 2191
2 1 911 1 1871
2 1 1423 1 2063
2 1 1743 1 2063
2 1 1423 1 1743
2 1 718 1 1038
2 1 717 1 1997
2 1 910 1 1870
2 1 1870 1 2190
2 1 910 1 2190
2 1 909 1 1869
2 1 972 1 1612
2 1 1421 1 2061
2 1 845 1 1485
2 1 716 1 1036
2 1 716 1 1996
2 1 1036 1 1996
2 1 1420 1 2060
2 1 1740 1 2060
2 1 1420 1 1740
2 1 1035 1 1995
2 1 714 1 1034
2 1 907 1 2187
2 1 907 1 1867
2 1 1867 1 2187
2 1 1866 1 2186
2 1 906 1 2186
2 1 906 1 1866
2 1 1033 1 1993
2 1 905 1 1865
2 1 1865 1 2185
2 1 905 1 2185
2 1 1032 1 1992
2 1 904 1 1864
2 1 1864 1 2184
2 1 904 1 2184
2 1 903 1 2183
2 1 902 1 1862
2 1 902 1 2182
2 1 1862 1 2182
2 1 709 1 1989
2 1 901 1 1861
2 1 901 1 2181
2 1 1861 1 2181
2 1 964 1 1284
2 1 708 1 1028
2 1 837 1 1477
2 1 1157 1 1477
2 1 837 1 1157
2 1 1860 1 2180
2 1 1027 1 1987
2 1 706 1 1986
2 1 898 1 2178
2 1 1281 1 1601
2 1 961 1 1281
2 1 961 1 1601
2 1 834 1 1154
2 1 705 1 1025
2 1 1857 1 2177
2 1 704 1 1984
2 1 1024 1 1984
2 1 704 1 1024
3 1 438 1 847 1 1807
3 1 334 1 1367 1 2007
3 1 448 1 1321 1 1961
3 1 377 1 706 1 1346
3 1 570 1 830 1 1790
3 1 566 1 826 1 1786
3 1 570 1 830 1 1470
3 1 527 1 787 1 2067
3 1 527 1 787 1 1747
3 1 570 1 830 1 2110
3 1 327 1 720 1 1360
3 1 414 1 1207 1 1847
3 1 472 1 961 1 1921
3 1 472 1 1281 1 1921
3 1 472 1 1601 1 1921
3 1 350 1 743 1 1383
3 1 614 1 842 1 1162
3 1 584 1 1260 1 2220
3 1 425 1 1154 1 1794
3 1 605 1 1217 1 1857
3 1 414 1 887 1 1847
3 1 606 1 1218 1 2178
3 1 557 1 817 1 1777
3 1 346 1 739 1 1379
3 1 548 1 808 1 1768
3 1 515 1 711 1 1031
3 1 425 1 834 1 1794
3 1 450 1 1003 1 1963
3 1 450 1 1323 1 1963
3 1 551 1 747 1 2027
3 1 604 1 1216 1 1856
3 1 589 1 945 1 1265
3 1 604 1 896 1 1216
3 1 450 1 1643 1 1963
3 1 557 1 817 1 2097
3 1 606 1 898 1 1218
3 1 545 1 805 1 2085
3 1 548 1 808 1 2088
3 1 545 1 805 1 1765
3 1 614 1 1162 1 1482
3 1 557 1 817 1 1457
3 1 424 1 833 1 1793
3 1 604 1 1216 1 2176
3 1 537 1 797 1 1757
3 1 537 1 797 1 2077
3 1 625 1 1237 1 1877
3 1 593 1 949 1 1269
3 1 524 1 784 1 2064
3 1 566 1 826 1 1466
3 1 543 1 803 1 2083
3 1 588 1 1264 1 2224
3 1 607 1 899 1 1219
3 1 589 1 1265 1 1905
3 1 560 1 820 1 1780
3 1 560 1 820 1 2100
3 1 566 1 826 1 2106
3 1 561 1 821 1 2101
3 1 565 1 825 1 2105
3 1 333 1 726 1 1366
3 1 561 1 821 1 1461
3 1 565 1 825 1 1785
3 1 569 1 829 1 1469
3 1 561 1 821 1 1781
3 1 465 1 1658 1 1978
3 1 465 1 1338 1 1978
3 1 465 1 1018 1 1978
3 1 433 1 1482 1 1802
3 1 424 1 1153 1 1793
3 1 591 1 947 1 1267
3 1 514 1 774 1 2054
3 1 573 1 769 1 1729
3 1 573 1 769 1 2049
3 1 591 1 1267 1 1907
3 1 591 1 1267 1 2227
3 1 569 1 829 1 2109
3 1 433 1 842 1 1802
3 1 447 1 1432 1 1752
3 1 399 1 1512 1 1832
3 1 569 1 829 1 1789
