559 2240
2 1 1788 1 2108
2 1 1461 1 2101
2 1 1781 1 2101
2 1 1461 1 1781
2 1 1459 1 2099
2 1 1776 1 2096
2 1 1456 1 2096
2 1 1456 1 1776
2 1 1458 1 2098
2 1 1778 1 2098
2 1 1458 1 1778
2 1 1460 1 1780
2 1 1455 1 1775
2 1 1460 1 2100
2 1 1780 1 2100
2 1 1455 1 2095
2 1 1775 1 2095
2 1 1453 1 2093
2 1 1773 1 2093
2 1 1453 1 1773
2 1 1770 1 2090
2 1 1450 1 2090
2 1 1450 1 1770
2 1 1764 1 2084
2 1 1442 1 2082
2 1 1440 1 2080
2 1 1438 1 2078
2 1 1758 1 2078
2 1 1438 1 1758
2 1 1757 1 2077
2 1 1437 1 1757
2 1 1437 1 2077
2 1 1756 1 2076
2 1 1435 1 1755
2 1 1435 1 2075
2 1 1755 1 2075
2 1 1434 1 1754
2 1 1434 1 2074
2 1 1436 1 1756
2 1 1436 1 2076
2 1 1754 1 2074
2 1 1752 1 2072
2 1 1732 1 2052
2 1 974 1 1294
2 1 1292 1 1612
2 1 1290 1 1610
2 1 1289 1 1609
2 1 969 1 1289
2 1 969 1 1609
2 1 1287 1 1607
2 1 965 1 1285
2 1 1285 1 1605
2 1 965 1 1605
2 1 1286 1 1606
2 1 1284 1 1604
2 1 1282 1 1602
2 1 960 1 1600
2 1 1012 1 1332
2 1 1011 1 1331
2 1 1331 1 1651
2 1 1011 1 1651
2 1 1006 1 1326
2 1 1454 1 1774
2 1 1449 1 1769
2 1 1000 1 1640
2 1 1320 1 1640
2 1 1000 1 1320
2 1 998 1 1638
2 1 1316 1 1636
2 1 1443 1 1763
2 1 995 1 1635
2 1 1313 1 1633
2 1 993 1 1313
2 1 993 1 1633
2 1 991 1 1311
2 1 1311 1 1631
2 1 991 1 1631
2 1 1310 1 1630
2 1 990 1 1310
2 1 990 1 1630
2 1 989 1 1309
2 1 1308 1 1628
2 1 985 1 1625
2 1 1001 1 1321
2 1 835 1 1475
2 1 1154 1 1474
2 1 1153 1 1473
2 1 961 1 1601
2 1 895 1 1215
2 1 1212 1 1532
2 1 1786 1 2106
2 1 1019 1 1339
2 1 891 1 1531
2 1 1339 1 1659
2 1 1019 1 1659
2 1 1465 1 1785
2 1 1465 1 2105
2 1 1785 1 2105
2 1 1018 1 1658
2 1 1783 1 2103
2 1 888 1 1528
2 1 1015 1 1335
2 1 1335 1 1655
2 1 1015 1 1655
2 1 884 1 1524
2 1 883 1 1203
2 1 1203 1 1523
2 1 883 1 1523
2 1 882 1 1522
2 1 1777 1 2097
2 1 1457 1 2097
2 1 1457 1 1777
2 1 1010 1 1650
2 1 880 1 1520
2 1 879 1 1519
2 1 1198 1 1518
2 1 878 1 1518
2 1 878 1 1198
2 1 876 1 1516
2 1 876 1 1196
2 1 1196 1 1516
2 1 1022 1 1342
2 1 1004 1 1644
2 1 1194 1 1514
2 1 868 1 1188
2 1 872 1 1192
2 1 999 1 1639
2 1 867 1 1507
2 1 1319 1 1639
2 1 999 1 1319
2 1 866 1 1186
2 1 994 1 1314
2 1 994 1 1634
2 1 1314 1 1634
2 1 864 1 1184
2 1 1183 1 1503
2 1 863 1 1503
2 1 863 1 1183
2 1 873 1 1513
2 1 1182 1 1502
2 1 861 1 1501
2 1 1181 1 1501
2 1 861 1 1181
2 1 860 1 1500
2 1 859 1 1179
2 1 1179 1 1499
2 1 859 1 1499
2 1 858 1 1498
2 1 1433 1 2073
2 1 856 1 1176
2 1 1176 1 1496
2 1 856 1 1496
2 1 1174 1 1494
2 1 1173 1 1493
2 1 1428 1 2068
2 1 1301 1 1621
2 1 1425 1 2065
2 1 1167 1 1487
2 1 845 1 1165
2 1 1161 1 1481
2 1 1160 1 1480
2 1 840 1 1160
2 1 840 1 1480
2 1 1159 1 1479
2 1 1152 1 1472
2 1 1343 1 1663
2 1 1023 1 1663
2 1 1023 1 1343
2 1 1919 1 2239
2 1 1021 1 1341
2 1 1341 1 1661
2 1 1021 1 1661
2 1 1087 1 2047
2 1 1790 1 2110
2 1 1214 1 1534
2 1 958 1 1918
2 1 1020 1 1340
2 1 1020 1 1660
2 1 1340 1 1660
2 1 1469 1 2109
2 1 1789 1 2109
2 1 1469 1 1789
2 1 1084 1 2044
2 1 1917 1 2237
2 1 763 1 2043
2 1 763 1 1083
2 1 1083 1 2043
2 1 1916 1 2236
2 1 955 1 1915
2 1 955 1 2235
2 1 1915 1 2235
2 1 762 1 2042
2 1 954 1 2234
2 1 1914 1 2234
2 1 954 1 1914
2 1 1337 1 1657
2 1 1017 1 1337
2 1 1017 1 1657
2 1 890 1 1210
2 1 761 1 2041
2 1 1913 1 2233
2 1 889 1 1529
2 1 1016 1 1656
2 1 760 1 1080
2 1 1080 1 2040
2 1 760 1 2040
2 1 887 1 1527
2 1 1207 1 1527
2 1 887 1 1207
2 1 1910 1 2230
2 1 1013 1 1653
2 1 886 1 1526
2 1 886 1 1206
2 1 1206 1 1526
2 1 757 1 1077
2 1 757 1 2037
2 1 1077 1 2037
2 1 1076 1 2036
2 1 948 1 2228
2 1 755 1 1075
2 1 755 1 2035
2 1 1075 1 2035
2 1 947 1 2227
2 1 1907 1 2227
2 1 947 1 1907
2 1 1074 1 2034
2 1 1201 1 1521
2 1 881 1 1201
2 1 881 1 1521
2 1 945 1 1905
2 1 945 1 2225
2 1 1905 1 2225
2 1 752 1 1072
2 1 752 1 2032
2 1 1072 1 2032
2 1 1904 1 2224
2 1 751 1 1071
2 1 1903 1 2223
2 1 943 1 2223
2 1 943 1 1903
2 1 942 1 2222
2 1 1902 1 2222
2 1 942 1 1902
2 1 941 1 2221
2 1 1901 1 2221
2 1 941 1 1901
2 1 748 1 2028
2 1 748 1 1068
2 1 1068 1 2028
2 1 1452 1 1772
2 1 940 1 1900
2 1 940 1 2220
2 1 1900 1 2220
2 1 1002 1 1642
2 1 1451 1 1771
2 1 1771 1 2091
2 1 1451 1 2091
2 1 746 1 1066
2 1 939 1 2219
2 1 1065 1 2025
2 1 1898 1 2218
2 1 937 1 2217
2 1 937 1 1897
2 1 1897 1 2217
2 1 936 1 2216
2 1 936 1 1896
2 1 1896 1 2216
2 1 1448 1 1768
2 1 743 1 1063
2 1 743 1 2023
2 1 1063 1 2023
2 1 935 1 1895
2 1 935 1 2215
2 1 1895 1 2215
2 1 934 1 1894
2 1 997 1 1317
2 1 997 1 1637
2 1 1317 1 1637
2 1 1446 1 1766
2 1 741 1 1061
2 1 1060 1 2020
2 1 740 1 2020
2 1 740 1 1060
2 1 1893 1 2213
2 1 932 1 2212
2 1 1892 1 2212
2 1 932 1 1892
2 1 739 1 1059
2 1 931 1 2211
2 1 930 1 2210
2 1 737 1 2017
2 1 992 1 1632
2 1 865 1 1505
2 1 1185 1 1505
2 1 865 1 1185
2 1 736 1 1056
2 1 1888 1 2208
2 1 734 1 1054
2 1 733 1 1053
2 1 925 1 2205
2 1 925 1 1885
2 1 1885 1 2205
2 1 1052 1 2012
2 1 924 1 2204
2 1 731 1 1051
2 1 1883 1 2203
2 1 923 1 2203
2 1 923 1 1883
2 1 730 1 1050
2 1 922 1 1882
2 1 1882 1 2202
2 1 922 1 2202
2 1 1177 1 1497
2 1 857 1 1177
2 1 857 1 1497
2 1 921 1 2201
2 1 1304 1 1624
2 1 1048 1 2008
2 1 728 1 1048
2 1 728 1 2008
2 1 919 1 2199
2 1 982 1 1302
2 1 1431 1 2071
2 1 855 1 1495
2 1 726 1 1046
2 1 1430 1 2070
2 1 1750 1 2070
2 1 1430 1 1750
2 1 724 1 2004
2 1 917 1 1877
2 1 917 1 2197
2 1 1877 1 2197
2 1 979 1 1299
2 1 1427 1 1747
2 1 1171 1 1491
2 1 851 1 1491
2 1 851 1 1171
2 1 1298 1 1618
2 1 722 1 2002
2 1 1426 1 1746
2 1 1297 1 1617
2 1 977 1 1617
2 1 977 1 1297
2 1 721 1 2001
2 1 1296 1 1616
2 1 1168 1 1488
2 1 848 1 1488
2 1 848 1 1168
2 1 1295 1 1615
2 1 1039 1 1999
2 1 719 1 1039
2 1 719 1 1999
2 1 718 1 1998
2 1 846 1 1166
2 1 910 1 2190
2 1 1293 1 1613
2 1 717 1 1037
2 1 717 1 1997
2 1 1037 1 1997
2 1 1421 1 2061
2 1 1421 1 1741
2 1 1741 1 2061
2 1 716 1 1996
2 1 1291 1 1611
2 1 1164 1 1484
2 1 1035 1 1995
2 1 715 1 1995
2 1 715 1 1035
2 1 1868 1 2188
2 1 908 1 2188
2 1 908 1 1868
2 1 1034 1 1994
2 1 714 1 1034
2 1 714 1 1994
2 1 1738 1 2058
2 1 1418 1 2058
2 1 1418 1 1738
2 1 713 1 1033
2 1 713 1 1993
2 1 1033 1 1993
2 1 1032 1 1992
2 1 712 1 1992
2 1 712 1 1032
2 1 905 1 2185
2 1 1736 1 2056
2 1 1416 1 1736
2 1 1416 1 2056
2 1 904 1 1864
2 1 711 1 1031
2 1 1031 1 1991
2 1 711 1 1991
2 1 1735 1 2055
2 1 1415 1 1735
2 1 1415 1 2055
2 1 710 1 1990
2 1 1030 1 1990
2 1 710 1 1030
2 1 903 1 1863
2 1 1863 1 2183
2 1 903 1 2183
2 1 709 1 1989
2 1 709 1 1029
2 1 1029 1 1989
2 1 902 1 2182
2 1 1862 1 2182
2 1 902 1 1862
2 1 1413 1 2053
2 1 901 1 1861
2 1 901 1 2181
2 1 1861 1 2181
2 1 707 1 1027
2 1 900 1 1860
2 1 1731 1 2051
2 1 1859 1 2179
2 1 899 1 2179
2 1 899 1 1859
2 1 706 1 1026
2 1 706 1 1986
2 1 1026 1 1986
2 1 1410 1 2050
2 1 705 1 1025
2 1 705 1 1985
2 1 1025 1 1985
2 1 898 1 1858
2 1 1858 1 2178
2 1 898 1 2178
2 1 1729 1 2049
2 1 896 1 2176
2 1 1856 1 2176
2 1 896 1 1856
2 1 897 1 1857
3 1 592 1 1268 1 2228
3 1 597 1 1273 1 2233
3 1 443 1 1748 1 2068
3 1 560 1 820 1 1460
3 1 516 1 776 1 2056
3 1 560 1 820 1 1780
3 1 592 1 884 1 1204
3 1 587 1 879 1 1199
3 1 571 1 831 1 2111
3 1 560 1 820 1 2100
3 1 568 1 828 1 2108
3 1 592 1 948 1 1268
3 1 443 1 1428 1 1748
3 1 568 1 828 1 1788
3 1 485 1 1294 1 1934
3 1 528 1 788 1 2068
3 1 364 1 1013 1 1333
3 1 620 1 1232 1 1872
3 1 528 1 788 1 1428
3 1 460 1 1909 1 2229
3 1 597 1 1273 1 1913
3 1 409 1 882 1 1842
3 1 553 1 813 1 1453
3 1 586 1 1262 1 2222
3 1 399 1 872 1 1832
3 1 516 1 776 1 1736
3 1 556 1 816 1 1456
3 1 399 1 1192 1 1832
3 1 553 1 813 1 1773
3 1 359 1 1072 1 1392
3 1 550 1 810 1 2090
3 1 550 1 810 1 1770
3 1 561 1 821 1 2101
3 1 561 1 821 1 1461
3 1 561 1 821 1 1781
3 1 553 1 813 1 2093
3 1 544 1 804 1 1764
3 1 550 1 810 1 1450
3 1 415 1 1784 1 2104
3 1 555 1 815 1 1775
3 1 544 1 804 1 2084
3 1 564 1 824 1 2104
3 1 542 1 802 1 2082
3 1 393 1 1442 1 1762
3 1 555 1 815 1 1455
3 1 393 1 1762 1 2082
3 1 555 1 815 1 2095
3 1 473 1 1282 1 1922
3 1 557 1 753 1 2033
3 1 556 1 816 1 2096
3 1 556 1 816 1 1776
3 1 542 1 802 1 1442
3 1 558 1 818 1 2098
3 1 558 1 818 1 1458
3 1 558 1 818 1 1778
3 1 410 1 1779 1 2099
3 1 410 1 1459 1 1779
3 1 559 1 819 1 1459
3 1 559 1 819 1 2099
3 1 409 1 1522 1 1842
3 1 581 1 1193 1 1513
3 1 590 1 1202 1 1522
3 1 426 1 835 1 1795
3 1 630 1 1242 1 2202
3 1 502 1 927 1 2207
3 1 329 1 722 1 1362
3 1 635 1 927 1 1247
3 1 492 1 1301 1 1941
3 1 590 1 882 1 1202
3 1 458 1 1011 1 1971
3 1 630 1 922 1 1242
3 1 329 1 1362 1 2002
3 1 592 1 1204 1 1524
3 1 606 1 1218 1 2178
3 1 593 1 885 1 1205
3 1 630 1 1242 1 1882
3 1 567 1 827 1 1787
3 1 325 1 1358 1 1998
3 1 482 1 1611 1 1931
3 1 422 1 1215 1 1855
3 1 492 1 1621 1 1941
3 1 422 1 1791 1 2111
3 1 428 1 1733 1 2053
3 1 574 1 770 1 1410
3 1 425 1 1730 1 2050
3 1 581 1 873 1 1193
3 1 574 1 770 1 2050
3 1 425 1 1410 1 1730
3 1 573 1 769 1 1729
3 1 598 1 1274 1 1914
3 1 511 1 1320 1 1960
3 1 637 1 929 1 1249
3 1 373 1 766 1 1406
3 1 428 1 1413 1 1733
3 1 369 1 1018 1 1338
3 1 503 1 1632 1 1952
3 1 432 1 1161 1 1801
3 1 513 1 773 1 1413
3 1 587 1 1199 1 1519
3 1 513 1 773 1 2053
3 1 475 1 900 1 2180
3 1 602 1 958 1 1278
3 1 387 1 1500 1 1820
3 1 581 1 1257 1 2217
3 1 539 1 735 1 1055
3 1 331 1 1364 1 2004
3 1 443 1 1172 1 1812
3 1 377 1 1346 1 1986
3 1 509 1 1638 1 1958
3 1 601 1 1277 1 1917
3 1 582 1 1258 1 2218
3 1 632 1 860 1 1180
3 1 484 1 1613 1 1933
3 1 554 1 750 1 1070
3 1 355 1 748 1 1388
3 1 599 1 1275 1 2235
3 1 515 1 775 1 1735
3 1 487 1 1872 1 2192
3 1 530 1 790 1 1430
3 1 361 1 1330 1 1650
3 1 639 1 931 1 1251
3 1 530 1 790 1 1750
3 1 505 1 994 1 1954
3 1 526 1 786 1 1426
3 1 457 1 946 1 2226
3 1 331 1 980 1 1300
3 1 512 1 708 1 1028
3 1 589 1 945 1 1265
