437 2240
2 1 1788 1 2108
2 1 1468 1 2108
2 1 1468 1 1788
2 1 1463 1 2103
2 1 1784 1 2104
2 1 1466 1 1786
2 1 1769 1 2089
2 1 1466 1 2106
2 1 1786 1 2106
2 1 1436 1 1756
2 1 1438 1 2078
2 1 1756 1 2076
2 1 1436 1 2076
2 1 1434 1 2074
2 1 1431 1 1751
2 1 1431 1 2071
2 1 1751 1 2071
2 1 1750 1 2070
2 1 1430 1 2070
2 1 1430 1 1750
2 1 1429 1 2069
2 1 1422 1 1742
2 1 1422 1 2062
2 1 1742 1 2062
2 1 1733 1 2053
2 1 1728 1 2048
2 1 1741 1 2061
2 1 1290 1 1610
2 1 970 1 1610
2 1 970 1 1290
2 1 1417 1 1737
2 1 968 1 1288
2 1 968 1 1608
2 1 1288 1 1608
2 1 1424 1 1744
2 1 1416 1 1736
2 1 1281 1 1601
2 1 961 1 1601
2 1 961 1 1281
2 1 1017 1 1337
2 1 1017 1 1657
2 1 1337 1 1657
2 1 1016 1 1656
2 1 1016 1 1336
2 1 1336 1 1656
2 1 1015 1 1655
2 1 1015 1 1335
2 1 1335 1 1655
2 1 1019 1 1659
2 1 1002 1 1322
2 1 966 1 1606
2 1 1322 1 1642
2 1 1002 1 1642
2 1 1320 1 1640
2 1 1000 1 1640
2 1 998 1 1318
2 1 1318 1 1638
2 1 998 1 1638
2 1 996 1 1636
2 1 1309 1 1629
2 1 986 1 1306
2 1 987 1 1307
2 1 1000 1 1320
2 1 1305 1 1625
2 1 983 1 1303
2 1 983 1 1623
2 1 1303 1 1623
2 1 982 1 1622
2 1 979 1 1299
2 1 979 1 1619
2 1 1299 1 1619
2 1 1153 1 1473
2 1 963 1 1283
2 1 1215 1 1535
2 1 895 1 1215
2 1 895 1 1535
2 1 832 1 1152
2 1 1470 1 1790
2 1 1470 1 2110
2 1 1790 1 2110
2 1 1023 1 1663
2 1 1212 1 1532
2 1 889 1 1529
2 1 1208 1 1528
2 1 1207 1 1527
2 1 887 1 1527
2 1 887 1 1207
2 1 1206 1 1526
2 1 1333 1 1653
2 1 885 1 1205
2 1 1459 1 1779
2 1 1779 1 2099
2 1 1459 1 2099
2 1 1012 1 1332
2 1 1332 1 1652
2 1 886 1 1526
2 1 1012 1 1652
2 1 886 1 1206
2 1 881 1 1201
2 1 1455 1 2095
2 1 1774 1 2094
2 1 1327 1 1647
2 1 877 1 1197
2 1 1197 1 1517
2 1 877 1 1517
2 1 1195 1 1515
2 1 1193 1 1513
2 1 872 1 1512
2 1 868 1 1508
2 1 868 1 1188
2 1 866 1 1506
2 1 1188 1 1508
2 1 1186 1 1506
2 1 866 1 1186
2 1 994 1 1634
2 1 1760 1 2080
2 1 981 1 1621
2 1 993 1 1313
2 1 993 1 1633
2 1 1313 1 1633
2 1 1183 1 1503
2 1 863 1 1183
2 1 863 1 1503
2 1 862 1 1182
2 1 1182 1 1502
2 1 862 1 1502
2 1 1757 1 2077
2 1 1310 1 1630
2 1 860 1 1500
2 1 1180 1 1500
2 1 860 1 1180
2 1 859 1 1499
2 1 857 1 1497
2 1 1175 1 1495
2 1 854 1 1494
2 1 1174 1 1494
2 1 854 1 1174
2 1 853 1 1173
2 1 1173 1 1493
2 1 853 1 1493
2 1 852 1 1172
2 1 1172 1 1492
2 1 852 1 1492
2 1 980 1 1300
2 1 980 1 1620
2 1 1300 1 1620
2 1 1745 1 2065
2 1 1423 1 2063
2 1 846 1 1166
2 1 1166 1 1486
2 1 846 1 1486
2 1 845 1 1165
2 1 1165 1 1485
2 1 845 1 1485
2 1 973 1 1613
2 1 1163 1 1483
2 1 1162 1 1482
2 1 848 1 1488
2 1 840 1 1160
2 1 1287 1 1607
2 1 1156 1 1476
2 1 836 1 1156
2 1 836 1 1476
2 1 896 1 1856
2 1 767 1 1087
2 1 1791 1 2111
2 1 959 1 1919
2 1 1919 1 2239
2 1 959 1 2239
2 1 1021 1 1341
2 1 765 1 2045
2 1 958 1 2238
2 1 958 1 1918
2 1 1918 1 2238
2 1 1469 1 1789
2 1 1789 1 2109
2 1 1469 1 2109
2 1 893 1 1533
2 1 893 1 1213
2 1 1213 1 1533
2 1 1020 1 1660
2 1 1340 1 1660
2 1 1020 1 1340
2 1 891 1 1531
2 1 891 1 1211
2 1 1211 1 1531
2 1 955 1 1915
2 1 955 1 2235
2 1 1915 1 2235
2 1 762 1 1082
2 1 1081 1 2041
2 1 761 1 1081
2 1 761 1 2041
2 1 1914 1 2234
2 1 953 1 2233
2 1 1465 1 1785
2 1 1785 1 2105
2 1 1465 1 2105
2 1 1080 1 2040
2 1 760 1 1080
2 1 760 1 2040
2 1 1079 1 2039
2 1 952 1 2232
2 1 951 1 2231
2 1 758 1 1078
2 1 1078 1 2038
2 1 758 1 2038
2 1 995 1 1315
2 1 1077 1 2037
2 1 757 1 2037
2 1 757 1 1077
2 1 1909 1 2229
2 1 949 1 1909
2 1 949 1 2229
2 1 1011 1 1651
2 1 756 1 2036
2 1 1011 1 1331
2 1 1331 1 1651
2 1 948 1 1908
2 1 1330 1 1650
2 1 883 1 1523
2 1 1329 1 1649
2 1 1202 1 1522
2 1 882 1 1202
2 1 882 1 1522
2 1 753 1 1073
2 1 1457 1 2097
2 1 1457 1 1777
2 1 1777 1 2097
2 1 1905 1 2225
2 1 752 1 1072
2 1 1456 1 2096
2 1 1456 1 1776
2 1 1776 1 2096
2 1 944 1 2224
2 1 1199 1 1519
2 1 751 1 2031
2 1 750 1 2030
2 1 1006 1 1326
2 1 943 1 1903
2 1 1903 1 2223
2 1 943 1 2223
2 1 878 1 1518
2 1 749 1 2029
2 1 1069 1 2029
2 1 749 1 1069
2 1 1005 1 1645
2 1 1453 1 1773
2 1 1453 1 2093
2 1 1773 1 2093
2 1 1901 1 2221
2 1 1452 1 2092
2 1 1196 1 1516
2 1 747 1 1067
2 1 940 1 1900
2 1 940 1 2220
2 1 1900 1 2220
2 1 1451 1 2091
2 1 1771 1 2091
2 1 1451 1 1771
2 1 746 1 2026
2 1 746 1 1066
2 1 1066 1 2026
2 1 1770 1 2090
2 1 1065 1 2025
2 1 938 1 1898
2 1 938 1 2218
2 1 1898 1 2218
2 1 744 1 1064
2 1 1064 1 2024
2 1 744 1 2024
2 1 937 1 2217
2 1 1897 1 2217
2 1 937 1 1897
2 1 936 1 2216
2 1 1896 1 2216
2 1 936 1 1896
2 1 1063 1 2023
2 1 1767 1 2087
2 1 1447 1 1767
2 1 1447 1 2087
2 1 742 1 2022
2 1 997 1 1637
2 1 1190 1 1510
2 1 741 1 2021
2 1 741 1 1061
2 1 1061 1 2021
2 1 934 1 1894
2 1 1894 1 2214
2 1 934 1 2214
2 1 740 1 1060
2 1 738 1 1058
2 1 931 1 2211
2 1 1891 1 2211
2 1 931 1 1891
2 1 930 1 1890
2 1 1762 1 2082
2 1 1442 1 2082
2 1 1442 1 1762
2 1 1312 1 1632
2 1 1185 1 1505
2 1 929 1 2209
2 1 1889 1 2209
2 1 929 1 1889
2 1 991 1 1631
2 1 991 1 1311
2 1 1311 1 1631
2 1 864 1 1184
2 1 735 1 1055
2 1 926 1 1886
2 1 733 1 2013
2 1 925 1 1885
2 1 988 1 1308
2 1 988 1 1628
2 1 1308 1 1628
2 1 1181 1 1501
2 1 861 1 1501
2 1 861 1 1181
2 1 732 1 2012
2 1 1052 1 2012
2 1 732 1 1052
2 1 1884 1 2204
2 1 1051 1 2011
2 1 731 1 1051
2 1 731 1 2011
2 1 923 1 1883
2 1 1883 1 2203
2 1 923 1 2203
2 1 730 1 1050
2 1 729 1 2009
2 1 1049 1 2009
2 1 729 1 1049
2 1 922 1 2202
2 1 1882 1 2202
2 1 922 1 1882
2 1 1753 1 2073
2 1 1433 1 2073
2 1 1433 1 1753
2 1 921 1 1881
2 1 1048 1 2008
2 1 728 1 1048
2 1 728 1 2008
2 1 1432 1 1752
2 1 1752 1 2072
2 1 1432 1 2072
2 1 727 1 1047
2 1 920 1 2200
2 1 1046 1 2006
2 1 726 1 1046
2 1 726 1 2006
2 1 919 1 2199
2 1 918 1 2198
2 1 725 1 1045
2 1 917 1 2197
2 1 1877 1 2197
2 1 917 1 1877
2 1 1044 1 2004
2 1 916 1 1876
2 1 1748 1 2068
2 1 1427 1 1747
2 1 978 1 1618
2 1 1298 1 1618
2 1 978 1 1298
2 1 1042 1 2002
2 1 915 1 2195
2 1 849 1 1169
2 1 913 1 1873
2 1 913 1 2193
2 1 1873 1 2193
2 1 720 1 2000
2 1 1040 1 2000
2 1 720 1 1040
2 1 1872 1 2192
2 1 719 1 1999
2 1 911 1 2191
2 1 911 1 1871
2 1 1871 1 2191
2 1 1294 1 1614
2 1 974 1 1614
2 1 974 1 1294
2 1 847 1 1167
2 1 718 1 1998
2 1 1038 1 1998
2 1 718 1 1038
2 1 717 1 1037
2 1 909 1 1869
2 1 1869 1 2189
2 1 909 1 2189
2 1 844 1 1484
2 1 908 1 2188
2 1 908 1 1868
2 1 1868 1 2188
2 1 715 1 1035
2 1 1035 1 1995
2 1 715 1 1995
2 1 1419 1 2059
2 1 1739 1 2059
2 1 1419 1 1739
2 1 1034 1 1994
2 1 714 1 1034
2 1 714 1 1994
2 1 1418 1 2058
2 1 906 1 1866
2 1 1866 1 2186
2 1 906 1 2186
2 1 712 1 1032
2 1 904 1 1864
2 1 904 1 2184
2 1 1864 1 2184
2 1 1031 1 1991
2 1 711 1 1991
2 1 711 1 1031
2 1 903 1 2183
2 1 1415 1 1735
2 1 710 1 1990
2 1 965 1 1285
2 1 1285 1 1605
2 1 965 1 1605
2 1 1414 1 2054
2 1 1862 1 2182
2 1 902 1 2182
2 1 902 1 1862
2 1 708 1 1028
2 1 1860 1 2180
2 1 900 1 2180
2 1 900 1 1860
2 1 707 1 1027
2 1 899 1 1859
2 1 1730 1 2050
2 1 1410 1 1730
2 1 1410 1 2050
2 1 898 1 1858
2 1 705 1 1025
2 1 1025 1 1985
2 1 705 1 1985
2 1 1024 1 1984
2 1 897 1 2177
