602 2240
2 1 1786 1 2106
2 1 1458 1 2098
2 1 1458 1 1778
2 1 1778 1 2098
2 1 1457 1 1777
2 1 1784 1 2104
2 1 1457 1 2097
2 1 1777 1 2097
2 1 1456 1 1776
2 1 1455 1 2095
2 1 1456 1 2096
2 1 1776 1 2096
2 1 1454 1 1774
2 1 1774 1 2094
2 1 1454 1 2094
2 1 1452 1 1772
2 1 1772 1 2092
2 1 1452 1 2092
2 1 1443 1 2083
2 1 1758 1 2078
2 1 1434 1 2074
2 1 1436 1 2076
2 1 1431 1 2071
2 1 1436 1 1756
2 1 1423 1 2063
2 1 1423 1 1743
2 1 1756 1 2076
2 1 1743 1 2063
2 1 1739 1 2059
2 1 1415 1 2055
2 1 1411 1 1731
2 1 1411 1 2051
2 1 1731 1 2051
2 1 1730 1 2050
2 1 975 1 1615
2 1 975 1 1295
2 1 1295 1 1615
2 1 1294 1 1614
2 1 973 1 1613
2 1 973 1 1293
2 1 1293 1 1613
2 1 972 1 1292
2 1 972 1 1612
2 1 1292 1 1612
2 1 1291 1 1611
2 1 1290 1 1610
2 1 1289 1 1609
2 1 968 1 1288
2 1 1286 1 1606
2 1 961 1 1281
2 1 1023 1 1663
2 1 1023 1 1343
2 1 1343 1 1663
2 1 1022 1 1342
2 1 1022 1 1662
2 1 1342 1 1662
2 1 1017 1 1657
2 1 1015 1 1655
2 1 1333 1 1653
2 1 1013 1 1333
2 1 1013 1 1653
2 1 1461 1 1781
2 1 1460 1 1780
2 1 1008 1 1328
2 1 1007 1 1327
2 1 1009 1 1329
2 1 1326 1 1646
2 1 1325 1 1645
2 1 1450 1 1770
2 1 996 1 1636
2 1 996 1 1316
2 1 1316 1 1636
2 1 1314 1 1634
2 1 1309 1 1629
2 1 987 1 1307
2 1 1308 1 1628
2 1 987 1 1627
2 1 1307 1 1627
2 1 988 1 1308
2 1 1306 1 1626
2 1 1154 1 1474
2 1 988 1 1628
2 1 834 1 1154
2 1 834 1 1474
2 1 1155 1 1475
2 1 1152 1 1472
2 1 1021 1 1341
2 1 1468 1 1788
2 1 1467 1 2107
2 1 1467 1 1787
2 1 1787 1 2107
2 1 888 1 1208
2 1 890 1 1530
2 1 1783 1 2103
2 1 886 1 1526
2 1 885 1 1525
2 1 884 1 1204
2 1 1459 1 2099
2 1 1012 1 1652
2 1 882 1 1522
2 1 882 1 1202
2 1 1202 1 1522
2 1 881 1 1521
2 1 1201 1 1521
2 1 881 1 1201
2 1 1200 1 1520
2 1 880 1 1200
2 1 880 1 1520
2 1 1199 1 1519
2 1 879 1 1519
2 1 879 1 1199
2 1 878 1 1518
2 1 877 1 1517
2 1 1004 1 1324
2 1 1324 1 1644
2 1 1004 1 1644
2 1 1451 1 1771
2 1 874 1 1194
2 1 873 1 1193
2 1 1001 1 1641
2 1 1000 1 1640
2 1 1447 1 1767
2 1 870 1 1190
2 1 1189 1 1509
2 1 1444 1 1764
2 1 1444 1 2084
2 1 1764 1 2084
2 1 997 1 1637
2 1 1317 1 1637
2 1 997 1 1317
2 1 867 1 1507
2 1 1187 1 1507
2 1 867 1 1187
2 1 1185 1 1505
2 1 1760 1 2080
2 1 866 1 1506
2 1 865 1 1185
2 1 865 1 1505
2 1 1440 1 2080
2 1 1440 1 1760
2 1 1759 1 2079
2 1 1312 1 1632
2 1 862 1 1182
2 1 862 1 1502
2 1 1182 1 1502
2 1 861 1 1181
2 1 1181 1 1501
2 1 861 1 1501
2 1 1180 1 1500
2 1 859 1 1499
2 1 1179 1 1499
2 1 859 1 1179
2 1 856 1 1176
2 1 1169 1 1489
2 1 857 1 1177
2 1 857 1 1497
2 1 1177 1 1497
2 1 1166 1 1486
2 1 846 1 1486
2 1 846 1 1166
2 1 845 1 1165
2 1 1287 1 1607
2 1 967 1 1287
2 1 967 1 1607
2 1 1164 1 1484
2 1 843 1 1163
2 1 842 1 1482
2 1 842 1 1162
2 1 1162 1 1482
2 1 841 1 1481
2 1 1161 1 1481
2 1 841 1 1161
2 1 1160 1 1480
2 1 838 1 1478
2 1 1087 1 2047
2 1 1791 1 2111
2 1 959 1 1919
2 1 765 1 1085
2 1 1918 1 2238
2 1 958 1 1918
2 1 958 1 2238
2 1 764 1 2044
2 1 957 1 1917
2 1 1019 1 1659
2 1 763 1 2043
2 1 956 1 2236
2 1 956 1 1916
2 1 1916 1 2236
2 1 1915 1 2235
2 1 1018 1 1658
2 1 1082 1 2042
2 1 762 1 1082
2 1 762 1 2042
2 1 1914 1 2234
2 1 761 1 2041
2 1 953 1 2233
2 1 889 1 1529
2 1 1016 1 1656
2 1 1080 1 2040
2 1 1912 1 2232
2 1 1911 1 2231
2 1 951 1 1911
2 1 951 1 2231
2 1 1014 1 1654
2 1 887 1 1527
2 1 1078 1 2038
2 1 1910 1 2230
2 1 1076 1 2036
2 1 948 1 2228
2 1 883 1 1203
2 1 1907 1 2227
2 1 947 1 2227
2 1 947 1 1907
2 1 1074 1 2034
2 1 753 1 1073
2 1 1073 1 2033
2 1 753 1 2033
2 1 945 1 2225
2 1 944 1 1904
2 1 1904 1 2224
2 1 944 1 2224
2 1 1071 1 2031
2 1 943 1 1903
2 1 943 1 2223
2 1 1903 1 2223
2 1 1070 1 2030
2 1 942 1 1902
2 1 749 1 1069
2 1 941 1 1901
2 1 941 1 2221
2 1 1901 1 2221
2 1 1453 1 1773
2 1 1453 1 2093
2 1 1773 1 2093
2 1 748 1 1068
2 1 1900 1 2220
2 1 940 1 1900
2 1 940 1 2220
2 1 875 1 1515
2 1 939 1 2219
2 1 939 1 1899
2 1 1899 1 2219
2 1 746 1 1066
2 1 1898 1 2218
2 1 745 1 1065
2 1 937 1 2217
2 1 1449 1 1769
2 1 1319 1 1639
2 1 999 1 1319
2 1 999 1 1639
2 1 1448 1 1768
2 1 936 1 1896
2 1 936 1 2216
2 1 1896 1 2216
2 1 998 1 1638
2 1 998 1 1318
2 1 1318 1 1638
2 1 1062 1 2022
2 1 1766 1 2086
2 1 1894 1 2214
2 1 1445 1 1765
2 1 1445 1 2085
2 1 1765 1 2085
2 1 933 1 1893
2 1 933 1 2213
2 1 1893 1 2213
2 1 1315 1 1635
2 1 995 1 1315
2 1 995 1 1635
2 1 1059 1 2019
2 1 739 1 1059
2 1 739 1 2019
2 1 932 1 2212
2 1 1891 1 2211
2 1 1058 1 2018
2 1 738 1 2018
2 1 738 1 1058
2 1 930 1 1890
2 1 737 1 1057
2 1 736 1 2016
2 1 991 1 1631
2 1 864 1 1184
2 1 864 1 1504
2 1 1184 1 1504
2 1 735 1 2015
2 1 990 1 1310
2 1 1183 1 1503
2 1 863 1 1503
2 1 863 1 1183
2 1 734 1 1054
2 1 925 1 2205
2 1 1757 1 2077
2 1 1437 1 2077
2 1 1437 1 1757
2 1 732 1 1052
2 1 1051 1 2011
2 1 924 1 2204
2 1 1435 1 2075
2 1 923 1 2203
2 1 1883 1 2203
2 1 923 1 1883
2 1 730 1 1050
2 1 730 1 2010
2 1 1050 1 2010
2 1 729 1 1049
2 1 922 1 1882
2 1 728 1 1048
2 1 1432 1 2072
2 1 920 1 1880
2 1 727 1 1047
2 1 919 1 1879
2 1 1174 1 1494
2 1 854 1 1494
2 1 854 1 1174
2 1 918 1 1878
2 1 1301 1 1621
2 1 1429 1 2069
2 1 853 1 1173
2 1 724 1 2004
2 1 1748 1 2068
2 1 1172 1 1492
2 1 979 1 1299
2 1 979 1 1619
2 1 1299 1 1619
2 1 1298 1 1618
2 1 1427 1 2067
2 1 722 1 2002
2 1 1875 1 2195
2 1 977 1 1297
2 1 1297 1 1617
2 1 977 1 1617
2 1 1426 1 2066
2 1 1170 1 1490
2 1 721 1 1041
2 1 721 1 2001
2 1 1041 1 2001
2 1 1040 1 2000
2 1 1424 1 1744
2 1 719 1 1999
2 1 719 1 1039
2 1 1039 1 1999
2 1 718 1 1998
2 1 1038 1 1998
2 1 718 1 1038
2 1 911 1 2191
2 1 1871 1 2191
2 1 911 1 1871
2 1 1870 1 2190
2 1 910 1 1870
2 1 910 1 2190
2 1 1037 1 1997
2 1 717 1 1037
2 1 717 1 1997
2 1 1741 1 2061
2 1 909 1 2189
2 1 1036 1 1996
2 1 715 1 1995
2 1 715 1 1035
2 1 1035 1 1995
2 1 908 1 2188
2 1 907 1 2187
2 1 1034 1 1994
2 1 714 1 1034
2 1 714 1 1994
2 1 906 1 2186
2 1 713 1 1033
2 1 713 1 1993
2 1 1033 1 1993
2 1 1032 1 1992
2 1 712 1 1992
2 1 712 1 1032
2 1 711 1 1031
2 1 711 1 1991
2 1 1031 1 1991
2 1 904 1 1864
2 1 903 1 1863
2 1 710 1 1030
2 1 710 1 1990
2 1 1030 1 1990
2 1 1734 1 2054
2 1 902 1 1862
2 1 709 1 1029
2 1 1733 1 2053
2 1 1413 1 2053
2 1 1413 1 1733
2 1 708 1 1988
2 1 1861 1 2181
2 1 901 1 2181
2 1 901 1 1861
2 1 1027 1 1987
2 1 707 1 1987
2 1 707 1 1027
2 1 1412 1 2052
2 1 1412 1 1732
2 1 1732 1 2052
2 1 1156 1 1476
2 1 900 1 2180
2 1 1860 1 2180
2 1 900 1 1860
2 1 706 1 1986
2 1 706 1 1026
2 1 1026 1 1986
2 1 1859 1 2179
2 1 898 1 2178
2 1 1858 1 2178
2 1 898 1 1858
2 1 1857 1 2177
2 1 897 1 2177
2 1 897 1 1857
2 1 960 1 1600
2 1 960 1 1280
2 1 1280 1 1600
2 1 1409 1 2049
2 1 1409 1 1729
2 1 1729 1 2049
2 1 1153 1 1473
2 1 833 1 1473
2 1 833 1 1153
2 1 1856 1 2176
3 1 552 1 812 1 2092
3 1 597 1 1273 1 2233
3 1 527 1 723 1 2003
3 1 545 1 741 1 1061
3 1 605 1 897 1 1217
3 1 523 1 783 1 1743
3 1 534 1 794 1 1434
3 1 605 1 1217 1 2177
3 1 605 1 1217 1 1857
3 1 523 1 783 1 1423
3 1 585 1 877 1 1197
3 1 534 1 794 1 2074
3 1 611 1 839 1 1159
3 1 523 1 783 1 2063
3 1 430 1 839 1 1799
3 1 458 1 1011 1 1971
3 1 604 1 1216 1 2176
3 1 593 1 949 1 1269
3 1 574 1 770 1 2050
3 1 471 1 1280 1 1920
3 1 348 1 1061 1 1381
3 1 574 1 770 1 1730
3 1 385 1 1434 1 1754
3 1 604 1 1216 1 1856
3 1 518 1 778 1 2058
3 1 438 1 1167 1 1807
3 1 585 1 1261 1 1901
3 1 330 1 1363 1 2003
3 1 558 1 818 1 1778
3 1 566 1 826 1 1786
3 1 585 1 941 1 1261
3 1 566 1 826 1 2106
3 1 585 1 1261 1 2221
3 1 433 1 1738 1 2058
3 1 632 1 1244 1 2204
3 1 624 1 1236 1 1876
3 1 360 1 1393 1 2033
3 1 629 1 921 1 1241
3 1 491 1 1876 1 2196
3 1 575 1 771 1 1411
3 1 385 1 1754 1 2074
3 1 370 1 1403 1 2043
3 1 558 1 818 1 1458
3 1 558 1 818 1 2098
3 1 328 1 1361 1 2001
3 1 601 1 1213 1 1533
3 1 585 1 1197 1 1517
3 1 552 1 812 1 1452
3 1 542 1 802 1 2082
3 1 571 1 831 1 2111
3 1 564 1 824 1 1784
3 1 552 1 812 1 1772
3 1 370 1 763 1 1403
3 1 466 1 1019 1 1979
3 1 466 1 1659 1 1979
3 1 334 1 727 1 1367
3 1 512 1 772 1 2052
3 1 453 1 1326 1 1966
3 1 533 1 793 1 1433
3 1 623 1 1171 1 1491
3 1 370 1 1019 1 1339
3 1 584 1 1196 1 1516
3 1 370 1 1339 1 1659
3 1 399 1 1192 1 1832
3 1 570 1 766 1 1086
3 1 576 1 1188 1 1508
3 1 586 1 1198 1 1518
3 1 564 1 824 1 2104
3 1 486 1 1615 1 1935
3 1 413 1 1782 1 2102
3 1 418 1 891 1 1851
3 1 562 1 822 1 2102
3 1 429 1 1478 1 1798
3 1 497 1 1306 1 1946
3 1 447 1 856 1 1816
3 1 546 1 742 1 2022
3 1 462 1 1015 1 1975
3 1 557 1 817 1 2097
3 1 606 1 898 1 1218
3 1 606 1 1218 1 1858
3 1 571 1 831 1 1791
3 1 362 1 1011 1 1331
3 1 557 1 817 1 1457
3 1 439 1 1168 1 1808
3 1 394 1 1763 1 2083
3 1 393 1 1762 1 2082
3 1 493 1 918 1 2198
3 1 594 1 1270 1 1910
3 1 394 1 1443 1 1763
3 1 557 1 817 1 1777
3 1 598 1 1274 1 1914
3 1 555 1 815 1 2095
3 1 496 1 921 1 2201
3 1 543 1 803 1 1443
3 1 543 1 803 1 2083
3 1 471 1 960 1 1920
3 1 368 1 1401 1 2041
3 1 388 1 861 1 1821
3 1 578 1 1254 1 2214
3 1 556 1 816 1 1776
3 1 597 1 953 1 1273
3 1 555 1 815 1 1455
3 1 342 1 1375 1 2015
3 1 486 1 1295 1 1935
3 1 390 1 1183 1 1823
3 1 546 1 742 1 1062
3 1 595 1 1271 1 2231
3 1 364 1 1077 1 1397
3 1 554 1 814 1 1774
3 1 577 1 1253 1 1893
3 1 486 1 975 1 1935
3 1 554 1 814 1 1454
3 1 489 1 1298 1 1938
3 1 554 1 814 1 2094
3 1 546 1 806 1 2086
3 1 406 1 1775 1 2095
3 1 553 1 813 1 2093
3 1 376 1 705 1 1345
3 1 487 1 976 1 1936
3 1 612 1 904 1 1224
3 1 384 1 1497 1 1817
3 1 384 1 1433 1 1753
3 1 406 1 1455 1 1775
3 1 464 1 1657 1 1977
3 1 366 1 1335 1 1655
3 1 553 1 813 1 1773
3 1 556 1 816 1 2096
3 1 556 1 816 1 1456
3 1 410 1 1779 1 2099
3 1 578 1 1254 1 1894
3 1 546 1 806 1 1766
3 1 386 1 1435 1 1755
3 1 497 1 1626 1 1946
3 1 478 1 1287 1 1927
3 1 519 1 779 1 1739
3 1 553 1 813 1 1453
3 1 560 1 820 1 1780
3 1 411 1 1204 1 1844
3 1 609 1 1157 1 1477
3 1 368 1 1017 1 1337
3 1 535 1 731 1 2011
3 1 498 1 1307 1 1947
3 1 338 1 1051 1 1371
3 1 567 1 827 1 1467
3 1 535 1 731 1 1051
3 1 367 1 1080 1 1400
3 1 420 1 1533 1 1853
3 1 560 1 820 1 1460
3 1 428 1 1477 1 1797
3 1 511 1 1640 1 1960
3 1 498 1 987 1 1947
3 1 338 1 1371 1 2011
3 1 382 1 1351 1 1991
3 1 413 1 886 1 1846
3 1 597 1 889 1 1209
3 1 606 1 1218 1 2178
3 1 630 1 1178 1 1498
3 1 335 1 728 1 1368
3 1 594 1 1270 1 2230
3 1 495 1 1304 1 1944
3 1 349 1 1382 1 2022
3 1 472 1 961 1 1921
3 1 361 1 1074 1 1394
3 1 424 1 1473 1 1793
3 1 367 1 1400 1 2040
3 1 616 1 908 1 1228
3 1 616 1 1228 1 2188
3 1 440 1 1169 1 1809
3 1 599 1 1275 1 2235
3 1 355 1 1068 1 1388
3 1 536 1 796 1 1436
3 1 509 1 1318 1 1958
3 1 372 1 765 1 1405
3 1 490 1 1619 1 1939
3 1 508 1 1317 1 1957
3 1 460 1 1013 1 1973
3 1 454 1 1327 1 1967
3 1 508 1 997 1 1957
3 1 331 1 980 1 1300
3 1 513 1 773 1 1733
3 1 424 1 1153 1 1793
3 1 526 1 786 1 1426
3 1 386 1 1179 1 1819
