631 2240
2 1 1456 1 2096
2 1 1454 1 2094
2 1 1774 1 2094
2 1 1454 1 1774
2 1 1771 1 2091
2 1 1446 1 2086
2 1 1446 1 1766
2 1 1766 1 2086
2 1 1467 1 1787
2 1 1763 1 2083
2 1 1435 1 2075
2 1 1467 1 2107
2 1 1434 1 2074
2 1 1431 1 2071
2 1 1765 1 2085
2 1 1787 1 2107
2 1 1756 1 2076
2 1 1751 1 2071
2 1 1436 1 1756
2 1 1436 1 2076
2 1 1431 1 1751
2 1 1750 1 2070
2 1 1430 1 2070
2 1 1430 1 1750
2 1 1429 1 2069
2 1 1413 1 2053
2 1 1410 1 2050
2 1 1409 1 2049
2 1 975 1 1295
2 1 973 1 1293
2 1 973 1 1613
2 1 1293 1 1613
2 1 1424 1 2064
2 1 970 1 1290
2 1 1290 1 1610
2 1 970 1 1610
2 1 1744 1 2064
2 1 968 1 1288
2 1 968 1 1608
2 1 1288 1 1608
2 1 966 1 1286
2 1 1285 1 1605
2 1 1424 1 1744
2 1 1283 1 1603
2 1 1281 1 1601
2 1 960 1 1600
2 1 960 1 1280
2 1 1280 1 1600
2 1 1023 1 1343
2 1 1018 1 1658
2 1 1018 1 1338
2 1 1338 1 1658
2 1 1016 1 1656
2 1 1016 1 1336
2 1 1336 1 1656
2 1 1335 1 1655
2 1 1005 1 1645
2 1 1453 1 1773
2 1 1004 1 1324
2 1 1004 1 1644
2 1 1324 1 1644
2 1 999 1 1319
2 1 1447 1 1767
2 1 998 1 1638
2 1 996 1 1636
2 1 988 1 1308
2 1 1308 1 1628
2 1 988 1 1628
2 1 987 1 1627
2 1 1307 1 1627
2 1 987 1 1307
2 1 986 1 1626
2 1 986 1 1306
2 1 1306 1 1626
2 1 1302 1 1622
2 1 1411 1 2051
2 1 1284 1 1604
2 1 997 1 1317
2 1 834 1 1474
2 1 1154 1 1474
2 1 834 1 1154
2 1 833 1 1153
2 1 1153 1 1473
2 1 833 1 1473
2 1 832 1 1152
2 1 1152 1 1472
2 1 832 1 1472
2 1 1211 1 1531
2 1 1466 1 1786
2 1 1786 1 2106
2 1 1466 1 2106
2 1 889 1 1529
2 1 1208 1 1528
2 1 1207 1 1527
2 1 1460 1 1780
2 1 1013 1 1333
2 1 886 1 1206
2 1 1201 1 1521
2 1 1459 1 1779
2 1 1003 1 1643
2 1 869 1 1509
2 1 1188 1 1508
2 1 868 1 1508
2 1 868 1 1188
2 1 995 1 1635
2 1 1441 1 2081
2 1 994 1 1634
2 1 1187 1 1507
2 1 1760 1 2080
2 1 1440 1 1760
2 1 1440 1 2080
2 1 1439 1 1759
2 1 1438 1 1758
2 1 1438 1 2078
2 1 1758 1 2078
2 1 861 1 1501
2 1 861 1 1181
2 1 1181 1 1501
2 1 877 1 1517
2 1 860 1 1180
2 1 859 1 1499
2 1 858 1 1498
2 1 857 1 1497
2 1 857 1 1177
2 1 1177 1 1497
2 1 1432 1 1752
2 1 855 1 1175
2 1 1174 1 1494
2 1 854 1 1494
2 1 854 1 1174
2 1 853 1 1493
2 1 981 1 1621
2 1 1301 1 1621
2 1 981 1 1301
2 1 1300 1 1620
2 1 980 1 1300
2 1 980 1 1620
2 1 1746 1 2066
2 1 849 1 1169
2 1 1169 1 1489
2 1 849 1 1489
2 1 847 1 1487
2 1 847 1 1167
2 1 1167 1 1487
2 1 846 1 1166
2 1 1741 1 2061
2 1 974 1 1614
2 1 974 1 1294
2 1 1294 1 1614
2 1 1163 1 1483
2 1 843 1 1163
2 1 843 1 1483
2 1 844 1 1164
2 1 844 1 1484
2 1 1164 1 1484
2 1 1291 1 1611
2 1 841 1 1161
2 1 839 1 1159
2 1 1156 1 1476
2 1 836 1 1156
2 1 836 1 1476
2 1 896 1 1856
2 1 1728 1 2048
2 1 1087 1 2047
2 1 767 1 2047
2 1 767 1 1087
2 1 1086 1 2046
2 1 959 1 1919
2 1 959 1 2239
2 1 1919 1 2239
2 1 1470 1 1790
2 1 765 1 2045
2 1 765 1 1085
2 1 1085 1 2045
2 1 958 1 2238
2 1 1469 1 1789
2 1 1469 1 2109
2 1 1789 1 2109
2 1 957 1 2237
2 1 1468 1 2108
2 1 1788 1 2108
2 1 1468 1 1788
2 1 1212 1 1532
2 1 763 1 2043
2 1 763 1 1083
2 1 1083 1 2043
2 1 1916 1 2236
2 1 956 1 2236
2 1 956 1 1916
2 1 762 1 2042
2 1 954 1 2234
2 1 1914 1 2234
2 1 954 1 1914
2 1 1210 1 1530
2 1 890 1 1210
2 1 890 1 1530
2 1 1337 1 1657
2 1 1017 1 1337
2 1 1017 1 1657
2 1 1081 1 2041
2 1 761 1 1081
2 1 761 1 2041
2 1 1913 1 2233
2 1 1785 1 2105
2 1 1080 1 2040
2 1 1784 1 2104
2 1 1079 1 2039
2 1 952 1 2232
2 1 951 1 1911
2 1 951 1 2231
2 1 1078 1 2038
2 1 758 1 2038
2 1 1911 1 2231
2 1 758 1 1078
2 1 757 1 2037
2 1 885 1 1205
2 1 1332 1 1652
2 1 756 1 2036
2 1 1908 1 2228
2 1 884 1 1204
2 1 755 1 2035
2 1 1331 1 1651
2 1 1011 1 1651
2 1 1011 1 1331
2 1 1907 1 2227
2 1 1010 1 1650
2 1 1330 1 1650
2 1 1010 1 1330
2 1 1778 1 2098
2 1 1906 1 2226
2 1 753 1 1073
2 1 1072 1 2032
2 1 752 1 1072
2 1 752 1 2032
2 1 1905 1 2225
2 1 751 1 2031
2 1 1326 1 1646
2 1 1455 1 2095
2 1 1199 1 1519
2 1 879 1 1519
2 1 879 1 1199
2 1 943 1 1903
2 1 750 1 1070
2 1 750 1 2030
2 1 1070 1 2030
2 1 749 1 1069
2 1 1069 1 2029
2 1 749 1 2029
2 1 941 1 2221
2 1 1901 1 2221
2 1 941 1 1901
2 1 1772 1 2092
2 1 1452 1 1772
2 1 1452 1 2092
2 1 940 1 1900
2 1 1900 1 2220
2 1 940 1 2220
2 1 746 1 2026
2 1 939 1 2219
2 1 939 1 1899
2 1 1899 1 2219
2 1 1770 1 2090
2 1 1194 1 1514
2 1 874 1 1514
2 1 874 1 1194
2 1 938 1 1898
2 1 1898 1 2218
2 1 938 1 2218
2 1 1000 1 1640
2 1 1449 1 1769
2 1 1064 1 2024
2 1 744 1 2024
2 1 744 1 1064
2 1 1897 1 2217
2 1 1063 1 2023
2 1 1896 1 2216
2 1 935 1 2215
2 1 1895 1 2215
2 1 935 1 1895
2 1 1894 1 2214
2 1 934 1 2214
2 1 934 1 1894
2 1 1061 1 2021
2 1 933 1 2213
2 1 1060 1 2020
2 1 932 1 2212
2 1 932 1 1892
2 1 1892 1 2212
2 1 1444 1 2084
2 1 1444 1 1764
2 1 1764 1 2084
2 1 739 1 1059
2 1 931 1 2211
2 1 1891 1 2211
2 1 931 1 1891
2 1 930 1 2210
2 1 930 1 1890
2 1 1890 1 2210
2 1 1186 1 1506
2 1 866 1 1186
2 1 866 1 1506
2 1 737 1 2017
2 1 1313 1 1633
2 1 993 1 1313
2 1 993 1 1633
2 1 1889 1 2209
2 1 865 1 1185
2 1 992 1 1312
2 1 1184 1 1504
2 1 864 1 1184
2 1 864 1 1504
2 1 991 1 1311
2 1 1311 1 1631
2 1 991 1 1631
2 1 1310 1 1630
2 1 863 1 1503
2 1 863 1 1183
2 1 1183 1 1503
2 1 1886 1 2206
2 1 1309 1 1629
2 1 989 1 1309
2 1 989 1 1629
2 1 862 1 1182
2 1 733 1 1053
2 1 1053 1 2013
2 1 733 1 2013
2 1 732 1 1052
2 1 1052 1 2012
2 1 732 1 2012
2 1 924 1 2204
2 1 1884 1 2204
2 1 924 1 1884
2 1 1051 1 2011
2 1 731 1 1051
2 1 731 1 2011
2 1 1883 1 2203
2 1 923 1 2203
2 1 923 1 1883
2 1 730 1 2010
2 1 730 1 1050
2 1 1050 1 2010
2 1 729 1 1049
2 1 1049 1 2009
2 1 729 1 2009
2 1 1753 1 2073
2 1 1433 1 1753
2 1 1433 1 2073
2 1 921 1 1881
2 1 1176 1 1496
2 1 727 1 1047
2 1 920 1 2200
2 1 1880 1 2200
2 1 920 1 1880
2 1 726 1 1046
2 1 918 1 2198
2 1 918 1 1878
2 1 1878 1 2198
2 1 725 1 1045
2 1 917 1 2197
2 1 917 1 1877
2 1 1877 1 2197
2 1 1428 1 2068
2 1 1748 1 2068
2 1 1428 1 1748
2 1 852 1 1492
2 1 916 1 1876
2 1 1299 1 1619
2 1 1747 1 2067
2 1 1427 1 2067
2 1 1427 1 1747
2 1 722 1 2002
2 1 1170 1 1490
2 1 721 1 1041
2 1 1425 1 1745
2 1 1873 1 2193
2 1 720 1 1040
2 1 719 1 1039
2 1 1039 1 1999
2 1 719 1 1999
2 1 1872 1 2192
2 1 912 1 1872
2 1 912 1 2192
2 1 911 1 2191
2 1 1871 1 2191
2 1 911 1 1871
2 1 1038 1 1998
2 1 1422 1 2062
2 1 910 1 1870
2 1 1165 1 1485
2 1 1036 1 1996
2 1 909 1 1869
2 1 715 1 1035
2 1 1035 1 1995
2 1 715 1 1995
2 1 1419 1 1739
2 1 1739 1 2059
2 1 1419 1 2059
2 1 1162 1 1482
2 1 969 1 1289
2 1 969 1 1609
2 1 1289 1 1609
2 1 906 1 2186
2 1 713 1 1033
2 1 712 1 1992
2 1 967 1 1287
2 1 840 1 1160
2 1 711 1 1031
2 1 1030 1 1990
2 1 710 1 1030
2 1 710 1 1990
2 1 1734 1 2054
2 1 1414 1 1734
2 1 1414 1 2054
2 1 709 1 1989
2 1 1029 1 1989
2 1 709 1 1029
2 1 902 1 1862
2 1 708 1 1028
2 1 901 1 2181
2 1 707 1 1987
2 1 835 1 1155
2 1 1859 1 2179
2 1 899 1 1859
2 1 899 1 2179
2 1 706 1 1026
2 1 705 1 1025
2 1 897 1 1857
2 1 704 1 1024
2 1 1024 1 1984
2 1 704 1 1984
3 1 612 1 904 1 1224
3 1 513 1 773 1 2053
3 1 513 1 773 1 1413
3 1 583 1 1195 1 1515
3 1 526 1 786 1 2066
3 1 452 1 1005 1 1965
3 1 543 1 803 1 1763
3 1 526 1 786 1 1746
3 1 543 1 803 1 2083
3 1 349 1 1062 1 1382
3 1 405 1 1518 1 1838
3 1 633 1 1245 1 2205
3 1 611 1 1223 1 1863
3 1 340 1 1373 1 2013
3 1 428 1 1733 1 2053
3 1 581 1 1257 1 2217
3 1 428 1 1413 1 1733
3 1 344 1 737 1 1377
3 1 382 1 711 1 1351
3 1 509 1 998 1 1958
3 1 550 1 810 1 1770
3 1 364 1 1397 1 2037
3 1 469 1 1342 1 1982
3 1 584 1 876 1 1196
3 1 545 1 805 1 1765
3 1 344 1 1377 1 2017
3 1 448 1 1641 1 1961
3 1 418 1 1531 1 1851
3 1 450 1 1643 1 1963
3 1 382 1 1031 1 1351
3 1 403 1 876 1 1836
3 1 567 1 827 1 2107
3 1 567 1 827 1 1787
3 1 371 1 1020 1 1340
3 1 567 1 827 1 1467
3 1 625 1 1237 1 2197
3 1 536 1 796 1 2076
3 1 351 1 1320 1 1640
3 1 545 1 805 1 2085
3 1 554 1 814 1 1774
3 1 554 1 814 1 1454
3 1 356 1 1325 1 1645
3 1 554 1 814 1 2094
3 1 407 1 1776 1 2096
3 1 556 1 816 1 1456
3 1 407 1 1456 1 1776
3 1 356 1 1005 1 1325
3 1 625 1 1237 1 1877
3 1 564 1 824 1 2104
3 1 556 1 816 1 2096
3 1 551 1 811 1 2091
3 1 546 1 806 1 1766
3 1 546 1 806 1 2086
3 1 345 1 1378 1 2018
3 1 546 1 806 1 1446
3 1 551 1 811 1 1771
3 1 625 1 917 1 1237
3 1 536 1 796 1 1756
3 1 536 1 796 1 1436
3 1 452 1 1645 1 1965
3 1 514 1 774 1 2054
3 1 592 1 1268 1 1908
3 1 470 1 1343 1 1983
3 1 467 1 1020 1 1980
3 1 470 1 1023 1 1983
3 1 386 1 1755 1 2075
3 1 386 1 1435 1 1755
3 1 453 1 1326 1 1966
3 1 453 1 1646 1 1966
3 1 535 1 795 1 1435
3 1 535 1 795 1 2075
3 1 385 1 1754 1 2074
3 1 534 1 794 1 1434
3 1 471 1 960 1 1920
3 1 392 1 1185 1 1825
3 1 471 1 1600 1 1920
3 1 564 1 824 1 1784
3 1 385 1 1434 1 1754
3 1 471 1 1280 1 1920
3 1 519 1 779 1 1419
3 1 591 1 1267 1 2227
3 1 592 1 1268 1 2228
3 1 638 1 1250 1 2210
3 1 626 1 1238 1 2198
3 1 589 1 1265 1 2225
3 1 638 1 1250 1 1890
3 1 534 1 794 1 2074
3 1 561 1 821 1 1781
3 1 504 1 1633 1 1953
3 1 552 1 812 1 1452
3 1 542 1 738 1 2018
3 1 373 1 1406 1 2046
3 1 390 1 1183 1 1823
3 1 472 1 1857 1 2177
3 1 638 1 930 1 1250
3 1 538 1 798 1 1758
3 1 472 1 897 1 2177
3 1 605 1 1217 1 1857
3 1 393 1 1186 1 1826
3 1 605 1 897 1 1217
3 1 624 1 1236 1 1876
3 1 504 1 993 1 1953
3 1 626 1 918 1 1238
3 1 393 1 866 1 1826
3 1 624 1 852 1 1172
3 1 491 1 1300 1 1940
3 1 459 1 1332 1 1972
3 1 393 1 1506 1 1826
3 1 477 1 1286 1 1926
3 1 597 1 1273 1 1913
3 1 624 1 916 1 1236
3 1 577 1 933 1 1253
3 1 540 1 800 1 1440
3 1 408 1 1777 1 2097
3 1 504 1 1313 1 1953
3 1 590 1 1266 1 2226
3 1 625 1 853 1 1173
3 1 587 1 1263 1 1903
3 1 514 1 774 1 1734
3 1 492 1 981 1 1941
3 1 373 1 1086 1 1406
3 1 459 1 1652 1 1972
3 1 412 1 1205 1 1845
3 1 422 1 1535 1 1855
3 1 399 1 1192 1 1832
3 1 588 1 1200 1 1520
3 1 346 1 739 1 1379
3 1 623 1 1171 1 1491
3 1 417 1 1530 1 1850
3 1 425 1 1730 1 2050
3 1 541 1 801 1 1441
3 1 624 1 1172 1 1492
3 1 498 1 1627 1 1947
3 1 541 1 801 1 2081
3 1 585 1 941 1 1261
3 1 573 1 769 1 2049
3 1 607 1 899 1 1219
3 1 392 1 1761 1 2081
3 1 573 1 769 1 1409
3 1 426 1 835 1 1795
3 1 424 1 1409 1 1729
3 1 620 1 1232 1 2192
3 1 424 1 1729 1 2049
3 1 486 1 1295 1 1935
3 1 426 1 1155 1 1795
3 1 424 1 1473 1 1793
3 1 429 1 1158 1 1798
3 1 486 1 975 1 1935
3 1 498 1 987 1 1947
3 1 412 1 885 1 1845
3 1 392 1 1441 1 1761
3 1 527 1 723 1 2003
3 1 540 1 736 1 2016
3 1 520 1 780 1 2060
3 1 377 1 1026 1 1346
3 1 552 1 748 1 1068
3 1 607 1 1219 1 1859
3 1 424 1 1153 1 1793
3 1 547 1 807 1 1447
3 1 625 1 1173 1 1493
3 1 489 1 978 1 1938
3 1 460 1 949 1 2229
3 1 524 1 784 1 1424
3 1 435 1 1740 1 2060
3 1 586 1 1262 1 1902
3 1 531 1 791 1 2071
3 1 420 1 1213 1 1853
3 1 598 1 1274 1 2234
3 1 598 1 954 1 1274
3 1 514 1 774 1 1414
3 1 542 1 802 1 1762
3 1 480 1 969 1 1929
3 1 425 1 1154 1 1794
3 1 392 1 865 1 1825
3 1 377 1 706 1 1346
3 1 396 1 869 1 1829
3 1 460 1 1333 1 1973
3 1 576 1 1252 1 2212
3 1 593 1 949 1 1269
3 1 442 1 1491 1 1811
3 1 426 1 1411 1 1731
3 1 372 1 1405 1 2045
3 1 531 1 791 1 1431
3 1 431 1 1416 1 1736
3 1 585 1 1261 1 1901
3 1 425 1 834 1 1794
3 1 540 1 800 1 1760
3 1 340 1 733 1 1373
3 1 523 1 783 1 1423
3 1 414 1 1527 1 1847
3 1 609 1 1157 1 1477
3 1 362 1 1395 1 2035
3 1 610 1 1222 1 1862
3 1 472 1 1281 1 1921
3 1 524 1 784 1 2064
3 1 616 1 1228 1 2188
3 1 511 1 1000 1 1960
3 1 540 1 800 1 2080
3 1 608 1 900 1 1220
3 1 577 1 1189 1 1509
3 1 575 1 771 1 2051
