710 2240
2 1 1790 1 2110
2 1 1470 1 1790
2 1 1466 1 1786
2 1 1470 1 2110
2 1 1786 1 2106
2 1 1466 1 2106
2 1 1463 1 2103
2 1 1463 1 1783
2 1 1783 1 2103
2 1 1778 1 2098
2 1 1451 1 1771
2 1 1451 1 2091
2 1 1771 1 2091
2 1 1764 1 2084
2 1 1449 1 1769
2 1 1449 1 2089
2 1 1769 1 2089
2 1 1444 1 1764
2 1 1444 1 2084
2 1 1443 1 2083
2 1 1763 1 2083
2 1 1443 1 1763
2 1 1760 1 2080
2 1 1747 1 2067
2 1 1742 1 2062
2 1 1739 1 2059
2 1 1417 1 1737
2 1 1438 1 2078
2 1 1417 1 2057
2 1 1737 1 2057
2 1 1412 1 2052
2 1 975 1 1615
2 1 970 1 1290
2 1 1023 1 1663
2 1 1341 1 1661
2 1 1469 1 1789
2 1 1468 1 1788
2 1 1460 1 1780
2 1 1011 1 1331
2 1 1011 1 1651
2 1 1016 1 1336
2 1 1336 1 1656
2 1 1016 1 1656
2 1 1331 1 1651
2 1 1008 1 1648
2 1 1328 1 1648
2 1 1008 1 1328
2 1 1005 1 1645
2 1 1005 1 1325
2 1 1325 1 1645
2 1 1002 1 1322
2 1 1442 1 1762
2 1 995 1 1315
2 1 1309 1 1629
2 1 1437 1 1757
2 1 1436 1 1756
2 1 989 1 1629
2 1 989 1 1309
2 1 1435 1 1755
2 1 981 1 1301
2 1 1430 1 1750
2 1 1300 1 1620
2 1 993 1 1633
2 1 979 1 1619
2 1 1299 1 1619
2 1 979 1 1299
2 1 1297 1 1617
2 1 1411 1 2051
2 1 963 1 1283
2 1 1410 1 1730
2 1 1152 1 1472
2 1 832 1 1152
2 1 832 1 1472
2 1 893 1 1533
2 1 1020 1 1340
2 1 890 1 1210
2 1 892 1 1212
2 1 889 1 1529
2 1 1207 1 1527
2 1 1206 1 1526
2 1 886 1 1206
2 1 1729 1 2049
2 1 886 1 1526
2 1 1409 1 2049
2 1 1204 1 1524
2 1 1779 1 2099
2 1 1459 1 2099
2 1 1459 1 1779
2 1 1202 1 1522
2 1 882 1 1522
2 1 882 1 1202
2 1 1201 1 1521
2 1 881 1 1521
2 1 881 1 1201
2 1 1017 1 1657
2 1 1017 1 1337
2 1 1337 1 1657
2 1 1776 1 2096
2 1 1456 1 2096
2 1 1456 1 1776
2 1 1329 1 1649
2 1 879 1 1519
2 1 1453 1 1773
2 1 1199 1 1519
2 1 1006 1 1326
2 1 1003 1 1643
2 1 879 1 1199
2 1 1193 1 1513
2 1 873 1 1513
2 1 873 1 1193
2 1 1448 1 2088
2 1 1000 1 1640
2 1 1446 1 1766
2 1 869 1 1189
2 1 868 1 1508
2 1 1187 1 1507
2 1 867 1 1507
2 1 867 1 1187
2 1 866 1 1186
2 1 1186 1 1506
2 1 866 1 1506
2 1 994 1 1314
2 1 864 1 1184
2 1 1182 1 1502
2 1 861 1 1181
2 1 860 1 1180
2 1 859 1 1179
2 1 987 1 1307
2 1 1181 1 1501
2 1 987 1 1627
2 1 1307 1 1627
2 1 1433 1 2073
2 1 1306 1 1626
2 1 855 1 1175
2 1 853 1 1173
2 1 1172 1 1492
2 1 850 1 1490
2 1 978 1 1298
2 1 861 1 1501
2 1 847 1 1167
2 1 974 1 1294
2 1 974 1 1614
2 1 1294 1 1614
2 1 1421 1 1741
2 1 1163 1 1483
2 1 842 1 1162
2 1 842 1 1482
2 1 1162 1 1482
2 1 969 1 1609
2 1 1415 1 2055
2 1 1288 1 1608
2 1 968 1 1288
2 1 968 1 1608
2 1 836 1 1156
2 1 1856 1 2176
2 1 1409 1 1729
2 1 1408 1 2048
2 1 1215 1 1535
2 1 1086 1 2046
2 1 959 1 1919
2 1 1085 1 2045
2 1 765 1 1085
2 1 765 1 2045
2 1 1918 1 2238
2 1 957 1 2237
2 1 764 1 1084
2 1 764 1 2044
2 1 1084 1 2044
2 1 1916 1 2236
2 1 956 1 2236
2 1 956 1 1916
2 1 891 1 1211
2 1 1915 1 2235
2 1 955 1 2235
2 1 955 1 1915
2 1 762 1 2042
2 1 762 1 1082
2 1 1082 1 2042
2 1 1081 1 2041
2 1 761 1 2041
2 1 761 1 1081
2 1 953 1 2233
2 1 953 1 1913
2 1 1913 1 2233
2 1 1785 1 2105
2 1 760 1 2040
2 1 1015 1 1335
2 1 1784 1 2104
2 1 952 1 2232
2 1 1078 1 2038
2 1 1911 1 2231
2 1 1910 1 2230
2 1 950 1 1910
2 1 950 1 2230
2 1 1462 1 1782
2 1 757 1 2037
2 1 1461 1 2101
2 1 1012 1 1332
2 1 756 1 2036
2 1 1012 1 1652
2 1 1076 1 2036
2 1 1332 1 1652
2 1 949 1 2229
2 1 756 1 1076
2 1 949 1 1909
2 1 1909 1 2229
2 1 755 1 2035
2 1 947 1 2227
2 1 883 1 1203
2 1 1010 1 1650
2 1 1330 1 1650
2 1 1010 1 1330
2 1 1906 1 2226
2 1 1073 1 2033
2 1 1905 1 2225
2 1 945 1 1905
2 1 945 1 2225
2 1 1777 1 2097
2 1 752 1 2032
2 1 1007 1 1327
2 1 1327 1 1647
2 1 1007 1 1647
2 1 1200 1 1520
2 1 751 1 1071
2 1 944 1 2224
2 1 944 1 1904
2 1 1904 1 2224
2 1 1903 1 2223
2 1 750 1 2030
2 1 750 1 1070
2 1 1070 1 2030
2 1 942 1 1902
2 1 1324 1 1644
2 1 877 1 1197
2 1 941 1 1901
2 1 1068 1 2028
2 1 748 1 2028
2 1 748 1 1068
2 1 1452 1 2092
2 1 1900 1 2220
2 1 1067 1 2027
2 1 747 1 1067
2 1 747 1 2027
2 1 938 1 2218
2 1 938 1 1898
2 1 1898 1 2218
2 1 874 1 1514
2 1 874 1 1194
2 1 1194 1 1514
2 1 745 1 1065
2 1 744 1 2024
2 1 1896 1 2216
2 1 936 1 1896
2 1 936 1 2216
2 1 872 1 1512
2 1 999 1 1319
2 1 999 1 1639
2 1 1319 1 1639
2 1 998 1 1638
2 1 1318 1 1638
2 1 998 1 1318
2 1 1447 1 1767
2 1 1447 1 2087
2 1 1767 1 2087
2 1 871 1 1511
2 1 742 1 2022
2 1 1190 1 1510
2 1 1061 1 2021
2 1 1893 1 2213
2 1 932 1 1892
2 1 739 1 2019
2 1 1059 1 2019
2 1 739 1 1059
2 1 931 1 2211
2 1 738 1 1058
2 1 1058 1 2018
2 1 738 1 2018
2 1 930 1 2210
2 1 930 1 1890
2 1 1890 1 2210
2 1 929 1 2209
2 1 865 1 1185
2 1 1056 1 2016
2 1 992 1 1312
2 1 735 1 2015
2 1 1887 1 2207
2 1 927 1 2207
2 1 927 1 1887
2 1 990 1 1310
2 1 1759 1 2079
2 1 1439 1 1759
2 1 1439 1 2079
2 1 863 1 1503
2 1 734 1 1054
2 1 1053 1 2013
2 1 732 1 2012
2 1 1052 1 2012
2 1 732 1 1052
2 1 924 1 1884
2 1 924 1 2204
2 1 1884 1 2204
2 1 731 1 2011
2 1 731 1 1051
2 1 1051 1 2011
2 1 923 1 2203
2 1 730 1 2010
2 1 1882 1 2202
2 1 922 1 2202
2 1 922 1 1882
2 1 858 1 1178
2 1 985 1 1305
2 1 1305 1 1625
2 1 985 1 1625
2 1 729 1 2009
2 1 984 1 1304
2 1 1303 1 1623
2 1 856 1 1176
2 1 856 1 1496
2 1 1176 1 1496
2 1 727 1 1047
2 1 1431 1 1751
2 1 1879 1 2199
2 1 726 1 2006
2 1 1046 1 2006
2 1 726 1 1046
2 1 725 1 1045
2 1 1045 1 2005
2 1 725 1 2005
2 1 918 1 2198
2 1 1878 1 2198
2 1 918 1 1878
2 1 1429 1 2069
2 1 917 1 2197
2 1 1877 1 2197
2 1 917 1 1877
2 1 724 1 2004
2 1 1044 1 2004
2 1 724 1 1044
2 1 723 1 2003
2 1 723 1 1043
2 1 1043 1 2003
2 1 916 1 1876
2 1 915 1 1875
2 1 1042 1 2002
2 1 1426 1 1746
2 1 1426 1 2066
2 1 1746 1 2066
2 1 914 1 2194
2 1 1745 1 2065
2 1 1425 1 2065
2 1 1425 1 1745
2 1 1169 1 1489
2 1 720 1 1040
2 1 913 1 1873
2 1 1873 1 2193
2 1 913 1 2193
2 1 1039 1 1999
2 1 719 1 1039
2 1 719 1 1999
2 1 1872 1 2192
2 1 1423 1 2063
2 1 1743 1 2063
2 1 1423 1 1743
2 1 911 1 1871
2 1 1871 1 2191
2 1 911 1 2191
2 1 718 1 1038
2 1 910 1 2190
2 1 1870 1 2190
2 1 910 1 1870
2 1 1869 1 2189
2 1 909 1 2189
2 1 909 1 1869
2 1 972 1 1612
2 1 1292 1 1612
2 1 972 1 1292
2 1 845 1 1485
2 1 845 1 1165
2 1 1165 1 1485
2 1 1420 1 1740
2 1 1740 1 2060
2 1 1420 1 2060
2 1 1035 1 1995
2 1 1034 1 1994
2 1 714 1 1994
2 1 714 1 1034
2 1 906 1 2186
2 1 906 1 1866
2 1 1866 1 2186
2 1 905 1 1865
2 1 712 1 1992
2 1 904 1 2184
2 1 1864 1 2184
2 1 904 1 1864
2 1 1160 1 1480
2 1 840 1 1160
2 1 840 1 1480
2 1 967 1 1287
2 1 839 1 1159
2 1 966 1 1606
2 1 710 1 1990
2 1 1414 1 1734
2 1 1734 1 2054
2 1 1414 1 2054
2 1 1158 1 1478
2 1 838 1 1478
2 1 838 1 1158
2 1 708 1 1028
2 1 707 1 1987
2 1 899 1 1859
2 1 1155 1 1475
2 1 835 1 1155
2 1 835 1 1475
2 1 962 1 1602
2 1 1281 1 1601
2 1 961 1 1281
2 1 961 1 1601
2 1 834 1 1474
2 1 705 1 1985
2 1 833 1 1153
2 1 1280 1 1600
2 1 960 1 1600
2 1 960 1 1280
2 1 1024 1 1984
2 1 704 1 1024
2 1 704 1 1984
3 1 500 1 1629 1 1949
3 1 363 1 756 1 1396
3 1 423 1 1152 1 1792
3 1 538 1 798 1 2078
3 1 607 1 1219 1 1859
3 1 500 1 989 1 1949
3 1 363 1 1076 1 1396
3 1 351 1 744 1 1384
3 1 613 1 841 1 1161
3 1 639 1 931 1 1251
3 1 351 1 1384 1 2024
3 1 363 1 1396 1 2036
3 1 540 1 736 1 1056
3 1 638 1 930 1 1250
3 1 639 1 1251 1 2211
3 1 377 1 1346 1 1986
3 1 538 1 798 1 1438
3 1 574 1 706 1 1986
3 1 394 1 1187 1 1827
3 1 632 1 1244 1 1884
3 1 527 1 787 1 1747
3 1 370 1 1339 1 1659
3 1 623 1 915 1 1235
3 1 504 1 993 1 1953
3 1 446 1 855 1 1815
3 1 446 1 1175 1 1815
3 1 476 1 1285 1 1925
3 1 478 1 1287 1 1927
3 1 617 1 909 1 1229
3 1 617 1 1229 1 1869
3 1 570 1 830 1 1470
3 1 536 1 796 1 1756
3 1 617 1 1229 1 2189
3 1 540 1 736 1 2016
3 1 566 1 826 1 2106
3 1 558 1 818 1 2098
3 1 473 1 1602 1 1922
3 1 551 1 811 1 1771
3 1 536 1 796 1 1436
3 1 549 1 809 1 1769
3 1 570 1 830 1 1790
3 1 570 1 830 1 2110
3 1 551 1 811 1 1451
3 1 551 1 811 1 2091
3 1 378 1 1347 1 1987
3 1 396 1 1765 1 2085
3 1 543 1 803 1 1763
3 1 378 1 707 1 1347
3 1 543 1 803 1 1443
3 1 543 1 803 1 2083
3 1 515 1 711 1 1991
3 1 549 1 809 1 1449
3 1 426 1 1731 1 2051
3 1 549 1 809 1 2089
3 1 558 1 818 1 1778
3 1 545 1 805 1 2085
3 1 389 1 1438 1 1758
3 1 389 1 1758 1 2078
3 1 563 1 823 1 2103
3 1 563 1 823 1 1783
3 1 563 1 823 1 1463
3 1 540 1 800 1 1760
3 1 540 1 800 1 2080
3 1 566 1 826 1 1466
3 1 566 1 826 1 1786
3 1 382 1 1351 1 1991
3 1 544 1 804 1 1444
3 1 544 1 804 1 1764
3 1 544 1 804 1 2084
3 1 474 1 899 1 2179
3 1 607 1 899 1 1219
3 1 474 1 1859 1 2179
3 1 575 1 771 1 1411
3 1 383 1 1352 1 1992
3 1 426 1 1411 1 1731
3 1 333 1 1302 1 1622
3 1 627 1 1239 1 2199
3 1 493 1 1622 1 1942
3 1 430 1 1415 1 1735
3 1 490 1 979 1 1939
3 1 486 1 1615 1 1935
3 1 400 1 1513 1 1833
3 1 453 1 1006 1 1966
3 1 610 1 1222 1 1862
3 1 377 1 962 1 1282
3 1 612 1 1224 1 2184
3 1 322 1 1291 1 1611
3 1 343 1 1376 1 2016
3 1 511 1 1640 1 1960
3 1 425 1 1474 1 1794
3 1 466 1 1659 1 1979
3 1 527 1 787 1 2067
3 1 388 1 1181 1 1821
3 1 430 1 1735 1 2055
3 1 531 1 791 1 1751
3 1 445 1 1174 1 1814
3 1 612 1 904 1 1224
3 1 613 1 905 1 1225
3 1 612 1 1224 1 1864
3 1 425 1 834 1 1794
3 1 388 1 861 1 1821
3 1 521 1 781 1 1741
3 1 481 1 970 1 1930
3 1 581 1 1257 1 1897
3 1 481 1 1290 1 1930
3 1 416 1 1529 1 1849
3 1 542 1 802 1 1762
3 1 585 1 941 1 1261
3 1 519 1 779 1 2059
3 1 504 1 1633 1 1953
3 1 575 1 771 1 2051
3 1 638 1 1250 1 1890
3 1 519 1 779 1 1739
3 1 510 1 1639 1 1959
3 1 429 1 1158 1 1798
3 1 515 1 775 1 1415
3 1 343 1 1056 1 1376
3 1 475 1 1284 1 1924
3 1 429 1 1478 1 1798
3 1 478 1 1863 1 2183
3 1 429 1 838 1 1798
3 1 517 1 777 1 1737
3 1 356 1 749 1 1389
3 1 366 1 1079 1 1399
3 1 583 1 1195 1 1515
3 1 417 1 1210 1 1850
3 1 618 1 1166 1 1486
3 1 606 1 1154 1 1474
3 1 630 1 922 1 1242
3 1 439 1 1488 1 1808
3 1 637 1 929 1 1249
3 1 449 1 1322 1 1962
3 1 478 1 967 1 1927
3 1 430 1 1159 1 1799
3 1 503 1 1312 1 1952
3 1 533 1 793 1 2073
3 1 606 1 834 1 1154
3 1 426 1 1155 1 1795
3 1 447 1 1496 1 1816
3 1 584 1 876 1 1196
3 1 552 1 812 1 2092
3 1 444 1 1749 1 2069
3 1 436 1 845 1 1805
3 1 323 1 1356 1 1996
3 1 401 1 1770 1 2090
3 1 386 1 859 1 1819
3 1 510 1 1895 1 2215
3 1 592 1 1268 1 1908
3 1 480 1 969 1 1929
3 1 459 1 1908 1 2228
3 1 622 1 850 1 1170
3 1 374 1 767 1 1407
3 1 420 1 1533 1 1853
3 1 548 1 808 1 1448
3 1 497 1 1626 1 1946
3 1 630 1 1242 1 1882
3 1 424 1 833 1 1793
3 1 515 1 775 1 2055
3 1 420 1 893 1 1853
3 1 615 1 1227 1 2187
3 1 513 1 773 1 1733
3 1 426 1 1475 1 1795
3 1 423 1 832 1 1792
3 1 580 1 1256 1 1896
3 1 601 1 893 1 1213
3 1 423 1 1472 1 1792
3 1 473 1 962 1 1922
3 1 388 1 1501 1 1821
3 1 418 1 1467 1 1787
3 1 413 1 886 1 1846
3 1 574 1 770 1 1730
3 1 413 1 1206 1 1846
3 1 413 1 1526 1 1846
3 1 397 1 1190 1 1830
3 1 449 1 1002 1 1962
3 1 569 1 829 1 1789
3 1 364 1 1013 1 1333
3 1 460 1 1013 1 1973
3 1 569 1 829 1 1469
3 1 410 1 1203 1 1843
3 1 399 1 1512 1 1832
3 1 436 1 1165 1 1805
3 1 451 1 1324 1 1964
3 1 494 1 1623 1 1943
3 1 559 1 819 1 2099
3 1 545 1 741 1 1061
3 1 376 1 1345 1 1985
3 1 451 1 1644 1 1964
3 1 427 1 1156 1 1796
3 1 545 1 741 1 2021
3 1 472 1 1601 1 1921
3 1 580 1 936 1 1256
3 1 580 1 1256 1 2216
3 1 604 1 1216 1 1856
3 1 434 1 1483 1 1803
3 1 441 1 1490 1 1810
3 1 604 1 1216 1 2176
3 1 479 1 1288 1 1928
3 1 508 1 997 1 1957
3 1 593 1 1269 1 2229
3 1 622 1 1170 1 1490
3 1 533 1 793 1 1433
3 1 411 1 1204 1 1844
3 1 544 1 740 1 1060
3 1 336 1 1369 1 2009
3 1 576 1 1188 1 1508
3 1 576 1 868 1 1188
3 1 434 1 1163 1 1803
3 1 638 1 1250 1 2210
3 1 497 1 1306 1 1946
3 1 354 1 1003 1 1323
3 1 375 1 1344 1 1984
3 1 520 1 716 1 1996
3 1 333 1 1366 1 2006
3 1 630 1 1242 1 2202
3 1 377 1 1282 1 1602
3 1 320 1 1289 1 1609
3 1 376 1 705 1 1345
3 1 441 1 850 1 1810
3 1 414 1 1207 1 1847
3 1 333 1 726 1 1366
3 1 637 1 1249 1 2209
3 1 324 1 717 1 1357
3 1 627 1 1239 1 1879
3 1 517 1 777 1 1417
3 1 528 1 788 1 1428
3 1 494 1 1303 1 1943
3 1 362 1 755 1 1395
3 1 337 1 1370 1 2010
3 1 402 1 1515 1 1835
3 1 337 1 730 1 1370
3 1 450 1 1643 1 1963
3 1 631 1 1243 1 2203
3 1 414 1 1527 1 1847
3 1 391 1 1184 1 1824
3 1 565 1 825 1 2105
3 1 590 1 1266 1 1906
3 1 456 1 1649 1 1969
3 1 579 1 1255 1 1895
3 1 573 1 769 1 1409
3 1 422 1 1215 1 1855
3 1 469 1 1342 1 1982
3 1 535 1 795 1 1435
3 1 594 1 1270 1 2230
3 1 490 1 1619 1 1939
3 1 334 1 727 1 1367
3 1 340 1 1053 1 1373
3 1 358 1 1071 1 1391
3 1 391 1 864 1 1824
3 1 601 1 957 1 1277
3 1 511 1 1000 1 1960
3 1 346 1 1059 1 1379
3 1 329 1 1362 1 2002
3 1 491 1 1620 1 1940
3 1 423 1 1408 1 1728
3 1 537 1 733 1 2013
3 1 488 1 1297 1 1937
3 1 614 1 906 1 1226
3 1 488 1 1617 1 1937
3 1 450 1 1003 1 1963
3 1 403 1 876 1 1836
3 1 426 1 835 1 1795
3 1 619 1 1231 1 1871
3 1 453 1 1326 1 1966
3 1 619 1 911 1 1231
3 1 393 1 866 1 1826
3 1 374 1 1343 1 1663
3 1 620 1 1168 1 1488
3 1 580 1 872 1 1192
3 1 470 1 1023 1 1983
3 1 354 1 1323 1 1643
3 1 492 1 981 1 1941
3 1 383 1 712 1 1352
3 1 432 1 841 1 1801
3 1 517 1 713 1 1033
3 1 582 1 1258 1 1898
3 1 558 1 754 1 1074
3 1 484 1 973 1 1933
3 1 632 1 924 1 1244
3 1 344 1 993 1 1313
3 1 531 1 791 1 1431
3 1 408 1 1521 1 1841
3 1 424 1 1153 1 1793
3 1 568 1 828 1 1788
