420 2240
2 1 1787 1 2107
2 1 1786 1 2106
2 1 1466 1 1786
2 1 1466 1 2106
2 1 1467 1 2107
2 1 1467 1 1787
2 1 1778 1 2098
2 1 1449 1 2089
2 1 1446 1 1766
2 1 1446 1 2086
2 1 1766 1 2086
2 1 1765 1 2085
2 1 1760 1 2080
2 1 1437 1 2077
2 1 1433 1 2073
2 1 1433 1 1753
2 1 1753 1 2073
2 1 1747 1 2067
2 1 1742 1 2062
2 1 1416 1 2056
2 1 1745 1 2065
2 1 1735 1 2055
2 1 1415 1 2055
2 1 1415 1 1735
2 1 1728 1 2048
2 1 1408 1 2048
2 1 1408 1 1728
2 1 975 1 1615
2 1 970 1 1610
2 1 1419 1 1739
2 1 968 1 1608
2 1 966 1 1286
2 1 1413 1 1733
2 1 966 1 1606
2 1 1286 1 1606
2 1 1023 1 1343
2 1 1468 1 1788
2 1 1021 1 1341
2 1 1021 1 1661
2 1 1341 1 1661
2 1 1338 1 1658
2 1 1016 1 1656
2 1 1012 1 1332
2 1 1336 1 1656
2 1 1016 1 1336
2 1 1002 1 1322
2 1 997 1 1637
2 1 990 1 1310
2 1 980 1 1620
2 1 978 1 1618
2 1 1010 1 1650
2 1 988 1 1308
2 1 1298 1 1618
2 1 978 1 1298
2 1 979 1 1299
2 1 1426 1 1746
2 1 977 1 1297
2 1 1411 1 1731
2 1 1411 1 2051
2 1 1731 1 2051
2 1 1730 1 2050
2 1 1283 1 1603
2 1 1409 1 1729
2 1 832 1 1152
2 1 1791 1 2111
2 1 1471 1 1791
2 1 1471 1 2111
2 1 894 1 1534
2 1 892 1 1212
2 1 891 1 1211
2 1 1210 1 1530
2 1 890 1 1210
2 1 890 1 1530
2 1 889 1 1529
2 1 1208 1 1528
2 1 887 1 1207
2 1 1335 1 1655
2 1 1015 1 1335
2 1 1015 1 1655
2 1 1330 1 1650
2 1 1782 1 2102
2 1 1462 1 1782
2 1 1462 1 2102
2 1 885 1 1205
2 1 885 1 1525
2 1 1205 1 1525
2 1 1203 1 1523
2 1 882 1 1202
2 1 1776 1 2096
2 1 1329 1 1649
2 1 1201 1 1521
2 1 881 1 1201
2 1 881 1 1521
2 1 1455 1 2095
2 1 1328 1 1648
2 1 878 1 1518
2 1 877 1 1197
2 1 1197 1 1517
2 1 877 1 1517
2 1 1325 1 1645
2 1 1194 1 1514
2 1 1010 1 1330
2 1 1320 1 1640
2 1 1193 1 1513
2 1 1000 1 1640
2 1 1000 1 1320
2 1 1190 1 1510
2 1 1188 1 1508
2 1 868 1 1188
2 1 869 1 1509
2 1 868 1 1508
2 1 1316 1 1636
2 1 869 1 1189
2 1 1189 1 1509
2 1 1442 1 1762
2 1 865 1 1185
2 1 864 1 1184
2 1 863 1 1503
2 1 1183 1 1503
2 1 863 1 1183
2 1 1181 1 1501
2 1 1179 1 1499
2 1 1304 1 1624
2 1 984 1 1624
2 1 984 1 1304
2 1 854 1 1174
2 1 850 1 1490
2 1 849 1 1169
2 1 848 1 1168
2 1 1168 1 1488
2 1 848 1 1488
2 1 1743 1 2063
2 1 976 1 1616
2 1 846 1 1486
2 1 1741 1 2061
2 1 1172 1 1492
2 1 1420 1 2060
2 1 1740 1 2060
2 1 1420 1 1740
2 1 973 1 1293
2 1 843 1 1483
2 1 1161 1 1481
2 1 841 1 1161
2 1 841 1 1481
2 1 1418 1 2058
2 1 839 1 1479
2 1 1734 1 2054
2 1 1414 1 1734
2 1 1414 1 2054
2 1 1287 1 1607
2 1 967 1 1607
2 1 967 1 1287
2 1 1157 1 1477
2 1 837 1 1477
2 1 837 1 1157
2 1 836 1 1156
2 1 895 1 1535
2 1 1215 1 1535
2 1 895 1 1215
2 1 1919 1 2239
2 1 959 1 1919
2 1 959 1 2239
2 1 766 1 1086
2 1 766 1 2046
2 1 1086 1 2046
2 1 1918 1 2238
2 1 1470 1 1790
2 1 1470 1 2110
2 1 1790 1 2110
2 1 765 1 2045
2 1 1340 1 1660
2 1 1213 1 1533
2 1 1084 1 2044
2 1 957 1 2237
2 1 1916 1 2236
2 1 763 1 1083
2 1 763 1 2043
2 1 1083 1 2043
2 1 955 1 2235
2 1 955 1 1915
2 1 1915 1 2235
2 1 1082 1 2042
2 1 954 1 2234
2 1 1914 1 2234
2 1 954 1 1914
2 1 761 1 1081
2 1 1081 1 2041
2 1 761 1 2041
2 1 1913 1 2233
2 1 953 1 1913
2 1 953 1 2233
2 1 1785 1 2105
2 1 1465 1 2105
2 1 1465 1 1785
2 1 1080 1 2040
2 1 760 1 1080
2 1 760 1 2040
2 1 952 1 2232
2 1 757 1 2037
2 1 1077 1 2037
2 1 757 1 1077
2 1 1013 1 1333
2 1 950 1 2230
2 1 1461 1 2101
2 1 1909 1 2229
2 1 1331 1 1651
2 1 1011 1 1651
2 1 1011 1 1331
2 1 1460 1 2100
2 1 1204 1 1524
2 1 755 1 1075
2 1 946 1 1906
2 1 1073 1 2033
2 1 753 1 2033
2 1 753 1 1073
2 1 1457 1 1777
2 1 945 1 1905
2 1 945 1 2225
2 1 1905 1 2225
2 1 1327 1 1647
2 1 751 1 2031
2 1 944 1 1904
2 1 1904 1 2224
2 1 944 1 2224
2 1 1903 1 2223
2 1 1326 1 1646
2 1 1006 1 1326
2 1 1006 1 1646
2 1 1199 1 1519
2 1 879 1 1519
2 1 879 1 1199
2 1 750 1 1070
2 1 749 1 1069
2 1 941 1 1901
2 1 940 1 2220
2 1 940 1 1900
2 1 1900 1 2220
2 1 1003 1 1643
2 1 1452 1 1772
2 1 747 1 1067
2 1 1067 1 2027
2 1 747 1 2027
2 1 1451 1 1771
2 1 1451 1 2091
2 1 1771 1 2091
2 1 746 1 1066
2 1 746 1 2026
2 1 1066 1 2026
2 1 745 1 1065
2 1 1065 1 2025
2 1 745 1 2025
2 1 938 1 2218
2 1 937 1 1897
2 1 999 1 1319
2 1 1768 1 2088
2 1 1448 1 1768
2 1 1448 1 2088
2 1 872 1 1512
2 1 1318 1 1638
2 1 998 1 1638
2 1 998 1 1318
2 1 1447 1 2087
2 1 1191 1 1511
2 1 742 1 1062
2 1 1062 1 2022
2 1 742 1 2022
2 1 1061 1 2021
2 1 1893 1 2213
2 1 933 1 2213
2 1 933 1 1893
2 1 1060 1 2020
2 1 740 1 1060
2 1 740 1 2020
2 1 932 1 2212
2 1 739 1 2019
2 1 931 1 1891
2 1 994 1 1634
2 1 994 1 1314
2 1 1314 1 1634
2 1 867 1 1187
2 1 738 1 2018
2 1 1313 1 1633
2 1 866 1 1506
2 1 866 1 1186
2 1 1186 1 1506
2 1 1056 1 2016
2 1 736 1 1056
2 1 736 1 2016
2 1 928 1 2208
2 1 1055 1 2015
2 1 735 1 1055
2 1 735 1 2015
2 1 927 1 2207
2 1 1887 1 2207
2 1 927 1 1887
2 1 734 1 2014
2 1 1438 1 2078
2 1 1438 1 1758
2 1 1758 1 2078
2 1 1309 1 1629
2 1 1053 1 2013
2 1 733 1 1053
2 1 733 1 2013
2 1 926 1 1886
2 1 1885 1 2205
2 1 1307 1 1627
2 1 1436 1 1756
2 1 1756 1 2076
2 1 1436 1 2076
2 1 860 1 1500
2 1 731 1 2011
2 1 731 1 1051
2 1 1051 1 2011
2 1 1435 1 1755
2 1 730 1 2010
2 1 1050 1 2010
2 1 730 1 1050
2 1 1883 1 2203
2 1 1434 1 2074
2 1 729 1 1049
2 1 1049 1 2009
2 1 729 1 2009
2 1 1882 1 2202
2 1 922 1 2202
2 1 922 1 1882
2 1 728 1 2008
2 1 921 1 1881
2 1 920 1 2200
2 1 920 1 1880
2 1 1880 1 2200
2 1 983 1 1303
2 1 1303 1 1623
2 1 983 1 1623
2 1 856 1 1496
2 1 727 1 2007
2 1 982 1 1622
2 1 726 1 1046
2 1 1879 1 2199
2 1 1430 1 1750
2 1 1878 1 2198
2 1 1045 1 2005
2 1 724 1 1044
2 1 724 1 2004
2 1 1044 1 2004
2 1 917 1 2197
2 1 1043 1 2003
2 1 723 1 2003
2 1 723 1 1043
2 1 916 1 1876
2 1 1042 1 2002
2 1 915 1 1875
2 1 1875 1 2195
2 1 915 1 2195
2 1 1874 1 2194
2 1 914 1 2194
2 1 914 1 1874
2 1 1873 1 2193
2 1 913 1 2193
2 1 913 1 1873
2 1 1040 1 2000
2 1 912 1 2192
2 1 1744 1 2064
2 1 1424 1 2064
2 1 1424 1 1744
2 1 1167 1 1487
2 1 1294 1 1614
2 1 718 1 1038
2 1 1038 1 1998
2 1 718 1 1998
2 1 911 1 2191
2 1 1871 1 2191
2 1 911 1 1871
2 1 1870 1 2190
2 1 909 1 2189
2 1 1869 1 2189
2 1 909 1 1869
2 1 972 1 1292
2 1 845 1 1485
2 1 1868 1 2188
2 1 1164 1 1484
2 1 844 1 1484
2 1 844 1 1164
2 1 1035 1 1995
2 1 971 1 1611
2 1 1867 1 2187
2 1 714 1 1994
2 1 842 1 1162
2 1 906 1 2186
2 1 713 1 1033
2 1 1032 1 1992
2 1 712 1 1032
2 1 712 1 1992
2 1 1031 1 1991
2 1 904 1 1864
2 1 1864 1 2184
2 1 904 1 2184
2 1 903 1 1863
2 1 902 1 1862
2 1 1862 1 2182
2 1 902 1 2182
2 1 838 1 1478
2 1 1158 1 1478
2 1 838 1 1158
2 1 1029 1 1989
2 1 709 1 1029
2 1 709 1 1989
2 1 900 1 1860
2 1 900 1 2180
2 1 1860 1 2180
2 1 962 1 1602
2 1 962 1 1282
2 1 1282 1 1602
2 1 1858 1 2178
2 1 1281 1 1601
2 1 961 1 1281
2 1 961 1 1601
2 1 834 1 1474
2 1 834 1 1154
2 1 1154 1 1474
2 1 833 1 1473
