685 2240
2 1 1785 1 2105
2 1 1465 1 2105
2 1 1465 1 1785
2 1 1464 1 1784
2 1 1784 1 2104
2 1 1464 1 2104
2 1 1462 1 1782
2 1 1782 1 2102
2 1 1462 1 2102
2 1 1781 1 2101
2 1 1454 1 1774
2 1 1454 1 2094
2 1 1774 1 2094
2 1 1773 1 2093
2 1 1772 1 2092
2 1 1452 1 1772
2 1 1452 1 2092
2 1 1448 1 1768
2 1 1768 1 2088
2 1 1448 1 2088
2 1 1445 1 2085
2 1 1444 1 2084
2 1 1764 1 2084
2 1 1444 1 1764
2 1 1441 1 1761
2 1 1441 1 2081
2 1 1761 1 2081
2 1 1760 1 2080
2 1 1440 1 2080
2 1 1440 1 1760
2 1 1439 1 2079
2 1 1427 1 2067
2 1 1741 1 2061
2 1 1421 1 2061
2 1 1438 1 1758
2 1 1421 1 1741
2 1 1438 1 2078
2 1 1758 1 2078
2 1 1728 1 2048
2 1 1420 1 1740
2 1 1740 1 2060
2 1 1420 1 2060
2 1 974 1 1294
2 1 1291 1 1611
2 1 970 1 1610
2 1 1290 1 1610
2 1 970 1 1290
2 1 1289 1 1609
2 1 1288 1 1608
2 1 1470 1 1790
2 1 1337 1 1657
2 1 1016 1 1336
2 1 1016 1 1656
2 1 1336 1 1656
2 1 1014 1 1654
2 1 1458 1 1778
2 1 1463 1 1783
2 1 1005 1 1325
2 1 1325 1 1645
2 1 1005 1 1645
2 1 1004 1 1644
2 1 1324 1 1644
2 1 1004 1 1324
2 1 1451 1 1771
2 1 1447 1 1767
2 1 998 1 1638
2 1 996 1 1636
2 1 1316 1 1636
2 1 996 1 1316
2 1 1443 1 1763
2 1 991 1 1311
2 1 1309 1 1629
2 1 1431 1 1751
2 1 1304 1 1624
2 1 984 1 1624
2 1 984 1 1304
2 1 1302 1 1622
2 1 1300 1 1620
2 1 978 1 1618
2 1 895 1 1535
2 1 1215 1 1535
2 1 1152 1 1472
2 1 1789 1 2109
2 1 1022 1 1662
2 1 895 1 1215
2 1 1211 1 1531
2 1 1021 1 1661
2 1 1341 1 1661
2 1 1021 1 1341
2 1 888 1 1528
2 1 887 1 1527
2 1 1779 1 2099
2 1 885 1 1525
2 1 1012 1 1652
2 1 1202 1 1522
2 1 882 1 1522
2 1 882 1 1202
2 1 1457 1 2097
2 1 877 1 1517
2 1 876 1 1516
2 1 1009 1 1329
2 1 1195 1 1515
2 1 875 1 1195
2 1 875 1 1515
2 1 1770 1 2090
2 1 1450 1 2090
2 1 1450 1 1770
2 1 1002 1 1642
2 1 872 1 1192
2 1 1446 1 2086
2 1 1191 1 1511
2 1 871 1 1191
2 1 871 1 1511
2 1 999 1 1319
2 1 999 1 1639
2 1 1319 1 1639
2 1 869 1 1509
2 1 867 1 1507
2 1 867 1 1187
2 1 1187 1 1507
2 1 1442 1 2082
2 1 995 1 1315
2 1 868 1 1508
2 1 868 1 1188
2 1 1188 1 1508
2 1 865 1 1185
2 1 865 1 1505
2 1 1185 1 1505
2 1 864 1 1184
2 1 864 1 1504
2 1 1184 1 1504
2 1 1183 1 1503
2 1 863 1 1183
2 1 863 1 1503
2 1 862 1 1182
2 1 862 1 1502
2 1 1182 1 1502
2 1 1180 1 1500
2 1 1179 1 1499
2 1 1307 1 1627
2 1 987 1 1627
2 1 987 1 1307
2 1 857 1 1177
2 1 983 1 1303
2 1 1303 1 1623
2 1 983 1 1623
2 1 851 1 1491
2 1 849 1 1169
2 1 1167 1 1487
2 1 975 1 1615
2 1 1295 1 1615
2 1 975 1 1295
2 1 1165 1 1485
2 1 1164 1 1484
2 1 844 1 1484
2 1 844 1 1164
2 1 843 1 1163
2 1 843 1 1483
2 1 1163 1 1483
2 1 841 1 1481
2 1 839 1 1159
2 1 1087 1 2047
2 1 1919 1 2239
2 1 840 1 1160
2 1 959 1 1919
2 1 959 1 2239
2 1 1086 1 2046
2 1 766 1 2046
2 1 766 1 1086
2 1 958 1 2238
2 1 958 1 1918
2 1 1918 1 2238
2 1 765 1 2045
2 1 957 1 1917
2 1 1917 1 2237
2 1 957 1 2237
2 1 1020 1 1660
2 1 1020 1 1340
2 1 1340 1 1660
2 1 1019 1 1659
2 1 1788 1 2108
2 1 892 1 1212
2 1 892 1 1532
2 1 1212 1 1532
2 1 763 1 2043
2 1 1083 1 2043
2 1 763 1 1083
2 1 1082 1 2042
2 1 1915 1 2235
2 1 1786 1 2106
2 1 1914 1 2234
2 1 954 1 1914
2 1 954 1 2234
2 1 1081 1 2041
2 1 761 1 1081
2 1 761 1 2041
2 1 760 1 2040
2 1 1080 1 2040
2 1 760 1 1080
2 1 953 1 2233
2 1 953 1 1913
2 1 1913 1 2233
2 1 952 1 2232
2 1 1912 1 2232
2 1 952 1 1912
2 1 1079 1 2039
2 1 951 1 1911
2 1 1911 1 2231
2 1 951 1 2231
2 1 1078 1 2038
2 1 1910 1 2230
2 1 950 1 2230
2 1 950 1 1910
2 1 757 1 1077
2 1 949 1 1909
2 1 1909 1 2229
2 1 949 1 2229
2 1 948 1 2228
2 1 1908 1 2228
2 1 948 1 1908
2 1 1780 1 2100
2 1 1460 1 2100
2 1 1460 1 1780
2 1 884 1 1204
2 1 1204 1 1524
2 1 884 1 1524
2 1 1203 1 1523
2 1 1074 1 2034
2 1 1010 1 1650
2 1 1907 1 2227
2 1 1906 1 2226
2 1 945 1 2225
2 1 945 1 1905
2 1 1905 1 2225
2 1 881 1 1201
2 1 1008 1 1648
2 1 1328 1 1648
2 1 1008 1 1328
2 1 1007 1 1327
2 1 1776 1 2096
2 1 1456 1 2096
2 1 1456 1 1776
2 1 880 1 1200
2 1 1200 1 1520
2 1 880 1 1520
2 1 1006 1 1646
2 1 1326 1 1646
2 1 1006 1 1326
2 1 1199 1 1519
2 1 1070 1 2030
2 1 1903 1 2223
2 1 749 1 1069
2 1 941 1 1901
2 1 1901 1 2221
2 1 941 1 2221
2 1 748 1 2028
2 1 748 1 1068
2 1 1068 1 2028
2 1 940 1 2220
2 1 1900 1 2220
2 1 940 1 1900
2 1 747 1 2027
2 1 1067 1 2027
2 1 747 1 1067
2 1 1899 1 2219
2 1 939 1 1899
2 1 939 1 2219
2 1 746 1 2026
2 1 938 1 2218
2 1 1898 1 2218
2 1 938 1 1898
2 1 1001 1 1641
2 1 874 1 1194
2 1 1000 1 1320
2 1 1320 1 1640
2 1 1000 1 1640
2 1 873 1 1513
2 1 744 1 1064
2 1 935 1 2215
2 1 934 1 1894
2 1 934 1 2214
2 1 1894 1 2214
2 1 997 1 1637
2 1 1317 1 1637
2 1 997 1 1317
2 1 870 1 1190
2 1 1061 1 2021
2 1 740 1 2020
2 1 740 1 1060
2 1 1060 1 2020
2 1 739 1 1059
2 1 1891 1 2211
2 1 931 1 1891
2 1 931 1 2211
2 1 866 1 1186
2 1 1890 1 2210
2 1 930 1 1890
2 1 930 1 2210
2 1 1057 1 2017
2 1 737 1 1057
2 1 737 1 2017
2 1 736 1 2016
2 1 1056 1 2016
2 1 736 1 1056
2 1 928 1 2208
2 1 928 1 1888
2 1 1888 1 2208
2 1 735 1 1055
2 1 1887 1 2207
2 1 927 1 2207
2 1 927 1 1887
2 1 926 1 1886
2 1 733 1 2013
2 1 925 1 2205
2 1 988 1 1628
2 1 1437 1 2077
2 1 1181 1 1501
2 1 861 1 1181
2 1 861 1 1501
2 1 1308 1 1628
2 1 988 1 1308
2 1 732 1 1052
2 1 1436 1 1756
2 1 1436 1 2076
2 1 1756 1 2076
2 1 731 1 1051
2 1 1435 1 1755
2 1 923 1 2203
2 1 985 1 1305
2 1 729 1 1049
2 1 922 1 2202
2 1 728 1 2008
2 1 1048 1 2008
2 1 728 1 1048
2 1 1432 1 1752
2 1 727 1 2007
2 1 727 1 1047
2 1 1047 1 2007
2 1 920 1 1880
2 1 726 1 2006
2 1 919 1 2199
2 1 854 1 1174
2 1 1878 1 2198
2 1 918 1 1878
2 1 918 1 2198
2 1 1301 1 1621
2 1 725 1 1045
2 1 1045 1 2005
2 1 725 1 2005
2 1 1172 1 1492
2 1 1299 1 1619
2 1 1043 1 2003
2 1 723 1 1043
2 1 723 1 2003
2 1 916 1 1876
2 1 977 1 1297
2 1 850 1 1490
2 1 850 1 1170
2 1 1170 1 1490
2 1 721 1 2001
2 1 1041 1 2001
2 1 721 1 1041
2 1 720 1 2000
2 1 1040 1 2000
2 1 720 1 1040
2 1 1424 1 2064
2 1 1424 1 1744
2 1 1744 1 2064
2 1 1039 1 1999
2 1 719 1 1039
2 1 719 1 1999
2 1 1423 1 1743
2 1 1743 1 2063
2 1 1423 1 2063
2 1 911 1 2191
2 1 973 1 1293
2 1 1742 1 2062
2 1 1166 1 1486
2 1 717 1 1997
2 1 1037 1 1997
2 1 717 1 1037
2 1 910 1 2190
2 1 908 1 2188
2 1 908 1 1868
2 1 1868 1 2188
2 1 1035 1 1995
2 1 715 1 1995
2 1 715 1 1035
2 1 907 1 1867
2 1 907 1 2187
2 1 1867 1 2187
2 1 1739 1 2059
2 1 1419 1 2059
2 1 1419 1 1739
2 1 714 1 1034
2 1 1034 1 1994
2 1 714 1 1994
2 1 1033 1 1993
2 1 713 1 1033
2 1 713 1 1993
2 1 906 1 1866
2 1 1866 1 2186
2 1 906 1 2186
2 1 905 1 1865
2 1 712 1 1032
2 1 711 1 1031
2 1 1031 1 1991
2 1 711 1 1991
2 1 1735 1 2055
2 1 903 1 1863
2 1 710 1 1990
2 1 1414 1 1734
2 1 1285 1 1605
2 1 965 1 1605
2 1 965 1 1285
2 1 709 1 1989
2 1 902 1 2182
2 1 708 1 1988
2 1 1284 1 1604
2 1 964 1 1284
2 1 964 1 1604
2 1 1861 1 2181
2 1 836 1 1156
2 1 1411 1 2051
2 1 1731 1 2051
2 1 1411 1 1731
2 1 962 1 1602
2 1 1282 1 1602
2 1 962 1 1282
2 1 1859 1 2179
2 1 1281 1 1601
2 1 1730 1 2050
2 1 1410 1 2050
2 1 1410 1 1730
2 1 1154 1 1474
2 1 705 1 1985
2 1 1858 1 2178
2 1 960 1 1600
2 1 1409 1 2049
2 1 704 1 1024
2 1 704 1 1984
2 1 1024 1 1984
2 1 1857 1 2177
3 1 581 1 1257 1 2217
3 1 352 1 745 1 1385
3 1 572 1 768 1 2048
3 1 620 1 912 1 1232
3 1 379 1 708 1 1348
3 1 379 1 1348 1 1988
3 1 572 1 768 1 1728
3 1 527 1 787 1 2067
3 1 524 1 784 1 2064
3 1 613 1 905 1 1225
3 1 532 1 792 1 1432
3 1 520 1 780 1 1420
3 1 488 1 1297 1 1937
3 1 558 1 754 1 2034
3 1 633 1 1245 1 2205
3 1 587 1 1263 1 1903
3 1 596 1 888 1 1208
3 1 616 1 1228 1 2188
3 1 522 1 782 1 1742
3 1 520 1 780 1 2060
3 1 411 1 884 1 1844
3 1 442 1 1427 1 1747
3 1 462 1 1015 1 1975
3 1 548 1 808 1 1448
3 1 603 1 1279 1 2239
3 1 540 1 800 1 2080
3 1 633 1 925 1 1245
3 1 520 1 780 1 1740
3 1 366 1 1015 1 1335
3 1 587 1 1263 1 2223
3 1 554 1 814 1 2094
3 1 548 1 808 1 2088
3 1 571 1 831 1 1791
3 1 527 1 787 1 1427
3 1 509 1 1638 1 1958
3 1 550 1 810 1 1770
3 1 548 1 808 1 1768
3 1 488 1 977 1 1937
3 1 570 1 830 1 1790
3 1 442 1 1747 1 2067
3 1 353 1 746 1 1386
3 1 540 1 800 1 1760
3 1 400 1 1513 1 1833
3 1 515 1 775 1 2055
3 1 358 1 1391 1 2031
3 1 610 1 902 1 1222
3 1 570 1 830 1 1470
3 1 562 1 822 1 1782
3 1 562 1 822 1 1462
3 1 480 1 1865 1 2185
3 1 515 1 775 1 1735
3 1 565 1 825 1 1785
3 1 378 1 1347 1 1987
3 1 523 1 783 1 2063
3 1 523 1 783 1 1423
3 1 523 1 783 1 1743
3 1 625 1 1237 1 1877
3 1 565 1 825 1 2105
3 1 562 1 822 1 2102
3 1 561 1 821 1 2101
3 1 561 1 821 1 1781
3 1 563 1 823 1 1783
3 1 554 1 814 1 1774
3 1 552 1 812 1 1772
3 1 552 1 812 1 2092
3 1 554 1 814 1 1454
3 1 369 1 1018 1 1338
3 1 552 1 812 1 1452
3 1 553 1 813 1 1773
3 1 553 1 813 1 2093
3 1 478 1 903 1 2183
3 1 495 1 1624 1 1944
3 1 564 1 824 1 2104
3 1 564 1 824 1 1784
3 1 513 1 773 1 1413
3 1 545 1 805 1 2085
3 1 351 1 1064 1 1384
3 1 564 1 824 1 1464
3 1 565 1 825 1 1465
3 1 544 1 804 1 2084
3 1 583 1 939 1 1259
3 1 588 1 1264 1 1904
3 1 541 1 801 1 2081
3 1 549 1 809 1 1769
3 1 544 1 804 1 1444
3 1 401 1 874 1 1834
3 1 410 1 1523 1 1843
3 1 455 1 1904 1 2224
3 1 491 1 1620 1 1940
3 1 602 1 894 1 1214
3 1 610 1 1222 1 2182
3 1 545 1 805 1 1445
3 1 396 1 1765 1 2085
3 1 396 1 1445 1 1765
3 1 392 1 1505 1 1825
3 1 332 1 725 1 1365
3 1 521 1 781 1 1741
3 1 555 1 751 1 2031
3 1 610 1 1158 1 1478
3 1 336 1 729 1 1369
3 1 378 1 963 1 1283
3 1 493 1 1302 1 1942
3 1 449 1 1002 1 1962
3 1 544 1 804 1 1764
3 1 586 1 878 1 1198
3 1 554 1 750 1 2030
3 1 365 1 1078 1 1398
3 1 495 1 984 1 1944
3 1 491 1 1300 1 1940
3 1 427 1 1156 1 1796
3 1 425 1 1474 1 1794
3 1 339 1 732 1 1372
3 1 606 1 1218 1 1858
3 1 547 1 743 1 1063
3 1 351 1 744 1 1384
3 1 405 1 878 1 1838
3 1 574 1 706 1 1986
3 1 350 1 1063 1 1383
3 1 493 1 1622 1 1942
3 1 401 1 1194 1 1834
3 1 324 1 717 1 1357
3 1 454 1 1007 1 1967
3 1 512 1 772 1 1732
3 1 528 1 788 1 2068
3 1 445 1 854 1 1814
3 1 380 1 709 1 1349
3 1 602 1 1278 1 1918
3 1 619 1 1231 1 2191
3 1 476 1 965 1 1925
3 1 586 1 1262 1 1902
3 1 558 1 754 1 1074
3 1 579 1 935 1 1255
3 1 568 1 764 1 2044
3 1 476 1 1605 1 1925
3 1 541 1 801 1 1441
3 1 541 1 801 1 1761
3 1 353 1 1386 1 2026
3 1 380 1 1349 1 1989
3 1 580 1 1256 1 2216
3 1 331 1 724 1 1364
3 1 583 1 1259 1 2219
3 1 529 1 789 1 2069
3 1 470 1 1343 1 1983
3 1 427 1 836 1 1796
3 1 594 1 886 1 1206
3 1 400 1 873 1 1833
3 1 540 1 800 1 1440
3 1 476 1 1285 1 1925
3 1 402 1 1195 1 1835
3 1 453 1 1326 1 1966
3 1 453 1 1006 1 1966
3 1 386 1 1179 1 1819
3 1 453 1 1646 1 1966
3 1 545 1 741 1 1061
3 1 615 1 907 1 1227
3 1 556 1 816 1 1776
3 1 615 1 1227 1 1867
3 1 489 1 1618 1 1938
3 1 429 1 1478 1 1798
3 1 629 1 1241 1 1881
3 1 494 1 1303 1 1943
3 1 407 1 1520 1 1840
3 1 615 1 1227 1 2187
3 1 511 1 1640 1 1960
3 1 617 1 1229 1 2189
3 1 575 1 707 1 1987
3 1 616 1 908 1 1228
3 1 479 1 1608 1 1928
3 1 439 1 1168 1 1808
3 1 393 1 1442 1 1762
3 1 556 1 816 1 2096
3 1 403 1 1516 1 1836
3 1 625 1 853 1 1173
3 1 377 1 1346 1 1986
3 1 563 1 823 1 1463
3 1 573 1 769 1 1409
3 1 454 1 1327 1 1967
3 1 444 1 1749 1 2069
3 1 333 1 1366 1 2006
3 1 574 1 770 1 1410
3 1 557 1 817 1 1457
3 1 554 1 750 1 1070
3 1 481 1 1290 1 1930
3 1 581 1 873 1 1193
3 1 324 1 1037 1 1357
3 1 490 1 1619 1 1939
3 1 614 1 1162 1 1482
3 1 606 1 1218 1 2178
3 1 496 1 1881 1 2201
3 1 575 1 771 1 2051
3 1 584 1 876 1 1196
3 1 370 1 1403 1 2043
3 1 575 1 771 1 1411
3 1 402 1 875 1 1835
3 1 585 1 941 1 1261
3 1 585 1 1261 1 1901
3 1 419 1 1532 1 1852
3 1 355 1 1388 1 2028
3 1 595 1 887 1 1207
3 1 575 1 771 1 1731
3 1 385 1 1178 1 1818
3 1 386 1 1499 1 1819
3 1 581 1 1193 1 1513
3 1 348 1 1381 1 2021
3 1 626 1 1238 1 2198
3 1 434 1 1163 1 1803
3 1 381 1 1350 1 1990
3 1 475 1 964 1 1924
3 1 579 1 1255 1 2215
3 1 596 1 1208 1 1528
3 1 430 1 1159 1 1799
3 1 627 1 919 1 1239
3 1 585 1 1261 1 2221
3 1 392 1 1185 1 1825
3 1 449 1 1642 1 1962
3 1 590 1 1266 1 2226
3 1 321 1 714 1 1354
3 1 591 1 1267 1 2227
3 1 324 1 1357 1 1997
3 1 329 1 978 1 1298
3 1 393 1 1762 1 2082
3 1 365 1 1398 1 2038
3 1 353 1 1322 1 1642
3 1 475 1 1284 1 1924
3 1 589 1 1265 1 1905
3 1 602 1 958 1 1278
3 1 568 1 828 1 2108
3 1 355 1 748 1 1388
3 1 603 1 959 1 1279
3 1 354 1 1067 1 1387
3 1 448 1 1641 1 1961
3 1 444 1 853 1 1813
3 1 325 1 1358 1 1998
3 1 583 1 1259 1 1899
3 1 545 1 741 1 2021
3 1 396 1 869 1 1829
3 1 518 1 778 1 2058
3 1 451 1 1644 1 1964
3 1 465 1 1018 1 1978
3 1 355 1 1068 1 1388
3 1 392 1 865 1 1825
3 1 566 1 826 1 1786
