429 2240
2 1 1785 1 2105
2 1 1788 1 2108
2 1 1461 1 2101
2 1 1779 1 2099
2 1 1459 1 2099
2 1 1459 1 1779
2 1 1456 1 2096
2 1 1776 1 2096
2 1 1456 1 1776
2 1 1455 1 2095
2 1 1454 1 2094
2 1 1773 1 2093
2 1 1445 1 2085
2 1 1765 1 2085
2 1 1445 1 1765
2 1 1764 1 2084
2 1 1759 1 2079
2 1 1438 1 1758
2 1 1438 1 2078
2 1 1758 1 2078
2 1 1437 1 1757
2 1 1757 1 2077
2 1 1437 1 2077
2 1 1435 1 2075
2 1 1755 1 2075
2 1 1435 1 1755
2 1 1434 1 2074
2 1 1416 1 2056
2 1 1416 1 1736
2 1 1736 1 2056
2 1 1735 1 2055
2 1 1415 1 2055
2 1 1415 1 1735
2 1 1413 1 1733
2 1 1414 1 2054
2 1 1733 1 2053
2 1 1413 1 2053
2 1 1409 1 2049
2 1 1421 1 1741
2 1 1294 1 1614
2 1 972 1 1292
2 1 972 1 1612
2 1 1292 1 1612
2 1 1290 1 1610
2 1 970 1 1290
2 1 970 1 1610
2 1 1288 1 1608
2 1 1287 1 1607
2 1 966 1 1286
2 1 1285 1 1605
2 1 964 1 1604
2 1 1282 1 1602
2 1 1016 1 1656
2 1 1014 1 1654
2 1 1013 1 1653
2 1 1011 1 1331
2 1 1457 1 1777
2 1 1007 1 1647
2 1 1007 1 1327
2 1 1327 1 1647
2 1 1326 1 1646
2 1 1006 1 1646
2 1 1006 1 1326
2 1 1325 1 1645
2 1 1452 1 1772
2 1 1450 1 1770
2 1 1001 1 1321
2 1 999 1 1639
2 1 1318 1 1638
2 1 998 1 1638
2 1 998 1 1318
2 1 1317 1 1637
2 1 1312 1 1632
2 1 992 1 1632
2 1 992 1 1312
2 1 991 1 1311
2 1 1310 1 1630
2 1 1306 1 1626
2 1 1305 1 1625
2 1 985 1 1625
2 1 985 1 1305
2 1 977 1 1617
2 1 1297 1 1617
2 1 977 1 1297
2 1 1155 1 1475
2 1 1153 1 1473
2 1 1471 1 2111
2 1 1791 1 2111
2 1 1471 1 1791
2 1 960 1 1280
2 1 1023 1 1343
2 1 832 1 1472
2 1 1212 1 1532
2 1 1020 1 1660
2 1 1340 1 1660
2 1 1020 1 1340
2 1 1786 1 2106
2 1 1466 1 2106
2 1 1466 1 1786
2 1 1019 1 1659
2 1 889 1 1529
2 1 1464 1 1784
2 1 886 1 1206
2 1 885 1 1525
2 1 884 1 1524
2 1 1203 1 1523
2 1 882 1 1202
2 1 882 1 1522
2 1 1202 1 1522
2 1 1201 1 1521
2 1 880 1 1200
2 1 879 1 1519
2 1 878 1 1518
2 1 1197 1 1517
2 1 877 1 1517
2 1 877 1 1197
2 1 1196 1 1516
2 1 876 1 1196
2 1 876 1 1516
2 1 1449 1 1769
2 1 1002 1 1322
2 1 1002 1 1642
2 1 1322 1 1642
2 1 875 1 1195
2 1 872 1 1192
2 1 1190 1 1510
2 1 1188 1 1508
2 1 1316 1 1636
2 1 996 1 1316
2 1 996 1 1636
2 1 1442 1 2082
2 1 868 1 1188
2 1 868 1 1508
2 1 995 1 1315
2 1 995 1 1635
2 1 1315 1 1635
2 1 865 1 1505
2 1 1185 1 1505
2 1 864 1 1184
2 1 865 1 1185
2 1 1182 1 1502
2 1 861 1 1181
2 1 861 1 1501
2 1 1181 1 1501
2 1 862 1 1502
2 1 1309 1 1629
2 1 862 1 1182
2 1 1179 1 1499
2 1 858 1 1498
2 1 857 1 1497
2 1 1169 1 1489
2 1 1168 1 1488
2 1 1742 1 2062
2 1 1165 1 1485
2 1 845 1 1485
2 1 845 1 1165
2 1 1740 1 2060
2 1 843 1 1163
2 1 1163 1 1483
2 1 843 1 1483
2 1 1162 1 1482
2 1 1161 1 1481
2 1 1160 1 1480
2 1 839 1 1479
2 1 838 1 1478
2 1 1157 1 1477
2 1 837 1 1477
2 1 837 1 1157
2 1 1156 1 1476
2 1 836 1 1156
2 1 836 1 1476
2 1 1215 1 1535
2 1 1022 1 1342
2 1 1022 1 1662
2 1 1342 1 1662
2 1 1408 1 1728
2 1 1408 1 2048
2 1 1728 1 2048
2 1 959 1 2239
2 1 959 1 1919
2 1 1919 1 2239
2 1 1021 1 1661
2 1 894 1 1534
2 1 1470 1 1790
2 1 765 1 1085
2 1 765 1 2045
2 1 1085 1 2045
2 1 1789 1 2109
2 1 764 1 2044
2 1 1917 1 2237
2 1 763 1 2043
2 1 1084 1 2044
2 1 956 1 1916
2 1 956 1 2236
2 1 1916 1 2236
2 1 764 1 1084
2 1 955 1 2235
2 1 1915 1 2235
2 1 955 1 1915
2 1 891 1 1531
2 1 1018 1 1658
2 1 1018 1 1338
2 1 1338 1 1658
2 1 762 1 2042
2 1 890 1 1530
2 1 1210 1 1530
2 1 890 1 1210
2 1 1081 1 2041
2 1 1913 1 2233
2 1 1335 1 1655
2 1 888 1 1528
2 1 952 1 1912
2 1 1912 1 2232
2 1 952 1 2232
2 1 1079 1 2039
2 1 758 1 1078
2 1 758 1 2038
2 1 1078 1 2038
2 1 1910 1 2230
2 1 950 1 1910
2 1 950 1 2230
2 1 757 1 1077
2 1 757 1 2037
2 1 1077 1 2037
2 1 949 1 1909
2 1 1460 1 2100
2 1 755 1 1075
2 1 1075 1 2035
2 1 755 1 2035
2 1 1074 1 2034
2 1 1458 1 2098
2 1 1458 1 1778
2 1 1778 1 2098
2 1 946 1 2226
2 1 945 1 1905
2 1 1905 1 2225
2 1 945 1 2225
2 1 1904 1 2224
2 1 944 1 2224
2 1 944 1 1904
2 1 751 1 1071
2 1 943 1 2223
2 1 1903 1 2223
2 1 943 1 1903
2 1 942 1 1902
2 1 941 1 1901
2 1 1068 1 2028
2 1 748 1 2028
2 1 748 1 1068
2 1 940 1 2220
2 1 747 1 1067
2 1 939 1 2219
2 1 1899 1 2219
2 1 939 1 1899
2 1 746 1 1066
2 1 938 1 1898
2 1 1898 1 2218
2 1 938 1 2218
2 1 937 1 2217
2 1 937 1 1897
2 1 1897 1 2217
2 1 1000 1 1320
2 1 1000 1 1640
2 1 1320 1 1640
2 1 873 1 1193
2 1 1063 1 2023
2 1 1767 1 2087
2 1 1447 1 2087
2 1 1447 1 1767
2 1 1062 1 2022
2 1 742 1 1062
2 1 742 1 2022
2 1 935 1 1895
2 1 1446 1 1766
2 1 1766 1 2086
2 1 1446 1 2086
2 1 1061 1 2021
2 1 741 1 1061
2 1 741 1 2021
2 1 934 1 1894
2 1 1894 1 2214
2 1 934 1 2214
2 1 1060 1 2020
2 1 740 1 1060
2 1 740 1 2020
2 1 933 1 2213
2 1 932 1 2212
2 1 931 1 2211
2 1 994 1 1634
2 1 867 1 1187
2 1 867 1 1507
2 1 1187 1 1507
2 1 866 1 1186
2 1 1313 1 1633
2 1 737 1 1057
2 1 736 1 2016
2 1 1056 1 2016
2 1 736 1 1056
2 1 1760 1 2080
2 1 1888 1 2208
2 1 928 1 1888
2 1 928 1 2208
2 1 735 1 2015
2 1 735 1 1055
2 1 1055 1 2015
2 1 1054 1 2014
2 1 927 1 2207
2 1 926 1 2206
2 1 733 1 2013
2 1 1053 1 2013
2 1 733 1 1053
2 1 925 1 2205
2 1 1436 1 2076
2 1 1180 1 1500
2 1 860 1 1500
2 1 860 1 1180
2 1 924 1 2204
2 1 731 1 1051
2 1 730 1 1050
2 1 1882 1 2202
2 1 922 1 1882
2 1 922 1 2202
2 1 729 1 2009
2 1 729 1 1049
2 1 1049 1 2009
2 1 1753 1 2073
2 1 921 1 1881
2 1 1752 1 2072
2 1 1432 1 2072
2 1 1432 1 1752
2 1 727 1 2007
2 1 920 1 1880
2 1 920 1 2200
2 1 1880 1 2200
2 1 1175 1 1495
2 1 919 1 2199
2 1 1430 1 1750
2 1 1430 1 2070
2 1 1750 1 2070
2 1 1173 1 1493
2 1 724 1 2004
2 1 980 1 1300
2 1 1300 1 1620
2 1 980 1 1620
2 1 979 1 1299
2 1 1299 1 1619
2 1 979 1 1619
2 1 1172 1 1492
2 1 978 1 1298
2 1 1298 1 1618
2 1 978 1 1618
2 1 1042 1 2002
2 1 1746 1 2066
2 1 1041 1 2001
2 1 720 1 2000
2 1 720 1 1040
2 1 1040 1 2000
2 1 913 1 2193
2 1 913 1 1873
2 1 1873 1 2193
2 1 719 1 1039
2 1 719 1 1999
2 1 1039 1 1999
2 1 718 1 1998
2 1 910 1 2190
2 1 846 1 1166
2 1 1293 1 1613
2 1 973 1 1293
2 1 973 1 1613
2 1 717 1 1997
2 1 1037 1 1997
2 1 717 1 1037
2 1 1869 1 2189
2 1 908 1 2188
2 1 971 1 1611
2 1 1291 1 1611
2 1 971 1 1291
2 1 1035 1 1995
2 1 1867 1 2187
2 1 714 1 1034
2 1 713 1 1033
2 1 1033 1 1993
2 1 713 1 1993
2 1 1737 1 2057
2 1 712 1 1992
2 1 712 1 1032
2 1 1032 1 1992
2 1 711 1 1991
2 1 711 1 1031
2 1 1031 1 1991
2 1 904 1 1864
2 1 904 1 2184
2 1 1864 1 2184
2 1 903 1 2183
2 1 903 1 1863
2 1 1863 1 2183
2 1 710 1 1030
2 1 1030 1 1990
2 1 710 1 1990
2 1 1862 1 2182
2 1 902 1 2182
2 1 902 1 1862
2 1 1029 1 1989
2 1 901 1 1861
2 1 1028 1 1988
2 1 708 1 1028
2 1 708 1 1988
2 1 1732 1 2052
2 1 900 1 1860
2 1 1860 1 2180
2 1 900 1 2180
2 1 707 1 1027
2 1 1731 1 2051
2 1 706 1 1986
2 1 899 1 1859
2 1 899 1 2179
2 1 1859 1 2179
2 1 961 1 1281
2 1 961 1 1601
2 1 1281 1 1601
2 1 1730 1 2050
2 1 1154 1 1474
2 1 705 1 1985
2 1 705 1 1025
2 1 1025 1 1985
2 1 898 1 2178
2 1 1858 1 2178
2 1 898 1 1858
2 1 1857 1 2177
