435 2240
2 1 1470 1 2110
2 1 1786 1 2106
2 1 1466 1 1786
2 1 1466 1 2106
2 1 1780 1 2100
2 1 1774 1 2094
2 1 1453 1 2093
2 1 1773 1 2093
2 1 1453 1 1773
2 1 1770 1 2090
2 1 1771 1 2091
2 1 1451 1 2091
2 1 1451 1 1771
2 1 1449 1 2089
2 1 1449 1 1769
2 1 1769 1 2089
2 1 1445 1 2085
2 1 1765 1 2085
2 1 1445 1 1765
2 1 1761 1 2081
2 1 1441 1 2081
2 1 1441 1 1761
2 1 1440 1 2080
2 1 1760 1 2080
2 1 1440 1 1760
2 1 1757 1 2077
2 1 1437 1 1757
2 1 1432 1 2072
2 1 1437 1 2077
2 1 1432 1 1752
2 1 1752 1 2072
2 1 1430 1 1750
2 1 1430 1 2070
2 1 1750 1 2070
2 1 1429 1 2069
2 1 1425 1 1745
2 1 1745 1 2065
2 1 1425 1 2065
2 1 1423 1 2063
2 1 1422 1 2062
2 1 1422 1 1742
2 1 1742 1 2062
2 1 1420 1 1740
2 1 1420 1 2060
2 1 1740 1 2060
2 1 1737 1 2057
2 1 1408 1 2048
2 1 1408 1 1728
2 1 1728 1 2048
2 1 1729 1 2049
2 1 975 1 1295
2 1 1287 1 1607
2 1 1282 1 1602
2 1 1290 1 1610
2 1 970 1 1290
2 1 970 1 1610
2 1 1023 1 1343
2 1 1341 1 1661
2 1 1413 1 1733
2 1 1005 1 1325
2 1 1325 1 1645
2 1 1005 1 1645
2 1 1016 1 1336
2 1 1004 1 1644
2 1 1452 1 1772
2 1 1323 1 1643
2 1 1002 1 1322
2 1 994 1 1314
2 1 1314 1 1634
2 1 994 1 1634
2 1 992 1 1632
2 1 992 1 1312
2 1 1312 1 1632
2 1 990 1 1310
2 1 1310 1 1630
2 1 990 1 1630
2 1 1307 1 1627
2 1 987 1 1307
2 1 987 1 1627
2 1 985 1 1625
2 1 983 1 1623
2 1 1428 1 1748
2 1 979 1 1299
2 1 977 1 1617
2 1 976 1 1296
2 1 1152 1 1472
2 1 832 1 1152
2 1 1153 1 1473
2 1 832 1 1472
2 1 1280 1 1600
2 1 1210 1 1530
2 1 889 1 1529
2 1 1017 1 1337
2 1 1017 1 1657
2 1 1337 1 1657
2 1 1778 1 2098
2 1 1011 1 1651
2 1 1198 1 1518
2 1 877 1 1197
2 1 877 1 1517
2 1 1197 1 1517
2 1 875 1 1195
2 1 1193 1 1513
2 1 876 1 1516
2 1 873 1 1513
2 1 874 1 1514
2 1 873 1 1193
2 1 1001 1 1641
2 1 1447 1 2087
2 1 1320 1 1640
2 1 1189 1 1509
2 1 997 1 1637
2 1 870 1 1190
2 1 1190 1 1510
2 1 870 1 1510
2 1 1764 1 2084
2 1 867 1 1187
2 1 1444 1 1764
2 1 1444 1 2084
2 1 867 1 1507
2 1 1187 1 1507
2 1 1442 1 1762
2 1 865 1 1185
2 1 863 1 1503
2 1 863 1 1183
2 1 864 1 1184
2 1 1183 1 1503
2 1 864 1 1504
2 1 1184 1 1504
2 1 1758 1 2078
2 1 1438 1 2078
2 1 1438 1 1758
2 1 861 1 1501
2 1 861 1 1181
2 1 1181 1 1501
2 1 860 1 1500
2 1 1435 1 2075
2 1 988 1 1308
2 1 858 1 1498
2 1 856 1 1176
2 1 1431 1 1751
2 1 984 1 1304
2 1 854 1 1174
2 1 853 1 1493
2 1 853 1 1173
2 1 1173 1 1493
2 1 852 1 1492
2 1 980 1 1620
2 1 1170 1 1490
2 1 850 1 1490
2 1 850 1 1170
2 1 849 1 1169
2 1 1168 1 1488
2 1 848 1 1488
2 1 848 1 1168
2 1 1166 1 1486
2 1 846 1 1166
2 1 846 1 1486
2 1 974 1 1294
2 1 843 1 1483
2 1 1291 1 1611
2 1 1418 1 1738
2 1 841 1 1161
2 1 1160 1 1480
2 1 840 1 1160
2 1 840 1 1480
2 1 1415 1 1735
2 1 838 1 1158
2 1 965 1 1285
2 1 896 1 1856
2 1 1856 1 2176
2 1 896 1 2176
2 1 767 1 2047
2 1 1791 1 2111
2 1 895 1 1535
2 1 1919 1 2239
2 1 959 1 1919
2 1 959 1 2239
2 1 1342 1 1662
2 1 766 1 1086
2 1 765 1 2045
2 1 1918 1 2238
2 1 893 1 1533
2 1 764 1 2044
2 1 1084 1 2044
2 1 764 1 1084
2 1 1916 1 2236
2 1 1787 1 2107
2 1 1082 1 2042
2 1 762 1 2042
2 1 762 1 1082
2 1 955 1 2235
2 1 1081 1 2041
2 1 761 1 1081
2 1 761 1 2041
2 1 1914 1 2234
2 1 1913 1 2233
2 1 953 1 1913
2 1 953 1 2233
2 1 1465 1 1785
2 1 1015 1 1655
2 1 1015 1 1335
2 1 1335 1 1655
2 1 1079 1 2039
2 1 952 1 1912
2 1 1912 1 2232
2 1 952 1 2232
2 1 1463 1 1783
2 1 1013 1 1333
2 1 1013 1 1653
2 1 1333 1 1653
2 1 757 1 2037
2 1 950 1 1910
2 1 950 1 2230
2 1 1910 1 2230
2 1 1205 1 1525
2 1 885 1 1525
2 1 885 1 1205
2 1 756 1 2036
2 1 1076 1 2036
2 1 756 1 1076
2 1 755 1 2035
2 1 1907 1 2227
2 1 947 1 2227
2 1 947 1 1907
2 1 883 1 1523
2 1 1010 1 1330
2 1 1330 1 1650
2 1 1010 1 1650
2 1 882 1 1202
2 1 1009 1 1649
2 1 753 1 2033
2 1 1905 1 2225
2 1 1777 1 2097
2 1 881 1 1521
2 1 1201 1 1521
2 1 881 1 1201
2 1 1327 1 1647
2 1 1007 1 1647
2 1 1007 1 1327
2 1 1200 1 1520
2 1 1904 1 2224
2 1 1006 1 1326
2 1 1006 1 1646
2 1 1326 1 1646
2 1 1775 1 2095
2 1 1455 1 2095
2 1 1455 1 1775
2 1 1070 1 2030
2 1 750 1 2030
2 1 750 1 1070
2 1 1069 1 2029
2 1 1902 1 2222
2 1 941 1 1901
2 1 1901 1 2221
2 1 941 1 2221
2 1 1068 1 2028
2 1 940 1 1900
2 1 940 1 2220
2 1 1900 1 2220
2 1 747 1 1067
2 1 747 1 2027
2 1 1067 1 2027
2 1 939 1 1899
2 1 1899 1 2219
2 1 939 1 2219
2 1 746 1 1066
2 1 1066 1 2026
2 1 746 1 2026
2 1 938 1 2218
2 1 1898 1 2218
2 1 938 1 1898
2 1 1065 1 2025
2 1 745 1 1065
2 1 745 1 2025
2 1 937 1 1897
2 1 937 1 2217
2 1 1897 1 2217
2 1 936 1 2216
2 1 936 1 1896
2 1 1896 1 2216
2 1 872 1 1512
2 1 743 1 2023
2 1 1895 1 2215
2 1 998 1 1318
2 1 998 1 1638
2 1 1318 1 1638
2 1 1062 1 2022
2 1 742 1 1062
2 1 742 1 2022
2 1 1446 1 2086
2 1 1446 1 1766
2 1 1766 1 2086
2 1 740 1 2020
2 1 1893 1 2213
2 1 933 1 1893
2 1 933 1 2213
2 1 932 1 1892
2 1 932 1 2212
2 1 1892 1 2212
2 1 868 1 1188
2 1 1188 1 1508
2 1 868 1 1508
2 1 1059 1 2019
2 1 995 1 1315
2 1 995 1 1635
2 1 1315 1 1635
2 1 1891 1 2211
2 1 1443 1 2083
2 1 1763 1 2083
2 1 1443 1 1763
2 1 738 1 2018
2 1 993 1 1313
2 1 1057 1 2017
2 1 930 1 2210
2 1 1890 1 2210
2 1 930 1 1890
2 1 1889 1 2209
2 1 1888 1 2208
2 1 928 1 1888
2 1 928 1 2208
2 1 1055 1 2015
2 1 735 1 1055
2 1 735 1 2015
2 1 927 1 2207
2 1 927 1 1887
2 1 1887 1 2207
2 1 926 1 2206
2 1 1886 1 2206
2 1 926 1 1886
2 1 989 1 1629
2 1 989 1 1309
2 1 1309 1 1629
2 1 862 1 1182
2 1 733 1 1053
2 1 733 1 2013
2 1 1053 1 2013
2 1 1885 1 2205
2 1 732 1 1052
2 1 924 1 2204
2 1 923 1 2203
2 1 1883 1 2203
2 1 923 1 1883
2 1 986 1 1306
2 1 859 1 1179
2 1 730 1 1050
2 1 1434 1 2074
2 1 1049 1 2009
2 1 729 1 2009
2 1 729 1 1049
2 1 728 1 1048
2 1 1048 1 2008
2 1 728 1 2008
2 1 920 1 1880
2 1 919 1 1879
2 1 919 1 2199
2 1 1879 1 2199
2 1 982 1 1622
2 1 855 1 1495
2 1 1046 1 2006
2 1 726 1 1046
2 1 726 1 2006
2 1 1878 1 2198
2 1 1877 1 2197
2 1 917 1 1877
2 1 917 1 2197
2 1 724 1 1044
2 1 851 1 1171
2 1 1875 1 2195
2 1 915 1 2195
2 1 915 1 1875
2 1 1042 1 2002
2 1 721 1 1041
2 1 913 1 1873
2 1 912 1 2192
2 1 719 1 1039
2 1 1038 1 1998
2 1 718 1 1998
2 1 718 1 1038
2 1 1869 1 2189
2 1 909 1 1869
2 1 909 1 2189
2 1 972 1 1292
2 1 845 1 1165
2 1 845 1 1485
2 1 1165 1 1485
2 1 1421 1 1741
2 1 1036 1 1996
2 1 716 1 1036
2 1 716 1 1996
2 1 1035 1 1995
2 1 715 1 1035
2 1 715 1 1995
2 1 1868 1 2188
2 1 907 1 2187
2 1 714 1 1994
2 1 1289 1 1609
2 1 842 1 1162
2 1 906 1 1866
2 1 713 1 1033
2 1 712 1 1992
2 1 712 1 1032
2 1 1032 1 1992
2 1 904 1 2184
2 1 1286 1 1606
2 1 966 1 1286
2 1 966 1 1606
2 1 710 1 1030
2 1 1030 1 1990
2 1 710 1 1990
2 1 1862 1 2182
2 1 709 1 1989
2 1 1029 1 1989
2 1 709 1 1029
2 1 900 1 2180
2 1 707 1 1027
2 1 1027 1 1987
2 1 707 1 1987
2 1 1283 1 1603
2 1 963 1 1283
2 1 963 1 1603
2 1 836 1 1156
2 1 1411 1 2051
2 1 706 1 1986
2 1 1410 1 2050
2 1 1730 1 2050
2 1 1410 1 1730
2 1 1154 1 1474
2 1 705 1 1025
2 1 705 1 1985
2 1 1025 1 1985
2 1 898 1 1858
2 1 1024 1 1984
2 1 704 1 1984
2 1 704 1 1024
