653 2240
2 1 1787 1 2107
2 1 1463 1 2103
2 1 1783 1 2103
2 1 1463 1 1783
2 1 1461 1 2101
2 1 1457 1 2097
2 1 1775 1 2095
2 1 1454 1 2094
2 1 1467 1 1787
2 1 1467 1 2107
2 1 1451 1 1771
2 1 1771 1 2091
2 1 1768 1 2088
2 1 1451 1 2091
2 1 1448 1 1768
2 1 1448 1 2088
2 1 1447 1 2087
2 1 1444 1 1764
2 1 1764 1 2084
2 1 1757 1 2077
2 1 1444 1 2084
2 1 1744 1 2064
2 1 1437 1 2077
2 1 1437 1 1757
2 1 1429 1 1749
2 1 1429 1 2069
2 1 1749 1 2069
2 1 1740 1 2060
2 1 1420 1 2060
2 1 1420 1 1740
2 1 1416 1 1736
2 1 1416 1 2056
2 1 1736 1 2056
2 1 1294 1 1614
2 1 1413 1 1733
2 1 1728 1 2048
2 1 1408 1 2048
2 1 966 1 1286
2 1 961 1 1281
2 1 1281 1 1601
2 1 961 1 1601
2 1 1409 1 1729
2 1 1014 1 1334
2 1 1408 1 1728
2 1 1014 1 1654
2 1 1020 1 1340
2 1 1334 1 1654
2 1 1332 1 1652
2 1 1012 1 1332
2 1 1012 1 1652
2 1 1459 1 1779
2 1 1460 1 1780
2 1 1010 1 1650
2 1 1010 1 1330
2 1 1330 1 1650
2 1 1008 1 1648
2 1 1001 1 1321
2 1 1321 1 1641
2 1 1001 1 1641
2 1 1317 1 1637
2 1 997 1 1637
2 1 997 1 1317
2 1 993 1 1313
2 1 1440 1 1760
2 1 984 1 1304
2 1 1304 1 1624
2 1 984 1 1624
2 1 980 1 1620
2 1 1300 1 1620
2 1 980 1 1300
2 1 977 1 1617
2 1 977 1 1297
2 1 1297 1 1617
2 1 835 1 1475
2 1 833 1 1153
2 1 895 1 1215
2 1 1154 1 1474
2 1 895 1 1535
2 1 1215 1 1535
2 1 1023 1 1343
2 1 1343 1 1663
2 1 1023 1 1663
2 1 1470 1 1790
2 1 1788 1 2108
2 1 1466 1 1786
2 1 1018 1 1658
2 1 1211 1 1531
2 1 891 1 1531
2 1 891 1 1211
2 1 884 1 1204
2 1 1204 1 1524
2 1 887 1 1207
2 1 884 1 1524
2 1 1778 1 2098
2 1 1011 1 1651
2 1 1201 1 1521
2 1 881 1 1521
2 1 881 1 1201
2 1 1198 1 1518
2 1 878 1 1518
2 1 878 1 1198
2 1 1773 1 2093
2 1 1453 1 2093
2 1 1453 1 1773
2 1 1006 1 1326
2 1 1005 1 1325
2 1 1005 1 1645
2 1 1325 1 1645
2 1 874 1 1194
2 1 1194 1 1514
2 1 874 1 1514
2 1 1322 1 1642
2 1 872 1 1192
2 1 1191 1 1511
2 1 870 1 1190
2 1 870 1 1510
2 1 1190 1 1510
2 1 871 1 1511
2 1 1318 1 1638
2 1 998 1 1638
2 1 871 1 1191
2 1 998 1 1318
2 1 1188 1 1508
2 1 864 1 1504
2 1 1441 1 2081
2 1 864 1 1184
2 1 1184 1 1504
2 1 1311 1 1631
2 1 860 1 1500
2 1 1181 1 1501
2 1 1308 1 1628
2 1 858 1 1178
2 1 856 1 1176
2 1 1175 1 1495
2 1 1174 1 1494
2 1 981 1 1301
2 1 1171 1 1491
2 1 1422 1 1742
2 1 1167 1 1487
2 1 847 1 1167
2 1 847 1 1487
2 1 845 1 1165
2 1 972 1 1292
2 1 972 1 1612
2 1 1292 1 1612
2 1 1418 1 1738
2 1 1418 1 2058
2 1 1738 1 2058
2 1 971 1 1291
2 1 1291 1 1611
2 1 971 1 1611
2 1 1161 1 1481
2 1 841 1 1161
2 1 841 1 1481
2 1 1160 1 1480
2 1 839 1 1479
2 1 1734 1 2054
2 1 1287 1 1607
2 1 967 1 1287
2 1 967 1 1607
2 1 837 1 1477
2 1 1732 1 2052
2 1 1856 1 2176
2 1 896 1 2176
2 1 896 1 1856
2 1 1087 1 2047
2 1 1471 1 1791
2 1 1791 1 2111
2 1 1471 1 2111
2 1 959 1 2239
2 1 959 1 1919
2 1 1919 1 2239
2 1 765 1 1085
2 1 958 1 2238
2 1 1918 1 2238
2 1 958 1 1918
2 1 1021 1 1661
2 1 1469 1 1789
2 1 1469 1 2109
2 1 1789 1 2109
2 1 1917 1 2237
2 1 1212 1 1532
2 1 763 1 1083
2 1 956 1 2236
2 1 1915 1 2235
2 1 1914 1 2234
2 1 954 1 2234
2 1 954 1 1914
2 1 890 1 1530
2 1 1337 1 1657
2 1 1017 1 1337
2 1 1017 1 1657
2 1 1913 1 2233
2 1 1016 1 1336
2 1 1465 1 1785
2 1 1465 1 2105
2 1 1785 1 2105
2 1 889 1 1209
2 1 760 1 2040
2 1 1208 1 1528
2 1 1015 1 1655
2 1 1079 1 2039
2 1 1333 1 1653
2 1 886 1 1526
2 1 950 1 2230
2 1 757 1 1077
2 1 1077 1 2037
2 1 757 1 2037
2 1 1076 1 2036
2 1 756 1 1076
2 1 756 1 2036
2 1 1909 1 2229
2 1 948 1 1908
2 1 1075 1 2035
2 1 947 1 2227
2 1 947 1 1907
2 1 1907 1 2227
2 1 882 1 1202
2 1 946 1 2226
2 1 753 1 2033
2 1 1073 1 2033
2 1 753 1 1073
2 1 1327 1 1647
2 1 1456 1 1776
2 1 880 1 1520
2 1 880 1 1200
2 1 1200 1 1520
2 1 944 1 1904
2 1 750 1 1070
2 1 942 1 2222
2 1 749 1 2029
2 1 941 1 1901
2 1 1004 1 1644
2 1 877 1 1517
2 1 877 1 1197
2 1 1197 1 1517
2 1 1452 1 2092
2 1 876 1 1516
2 1 876 1 1196
2 1 1196 1 1516
2 1 1900 1 2220
2 1 747 1 1067
2 1 747 1 2027
2 1 1067 1 2027
2 1 746 1 1066
2 1 938 1 2218
2 1 1450 1 2090
2 1 1450 1 1770
2 1 1770 1 2090
2 1 745 1 2025
2 1 1193 1 1513
2 1 1064 1 2024
2 1 1897 1 2217
2 1 937 1 2217
2 1 937 1 1897
2 1 1896 1 2216
2 1 743 1 1063
2 1 1063 1 2023
2 1 743 1 2023
2 1 1895 1 2215
2 1 935 1 2215
2 1 935 1 1895
2 1 742 1 2022
2 1 742 1 1062
2 1 1062 1 2022
2 1 1446 1 1766
2 1 1765 1 2085
2 1 996 1 1316
2 1 996 1 1636
2 1 1316 1 1636
2 1 1060 1 2020
2 1 933 1 2213
2 1 933 1 1893
2 1 1893 1 2213
2 1 931 1 2211
2 1 1187 1 1507
2 1 867 1 1187
2 1 867 1 1507
2 1 738 1 2018
2 1 1058 1 2018
2 1 738 1 1058
2 1 994 1 1314
2 1 994 1 1634
2 1 1314 1 1634
2 1 1442 1 2082
2 1 1185 1 1505
2 1 1312 1 1632
2 1 992 1 1312
2 1 992 1 1632
2 1 736 1 2016
2 1 736 1 1056
2 1 1056 1 2016
2 1 929 1 1889
2 1 735 1 2015
2 1 1887 1 2207
2 1 927 1 2207
2 1 927 1 1887
2 1 990 1 1310
2 1 1310 1 1630
2 1 990 1 1630
2 1 863 1 1183
2 1 734 1 2014
2 1 1309 1 1629
2 1 1758 1 2078
2 1 862 1 1182
2 1 733 1 1053
2 1 733 1 2013
2 1 1053 1 2013
2 1 1052 1 2012
2 1 1885 1 2205
2 1 732 1 1052
2 1 732 1 2012
2 1 924 1 1884
2 1 1884 1 2204
2 1 924 1 2204
2 1 923 1 1883
2 1 1306 1 1626
2 1 986 1 1626
2 1 986 1 1306
2 1 859 1 1499
2 1 1179 1 1499
2 1 859 1 1179
2 1 730 1 2010
2 1 730 1 1050
2 1 1050 1 2010
2 1 1434 1 2074
2 1 1882 1 2202
2 1 729 1 2009
2 1 729 1 1049
2 1 1049 1 2009
2 1 1048 1 2008
2 1 728 1 2008
2 1 728 1 1048
2 1 1432 1 2072
2 1 1752 1 2072
2 1 1432 1 1752
2 1 920 1 1880
2 1 727 1 1047
2 1 1751 1 2071
2 1 726 1 1046
2 1 1046 1 2006
2 1 726 1 2006
2 1 919 1 2199
2 1 1430 1 2070
2 1 918 1 2198
2 1 1878 1 2198
2 1 918 1 1878
2 1 724 1 2004
2 1 916 1 1876
2 1 916 1 2196
2 1 1876 1 2196
2 1 1428 1 1748
2 1 1748 1 2068
2 1 1428 1 2068
2 1 979 1 1299
2 1 852 1 1492
2 1 852 1 1172
2 1 1172 1 1492
2 1 1043 1 2003
2 1 723 1 2003
2 1 723 1 1043
2 1 1042 1 2002
2 1 1875 1 2195
2 1 1426 1 2066
2 1 914 1 2194
2 1 1874 1 2194
2 1 914 1 1874
2 1 1296 1 1616
2 1 1169 1 1489
2 1 720 1 1040
2 1 1040 1 2000
2 1 720 1 2000
2 1 913 1 1873
2 1 1872 1 2192
2 1 719 1 1039
2 1 719 1 1999
2 1 1039 1 1999
2 1 911 1 2191
2 1 910 1 1870
2 1 846 1 1166
2 1 1037 1 1997
2 1 717 1 1037
2 1 717 1 1997
2 1 1869 1 2189
2 1 716 1 1036
2 1 716 1 1996
2 1 1036 1 1996
2 1 908 1 1868
2 1 908 1 2188
2 1 1868 1 2188
2 1 907 1 2187
2 1 970 1 1290
2 1 843 1 1483
2 1 714 1 1994
2 1 969 1 1289
2 1 1033 1 1993
2 1 1737 1 2057
2 1 1417 1 2057
2 1 1417 1 1737
2 1 712 1 1032
2 1 711 1 1031
2 1 711 1 1991
2 1 1031 1 1991
2 1 904 1 1864
2 1 1864 1 2184
2 1 904 1 2184
2 1 903 1 1863
2 1 1863 1 2183
2 1 903 1 2183
2 1 710 1 1990
2 1 902 1 1862
2 1 965 1 1605
2 1 965 1 1285
2 1 1285 1 1605
2 1 709 1 1029
2 1 709 1 1989
2 1 1029 1 1989
2 1 1860 1 2180
2 1 900 1 2180
2 1 900 1 1860
2 1 963 1 1603
2 1 1027 1 1987
2 1 707 1 1027
2 1 707 1 1987
2 1 836 1 1156
2 1 1411 1 2051
2 1 1411 1 1731
2 1 1731 1 2051
2 1 1859 1 2179
2 1 706 1 1026
2 1 705 1 1985
2 1 705 1 1025
2 1 1025 1 1985
2 1 898 1 2178
2 1 897 1 1857
2 1 897 1 2177
2 1 1857 1 2177
2 1 1024 1 1984
3 1 509 1 934 1 2214
3 1 487 1 1616 1 1936
3 1 598 1 1274 1 2234
3 1 579 1 1255 1 1895
3 1 487 1 1296 1 1936
3 1 578 1 934 1 1254
3 1 579 1 935 1 1255
3 1 594 1 1270 1 2230
3 1 485 1 1294 1 1934
3 1 478 1 1607 1 1927
3 1 369 1 762 1 1402
3 1 497 1 986 1 1946
3 1 549 1 809 1 1769
3 1 536 1 796 1 2076
3 1 391 1 1184 1 1824
3 1 519 1 715 1 1995
3 1 579 1 1255 1 2215
3 1 345 1 1378 1 2018
3 1 459 1 1652 1 1972
3 1 393 1 1186 1 1826
3 1 555 1 751 1 1071
3 1 398 1 1767 1 2087
3 1 485 1 1614 1 1934
3 1 459 1 1012 1 1972
3 1 418 1 891 1 1851
3 1 635 1 927 1 1247
3 1 330 1 1043 1 1363
3 1 412 1 1781 1 2101
3 1 617 1 1229 1 2189
3 1 510 1 1319 1 1959
3 1 435 1 1164 1 1804
3 1 594 1 950 1 1270
3 1 460 1 1653 1 1973
3 1 613 1 1225 1 2185
3 1 497 1 1626 1 1946
3 1 460 1 1333 1 1973
3 1 322 1 1355 1 1995
3 1 484 1 973 1 1933
3 1 571 1 831 1 1791
3 1 557 1 817 1 1457
3 1 408 1 1777 1 2097
3 1 359 1 752 1 1392
3 1 547 1 807 1 1447
3 1 408 1 1457 1 1777
3 1 561 1 821 1 1461
3 1 598 1 1274 1 1914
3 1 561 1 821 1 2101
3 1 494 1 1303 1 1943
3 1 412 1 1461 1 1781
3 1 544 1 804 1 1764
3 1 387 1 1756 1 2076
3 1 617 1 1229 1 1869
3 1 324 1 973 1 1293
3 1 520 1 780 1 2060
3 1 557 1 817 1 2097
3 1 547 1 807 1 2087
3 1 567 1 827 1 2107
3 1 324 1 1357 1 1997
3 1 544 1 804 1 1444
3 1 544 1 804 1 2084
3 1 440 1 1169 1 1809
3 1 436 1 1165 1 1805
3 1 398 1 1447 1 1767
3 1 383 1 1288 1 1608
3 1 436 1 845 1 1805
3 1 567 1 827 1 1467
3 1 639 1 931 1 1251
3 1 563 1 823 1 1783
3 1 541 1 801 1 2081
3 1 563 1 823 1 1463
3 1 563 1 823 1 2103
3 1 567 1 827 1 1787
3 1 520 1 780 1 1740
3 1 520 1 780 1 1420
3 1 551 1 811 1 2091
3 1 551 1 811 1 1451
3 1 551 1 811 1 1771
3 1 537 1 797 1 2077
3 1 537 1 797 1 1757
3 1 537 1 797 1 1437
3 1 571 1 831 1 2111
3 1 571 1 831 1 1471
3 1 555 1 815 1 1775
3 1 326 1 975 1 1295
3 1 439 1 848 1 1808
3 1 548 1 808 1 2088
3 1 392 1 1441 1 1761
3 1 541 1 801 1 1441
3 1 392 1 1761 1 2081
3 1 548 1 808 1 1448
3 1 548 1 808 1 1768
3 1 610 1 838 1 1158
3 1 554 1 814 1 1454
3 1 405 1 1774 1 2094
3 1 554 1 814 1 2094
3 1 555 1 815 1 2095
3 1 620 1 1232 1 1872
3 1 405 1 1454 1 1774
3 1 608 1 900 1 1220
3 1 326 1 1359 1 1999
3 1 612 1 904 1 1224
3 1 639 1 1251 1 2211
3 1 582 1 938 1 1258
3 1 632 1 1180 1 1500
3 1 635 1 1247 1 1887
3 1 599 1 1275 1 1915
3 1 526 1 786 1 2066
3 1 573 1 769 1 1729
3 1 432 1 1481 1 1801
3 1 349 1 742 1 1382
3 1 592 1 948 1 1268
3 1 442 1 1171 1 1811
3 1 529 1 789 1 1429
3 1 470 1 1663 1 1983
3 1 371 1 1404 1 2044
3 1 497 1 1306 1 1946
3 1 631 1 923 1 1243
3 1 598 1 954 1 1274
3 1 566 1 826 1 1786
3 1 326 1 719 1 1359
3 1 569 1 829 1 1469
3 1 379 1 1284 1 1604
3 1 611 1 1223 1 2183
3 1 619 1 1231 1 2191
3 1 612 1 1224 1 1864
3 1 506 1 1315 1 1955
3 1 635 1 1247 1 2207
3 1 521 1 781 1 1741
3 1 343 1 736 1 1376
3 1 432 1 1161 1 1801
3 1 498 1 1883 1 2203
3 1 419 1 1212 1 1852
3 1 474 1 1603 1 1923
3 1 345 1 1058 1 1378
3 1 400 1 1193 1 1833
3 1 327 1 1360 1 2000
3 1 345 1 738 1 1378
3 1 631 1 1243 1 1883
3 1 462 1 1015 1 1975
3 1 498 1 923 1 2203
3 1 361 1 754 1 1394
3 1 535 1 795 1 1755
3 1 456 1 1329 1 1969
3 1 616 1 908 1 1228
3 1 337 1 1370 1 2010
3 1 498 1 1307 1 1947
3 1 408 1 1521 1 1841
3 1 328 1 721 1 1361
3 1 602 1 1278 1 2238
3 1 459 1 1908 1 2228
3 1 441 1 1426 1 1746
3 1 376 1 1025 1 1345
3 1 437 1 1166 1 1806
3 1 485 1 1870 1 2190
3 1 357 1 1070 1 1390
3 1 492 1 981 1 1941
3 1 600 1 956 1 1276
3 1 440 1 1489 1 1809
3 1 529 1 789 1 1749
3 1 332 1 1045 1 1365
3 1 534 1 794 1 2074
3 1 529 1 789 1 2069
3 1 449 1 1322 1 1962
3 1 391 1 864 1 1824
3 1 455 1 944 1 2224
3 1 495 1 1304 1 1944
3 1 582 1 1258 1 2218
3 1 526 1 786 1 1426
3 1 620 1 1232 1 2192
3 1 527 1 787 1 1747
3 1 400 1 1513 1 1833
3 1 594 1 886 1 1206
3 1 588 1 1264 1 1904
3 1 437 1 846 1 1806
3 1 385 1 1434 1 1754
3 1 621 1 913 1 1233
3 1 623 1 1235 1 2195
3 1 623 1 1235 1 1875
3 1 391 1 1504 1 1824
3 1 581 1 1257 1 2217
3 1 534 1 794 1 1434
3 1 368 1 1401 1 2041
3 1 388 1 1181 1 1821
3 1 449 1 1642 1 1962
3 1 621 1 1233 1 1873
3 1 352 1 745 1 1385
3 1 477 1 966 1 1926
3 1 425 1 1154 1 1794
3 1 569 1 829 1 1789
3 1 443 1 1492 1 1812
3 1 417 1 1530 1 1850
3 1 585 1 941 1 1261
3 1 326 1 1039 1 1359
3 1 433 1 1162 1 1802
3 1 327 1 720 1 1360
3 1 454 1 1327 1 1967
3 1 418 1 1211 1 1851
3 1 405 1 1518 1 1838
3 1 618 1 910 1 1230
3 1 580 1 1256 1 1896
3 1 507 1 996 1 1956
3 1 476 1 1605 1 1925
3 1 405 1 1198 1 1838
3 1 574 1 770 1 1730
3 1 385 1 1754 1 2074
3 1 351 1 1064 1 1384
3 1 514 1 774 1 1734
3 1 625 1 1173 1 1493
3 1 380 1 1029 1 1349
3 1 619 1 911 1 1231
3 1 517 1 713 1 1033
3 1 327 1 1040 1 1360
3 1 395 1 1188 1 1828
3 1 533 1 793 1 1433
3 1 595 1 1271 1 1911
