566 2240
2 1 1790 1 2110
2 1 1468 1 2108
2 1 1465 1 2105
2 1 1466 1 2106
2 1 1783 1 2103
2 1 1463 1 1783
2 1 1463 1 2103
2 1 1459 1 1779
2 1 1779 1 2099
2 1 1459 1 2099
2 1 1766 1 2086
2 1 1446 1 2086
2 1 1446 1 1766
2 1 1443 1 2083
2 1 1763 1 2083
2 1 1443 1 1763
2 1 1438 1 2078
2 1 1758 1 2078
2 1 1438 1 1758
2 1 1426 1 2066
2 1 1745 1 2065
2 1 1425 1 2065
2 1 1425 1 1745
2 1 1422 1 1742
2 1 1742 1 2062
2 1 1422 1 2062
2 1 1421 1 2061
2 1 1421 1 1741
2 1 1741 1 2061
2 1 1412 1 2052
2 1 1412 1 1732
2 1 1293 1 1613
2 1 1732 1 2052
2 1 965 1 1285
2 1 1023 1 1663
2 1 1023 1 1343
2 1 1343 1 1663
2 1 1021 1 1661
2 1 1021 1 1341
2 1 1341 1 1661
2 1 1339 1 1659
2 1 1019 1 1659
2 1 1019 1 1339
2 1 1335 1 1655
2 1 1017 1 1657
2 1 1015 1 1655
2 1 1015 1 1335
2 1 1009 1 1329
2 1 1456 1 1776
2 1 1007 1 1647
2 1 1327 1 1647
2 1 1451 1 1771
2 1 1458 1 1778
2 1 1322 1 1642
2 1 1002 1 1642
2 1 1002 1 1322
2 1 998 1 1638
2 1 1318 1 1638
2 1 998 1 1318
2 1 997 1 1637
2 1 997 1 1317
2 1 1317 1 1637
2 1 1445 1 1765
2 1 1007 1 1327
2 1 1444 1 1764
2 1 995 1 1635
2 1 993 1 1633
2 1 1439 1 1759
2 1 989 1 1629
2 1 1436 1 1756
2 1 987 1 1627
2 1 985 1 1625
2 1 963 1 1603
2 1 978 1 1298
2 1 832 1 1152
2 1 1787 1 2107
2 1 895 1 1535
2 1 1213 1 1533
2 1 893 1 1213
2 1 893 1 1533
2 1 1020 1 1660
2 1 890 1 1210
2 1 890 1 1530
2 1 1210 1 1530
2 1 889 1 1209
2 1 1209 1 1529
2 1 889 1 1529
2 1 888 1 1528
2 1 1208 1 1528
2 1 888 1 1208
2 1 887 1 1527
2 1 886 1 1526
2 1 1014 1 1334
2 1 1460 1 1780
2 1 1460 1 2100
2 1 1780 1 2100
2 1 1333 1 1653
2 1 1013 1 1653
2 1 883 1 1523
2 1 1013 1 1333
2 1 1203 1 1523
2 1 883 1 1203
2 1 882 1 1522
2 1 882 1 1202
2 1 1202 1 1522
2 1 1777 1 2097
2 1 1457 1 2097
2 1 1457 1 1777
2 1 1010 1 1330
2 1 880 1 1520
2 1 880 1 1200
2 1 1200 1 1520
2 1 1453 1 2093
2 1 1326 1 1646
2 1 879 1 1199
2 1 1005 1 1325
2 1 1452 1 1772
2 1 873 1 1193
2 1 871 1 1511
2 1 867 1 1187
2 1 866 1 1506
2 1 1186 1 1506
2 1 866 1 1186
2 1 1761 1 2081
2 1 1441 1 2081
2 1 869 1 1509
2 1 1189 1 1509
2 1 869 1 1189
2 1 1441 1 1761
2 1 864 1 1504
2 1 863 1 1183
2 1 858 1 1498
2 1 1178 1 1498
2 1 858 1 1178
2 1 856 1 1176
2 1 1176 1 1496
2 1 1433 1 1753
2 1 1753 1 2073
2 1 1433 1 2073
2 1 856 1 1496
2 1 1303 1 1623
2 1 983 1 1303
2 1 983 1 1623
2 1 1429 1 2069
2 1 1749 1 2069
2 1 1429 1 1749
2 1 1428 1 2068
2 1 1428 1 1748
2 1 1748 1 2068
2 1 1171 1 1491
2 1 851 1 1171
2 1 851 1 1491
2 1 850 1 1490
2 1 1170 1 1490
2 1 850 1 1170
2 1 849 1 1489
2 1 1424 1 1744
2 1 1423 1 2063
2 1 1743 1 2063
2 1 1423 1 1743
2 1 976 1 1616
2 1 976 1 1296
2 1 1296 1 1616
2 1 846 1 1486
2 1 844 1 1484
2 1 1419 1 1739
2 1 1165 1 1485
2 1 1739 1 2059
2 1 1419 1 2059
2 1 1292 1 1612
2 1 845 1 1165
2 1 845 1 1485
2 1 971 1 1611
2 1 968 1 1288
2 1 968 1 1608
2 1 1288 1 1608
2 1 1156 1 1476
2 1 1856 1 2176
2 1 959 1 1919
2 1 1471 1 1791
2 1 766 1 1086
2 1 1086 1 2046
2 1 766 1 2046
2 1 765 1 2045
2 1 1085 1 2045
2 1 765 1 1085
2 1 958 1 1918
2 1 1918 1 2238
2 1 958 1 2238
2 1 957 1 2237
2 1 957 1 1917
2 1 1917 1 2237
2 1 1084 1 2044
2 1 764 1 1084
2 1 764 1 2044
2 1 763 1 2043
2 1 956 1 1916
2 1 891 1 1531
2 1 1914 1 2234
2 1 1081 1 2041
2 1 761 1 1081
2 1 761 1 2041
2 1 953 1 1913
2 1 1080 1 2040
2 1 952 1 1912
2 1 759 1 1079
2 1 1079 1 2039
2 1 759 1 2039
2 1 951 1 1911
2 1 758 1 1078
2 1 758 1 2038
2 1 1078 1 2038
2 1 1910 1 2230
2 1 950 1 1910
2 1 950 1 2230
2 1 1461 1 2101
2 1 885 1 1205
2 1 949 1 2229
2 1 1204 1 1524
2 1 755 1 2035
2 1 1075 1 2035
2 1 755 1 1075
2 1 754 1 1074
2 1 946 1 1906
2 1 1906 1 2226
2 1 946 1 2226
2 1 753 1 2033
2 1 1905 1 2225
2 1 945 1 2225
2 1 945 1 1905
2 1 881 1 1201
2 1 1328 1 1648
2 1 1008 1 1328
2 1 1008 1 1648
2 1 1072 1 2032
2 1 1904 1 2224
2 1 1071 1 2031
2 1 1455 1 2095
2 1 1455 1 1775
2 1 1775 1 2095
2 1 943 1 1903
2 1 1903 1 2223
2 1 943 1 2223
2 1 750 1 2030
2 1 750 1 1070
2 1 1070 1 2030
2 1 749 1 2029
2 1 942 1 2222
2 1 877 1 1197
2 1 941 1 2221
2 1 941 1 1901
2 1 1901 1 2221
2 1 748 1 2028
2 1 876 1 1516
2 1 747 1 1067
2 1 747 1 2027
2 1 1067 1 2027
2 1 1003 1 1643
2 1 1899 1 2219
2 1 746 1 2026
2 1 1898 1 2218
2 1 938 1 2218
2 1 938 1 1898
2 1 1001 1 1641
2 1 745 1 1065
2 1 745 1 2025
2 1 1065 1 2025
2 1 1449 1 1769
2 1 744 1 2024
2 1 1063 1 2023
2 1 936 1 2216
2 1 1896 1 2216
2 1 936 1 1896
2 1 1767 1 2087
2 1 1447 1 2087
2 1 1447 1 1767
2 1 742 1 1062
2 1 742 1 2022
2 1 1062 1 2022
2 1 1061 1 2021
2 1 934 1 2214
2 1 933 1 2213
2 1 1893 1 2213
2 1 933 1 1893
2 1 932 1 2212
2 1 932 1 1892
2 1 1892 1 2212
2 1 1059 1 2019
2 1 931 1 1891
2 1 1891 1 2211
2 1 931 1 2211
2 1 738 1 1058
2 1 1890 1 2210
2 1 930 1 1890
2 1 930 1 2210
2 1 992 1 1312
2 1 929 1 1889
2 1 1888 1 2208
2 1 927 1 2207
2 1 1887 1 2207
2 1 927 1 1887
2 1 1054 1 2014
2 1 734 1 1054
2 1 734 1 2014
2 1 926 1 1886
2 1 1886 1 2206
2 1 926 1 2206
2 1 925 1 1885
2 1 1885 1 2205
2 1 925 1 2205
2 1 1437 1 2077
2 1 861 1 1501
2 1 988 1 1308
2 1 988 1 1628
2 1 1308 1 1628
2 1 1052 1 2012
2 1 732 1 2012
2 1 732 1 1052
2 1 731 1 2011
2 1 923 1 1883
2 1 1883 1 2203
2 1 923 1 2203
2 1 859 1 1179
2 1 986 1 1626
2 1 1434 1 1754
2 1 728 1 1048
2 1 728 1 2008
2 1 1048 1 2008
2 1 984 1 1304
2 1 921 1 1881
2 1 921 1 2201
2 1 1881 1 2201
2 1 919 1 1879
2 1 855 1 1175
2 1 982 1 1622
2 1 854 1 1174
2 1 981 1 1621
2 1 981 1 1301
2 1 1301 1 1621
2 1 980 1 1620
2 1 1300 1 1620
2 1 980 1 1300
2 1 853 1 1173
2 1 724 1 2004
2 1 1299 1 1619
2 1 979 1 1619
2 1 979 1 1299
2 1 852 1 1492
2 1 1172 1 1492
2 1 852 1 1172
2 1 723 1 1043
2 1 723 1 2003
2 1 1043 1 2003
2 1 1042 1 2002
2 1 914 1 1874
2 1 721 1 2001
2 1 721 1 1041
2 1 1041 1 2001
2 1 720 1 2000
2 1 1295 1 1615
2 1 848 1 1488
2 1 1168 1 1488
2 1 848 1 1168
2 1 1872 1 2192
2 1 912 1 2192
2 1 912 1 1872
2 1 719 1 1999
2 1 847 1 1167
2 1 1871 1 2191
2 1 718 1 1038
2 1 718 1 1998
2 1 1038 1 1998
2 1 717 1 1037
2 1 909 1 1869
2 1 1869 1 2189
2 1 909 1 2189
2 1 716 1 1996
2 1 716 1 1036
2 1 1036 1 1996
2 1 908 1 1868
2 1 1868 1 2188
2 1 908 1 2188
2 1 1740 1 2060
2 1 1420 1 2060
2 1 1420 1 1740
2 1 715 1 1995
2 1 1163 1 1483
2 1 907 1 2187
2 1 1866 1 2186
2 1 1162 1 1482
2 1 842 1 1482
2 1 842 1 1162
2 1 1033 1 1993
2 1 713 1 1993
2 1 713 1 1033
2 1 1417 1 1737
2 1 712 1 1032
2 1 712 1 1992
2 1 1032 1 1992
2 1 1416 1 2056
2 1 1864 1 2184
2 1 904 1 1864
2 1 904 1 2184
2 1 1415 1 2055
2 1 1159 1 1479
2 1 1286 1 1606
2 1 966 1 1286
2 1 966 1 1606
2 1 710 1 1030
2 1 1030 1 1990
2 1 710 1 1990
2 1 903 1 1863
2 1 1284 1 1604
2 1 1733 1 2053
2 1 837 1 1157
2 1 901 1 1861
2 1 1028 1 1988
2 1 708 1 1988
2 1 708 1 1028
2 1 707 1 1987
2 1 1860 1 2180
2 1 1155 1 1475
2 1 835 1 1475
2 1 835 1 1155
2 1 899 1 2179
2 1 1859 1 2179
2 1 899 1 1859
2 1 1282 1 1602
2 1 706 1 1986
2 1 961 1 1601
2 1 1281 1 1601
2 1 961 1 1281
2 1 1154 1 1474
2 1 834 1 1154
2 1 834 1 1474
2 1 960 1 1600
2 1 1280 1 1600
2 1 960 1 1280
2 1 704 1 1984
2 1 704 1 1024
2 1 1024 1 1984
3 1 594 1 1270 1 1910
3 1 594 1 950 1 1270
3 1 502 1 1311 1 1951
3 1 559 1 819 1 1779
3 1 570 1 830 1 2110
3 1 570 1 830 1 1790
3 1 559 1 819 1 2099
3 1 486 1 1615 1 1935
3 1 521 1 781 1 2061
3 1 522 1 782 1 1742
3 1 486 1 1295 1 1935
3 1 400 1 873 1 1833
3 1 546 1 806 1 2086
3 1 559 1 819 1 1459
3 1 522 1 782 1 2062
3 1 522 1 782 1 1422
3 1 407 1 1520 1 1840
3 1 594 1 1270 1 2230
3 1 457 1 1330 1 1970
3 1 521 1 781 1 1741
3 1 496 1 1625 1 1945
3 1 546 1 806 1 1766
3 1 521 1 781 1 1421
3 1 419 1 1468 1 1788
3 1 419 1 1788 1 2108
3 1 546 1 806 1 1446
3 1 526 1 786 1 2066
3 1 543 1 803 1 2083
3 1 526 1 786 1 1426
3 1 543 1 803 1 1763
3 1 557 1 817 1 1777
3 1 528 1 788 1 2068
3 1 439 1 1168 1 1808
3 1 543 1 803 1 1443
3 1 568 1 828 1 2108
3 1 555 1 815 1 2095
3 1 441 1 1426 1 1746
3 1 417 1 1786 1 2106
3 1 451 1 1900 1 2220
3 1 555 1 815 1 1455
3 1 417 1 1466 1 1786
3 1 584 1 1260 1 1900
3 1 557 1 817 1 2097
3 1 557 1 817 1 1457
3 1 606 1 1218 1 1858
3 1 416 1 1785 1 2105
3 1 416 1 1465 1 1785
3 1 478 1 1287 1 1927
3 1 568 1 828 1 1468
3 1 333 1 1366 1 2006
3 1 564 1 824 1 2104
3 1 504 1 993 1 1953
3 1 415 1 1784 1 2104
3 1 563 1 823 1 2103
3 1 563 1 823 1 1783
3 1 563 1 823 1 1463
3 1 575 1 771 1 2051
3 1 538 1 798 1 2078
3 1 538 1 798 1 1438
3 1 538 1 798 1 1758
3 1 565 1 825 1 2105
3 1 320 1 713 1 1353
3 1 337 1 1050 1 1370
3 1 376 1 705 1 1345
3 1 560 1 820 1 2100
3 1 565 1 825 1 1465
3 1 473 1 1858 1 2178
3 1 566 1 826 1 2106
3 1 607 1 1219 1 2179
3 1 566 1 826 1 1466
3 1 510 1 1895 1 2215
3 1 560 1 820 1 1460
3 1 530 1 726 1 2006
3 1 449 1 1642 1 1962
3 1 616 1 908 1 1228
3 1 584 1 876 1 1196
3 1 634 1 862 1 1182
3 1 526 1 722 1 1042
3 1 525 1 785 1 1425
3 1 496 1 985 1 1945
3 1 561 1 821 1 1461
3 1 374 1 1087 1 1407
3 1 547 1 807 1 1447
3 1 539 1 799 1 1439
3 1 464 1 1657 1 1977
3 1 346 1 995 1 1315
3 1 560 1 820 1 1780
3 1 595 1 1207 1 1527
3 1 439 1 1488 1 1808
3 1 534 1 730 1 1050
3 1 337 1 1306 1 1626
3 1 336 1 1305 1 1625
3 1 472 1 1601 1 1921
3 1 346 1 1379 1 2019
3 1 589 1 1265 1 1905
3 1 352 1 745 1 1385
3 1 497 1 986 1 1946
3 1 620 1 1232 1 1872
3 1 476 1 1285 1 1925
3 1 530 1 790 1 1750
3 1 421 1 1214 1 1854
3 1 336 1 985 1 1305
3 1 627 1 1239 1 1879
3 1 326 1 1359 1 1999
3 1 595 1 887 1 1207
3 1 426 1 1475 1 1795
3 1 590 1 1266 1 1906
3 1 449 1 1322 1 1962
3 1 549 1 809 1 1449
3 1 579 1 1255 1 1895
3 1 633 1 1245 1 2205
3 1 444 1 853 1 1813
3 1 378 1 707 1 1347
3 1 326 1 719 1 1359
3 1 630 1 1242 1 1882
3 1 463 1 952 1 2232
3 1 439 1 848 1 1808
3 1 577 1 1253 1 2213
3 1 608 1 1220 1 1860
3 1 433 1 842 1 1802
3 1 360 1 753 1 1393
3 1 577 1 1253 1 1893
3 1 396 1 1189 1 1829
3 1 458 1 1011 1 1971
3 1 497 1 1882 1 2202
