816 2240
2 1 1791 1 2111
2 1 1790 1 2110
2 1 1470 1 2110
2 1 1470 1 1790
2 1 1469 1 2109
2 1 1469 1 1789
2 1 1789 1 2109
2 1 1467 1 2107
2 1 1785 1 2105
2 1 1781 1 2101
2 1 1465 1 2105
2 1 1461 1 1781
2 1 1461 1 2101
2 1 1465 1 1785
2 1 1779 1 2099
2 1 1458 1 2098
2 1 1450 1 2090
2 1 1450 1 1770
2 1 1770 1 2090
2 1 1759 1 2079
2 1 1438 1 2078
2 1 1754 1 2074
2 1 1428 1 2068
2 1 1747 1 2067
2 1 1427 1 2067
2 1 1427 1 1747
2 1 1743 1 2063
2 1 1419 1 1739
2 1 1739 1 2059
2 1 1419 1 2059
2 1 1418 1 1738
2 1 1745 1 2065
2 1 1738 1 2058
2 1 1418 1 2058
2 1 1736 1 2056
2 1 1416 1 2056
2 1 1416 1 1736
2 1 1294 1 1614
2 1 972 1 1292
2 1 964 1 1284
2 1 969 1 1289
2 1 962 1 1282
2 1 1280 1 1600
2 1 960 1 1600
2 1 960 1 1280
2 1 1341 1 1661
2 1 1340 1 1660
2 1 1020 1 1660
2 1 1020 1 1340
2 1 1019 1 1659
2 1 1339 1 1659
2 1 1019 1 1339
2 1 1018 1 1658
2 1 1015 1 1655
2 1 1462 1 1782
2 1 1332 1 1652
2 1 1012 1 1652
2 1 1012 1 1332
2 1 1010 1 1330
2 1 1330 1 1650
2 1 1010 1 1650
2 1 1329 1 1649
2 1 1321 1 1641
2 1 1443 1 1763
2 1 991 1 1311
2 1 1310 1 1630
2 1 988 1 1628
2 1 1302 1 1622
2 1 982 1 1302
2 1 982 1 1622
2 1 1431 1 1751
2 1 981 1 1301
2 1 1301 1 1621
2 1 981 1 1621
2 1 980 1 1300
2 1 1298 1 1618
2 1 835 1 1155
2 1 976 1 1616
2 1 1296 1 1616
2 1 963 1 1283
2 1 976 1 1296
2 1 963 1 1603
2 1 1283 1 1603
2 1 1408 1 1728
2 1 895 1 1215
2 1 894 1 1534
2 1 1214 1 1534
2 1 894 1 1214
2 1 893 1 1533
2 1 888 1 1528
2 1 892 1 1532
2 1 891 1 1211
2 1 892 1 1212
2 1 1016 1 1656
2 1 1336 1 1656
2 1 1016 1 1336
2 1 1463 1 1783
2 1 1212 1 1532
2 1 885 1 1205
2 1 1203 1 1523
2 1 890 1 1530
2 1 881 1 1201
2 1 1201 1 1521
2 1 881 1 1521
2 1 880 1 1200
2 1 1202 1 1522
2 1 882 1 1522
2 1 1455 1 2095
2 1 1455 1 1775
2 1 1775 1 2095
2 1 882 1 1202
2 1 1007 1 1327
2 1 1328 1 1648
2 1 873 1 1513
2 1 872 1 1512
2 1 874 1 1514
2 1 1008 1 1648
2 1 1008 1 1328
2 1 1451 1 2091
2 1 1320 1 1640
2 1 1000 1 1320
2 1 1000 1 1640
2 1 1451 1 1771
2 1 1771 1 2091
2 1 868 1 1188
2 1 1187 1 1507
2 1 994 1 1314
2 1 994 1 1634
2 1 1314 1 1634
2 1 862 1 1502
2 1 1181 1 1501
2 1 861 1 1501
2 1 861 1 1181
2 1 858 1 1178
2 1 1305 1 1625
2 1 985 1 1305
2 1 1306 1 1626
2 1 985 1 1625
2 1 986 1 1626
2 1 986 1 1306
2 1 1175 1 1495
2 1 1173 1 1493
2 1 852 1 1172
2 1 1171 1 1491
2 1 851 1 1491
2 1 851 1 1171
2 1 979 1 1619
2 1 1169 1 1489
2 1 849 1 1169
2 1 849 1 1489
2 1 1424 1 1744
2 1 1744 1 2064
2 1 1424 1 2064
2 1 847 1 1167
2 1 1167 1 1487
2 1 847 1 1487
2 1 1422 1 2062
2 1 1422 1 1742
2 1 1742 1 2062
2 1 845 1 1485
2 1 1164 1 1484
2 1 1162 1 1482
2 1 842 1 1482
2 1 842 1 1162
2 1 1415 1 1735
2 1 1735 1 2055
2 1 1415 1 2055
2 1 967 1 1607
2 1 1287 1 1607
2 1 841 1 1481
2 1 967 1 1287
2 1 1157 1 1477
2 1 836 1 1476
2 1 767 1 1087
2 1 1919 1 2239
2 1 766 1 1086
2 1 1918 1 2238
2 1 958 1 1918
2 1 958 1 2238
2 1 1085 1 2045
2 1 957 1 1917
2 1 957 1 2237
2 1 1917 1 2237
2 1 764 1 1084
2 1 956 1 2236
2 1 1083 1 2043
2 1 955 1 1915
2 1 954 1 1914
2 1 761 1 1081
2 1 760 1 1080
2 1 953 1 1913
2 1 952 1 2232
2 1 1784 1 2104
2 1 1464 1 1784
2 1 1464 1 2104
2 1 759 1 2039
2 1 1207 1 1527
2 1 1078 1 2038
2 1 951 1 2231
2 1 951 1 1911
2 1 1911 1 2231
2 1 1910 1 2230
2 1 757 1 1077
2 1 1077 1 2037
2 1 757 1 2037
2 1 949 1 1909
2 1 1909 1 2229
2 1 949 1 2229
2 1 948 1 2228
2 1 1011 1 1651
2 1 1460 1 2100
2 1 1460 1 1780
2 1 1780 1 2100
2 1 884 1 1204
2 1 884 1 1524
2 1 1204 1 1524
2 1 1075 1 2035
2 1 1074 1 2034
2 1 946 1 2226
2 1 945 1 1905
2 1 752 1 1072
2 1 1456 1 1776
2 1 1456 1 2096
2 1 1776 1 2096
2 1 944 1 2224
2 1 1199 1 1519
2 1 1006 1 1646
2 1 1006 1 1326
2 1 1326 1 1646
2 1 943 1 2223
2 1 1903 1 2223
2 1 943 1 1903
2 1 878 1 1518
2 1 878 1 1198
2 1 1198 1 1518
2 1 749 1 2029
2 1 877 1 1197
2 1 1324 1 1644
2 1 748 1 2028
2 1 1772 1 2092
2 1 1452 1 1772
2 1 1452 1 2092
2 1 876 1 1196
2 1 747 1 2027
2 1 1322 1 1642
2 1 1002 1 1322
2 1 1002 1 1642
2 1 1195 1 1515
2 1 1066 1 2026
2 1 746 1 2026
2 1 746 1 1066
2 1 1899 1 2219
2 1 1898 1 2218
2 1 1065 1 2025
2 1 745 1 2025
2 1 745 1 1065
2 1 937 1 2217
2 1 1897 1 2217
2 1 937 1 1897
2 1 744 1 1064
2 1 1064 1 2024
2 1 744 1 2024
2 1 1768 1 2088
2 1 1448 1 2088
2 1 1448 1 1768
2 1 743 1 2023
2 1 1191 1 1511
2 1 742 1 2022
2 1 1062 1 2022
2 1 742 1 1062
2 1 1895 1 2215
2 1 935 1 2215
2 1 935 1 1895
2 1 1446 1 1766
2 1 1766 1 2086
2 1 1446 1 2086
2 1 1189 1 1509
2 1 996 1 1316
2 1 740 1 1060
2 1 933 1 2213
2 1 1444 1 2084
2 1 1059 1 2019
2 1 931 1 1891
2 1 1313 1 1633
2 1 1442 1 2082
2 1 1442 1 1762
2 1 1762 1 2082
2 1 866 1 1186
2 1 930 1 2210
2 1 1312 1 1632
2 1 992 1 1632
2 1 992 1 1312
2 1 1761 1 2081
2 1 1185 1 1505
2 1 1056 1 2016
2 1 736 1 1056
2 1 736 1 2016
2 1 1889 1 2209
2 1 1055 1 2015
2 1 1888 1 2208
2 1 734 1 1054
2 1 927 1 1887
2 1 1886 1 2206
2 1 926 1 1886
2 1 926 1 2206
2 1 733 1 1053
2 1 733 1 2013
2 1 1053 1 2013
2 1 925 1 1885
2 1 732 1 2012
2 1 1180 1 1500
2 1 860 1 1500
2 1 860 1 1180
2 1 1436 1 1756
2 1 924 1 1884
2 1 731 1 1051
2 1 730 1 1050
2 1 730 1 2010
2 1 1050 1 2010
2 1 1883 1 2203
2 1 1882 1 2202
2 1 922 1 1882
2 1 922 1 2202
2 1 921 1 2201
2 1 984 1 1624
2 1 1304 1 1624
2 1 984 1 1304
2 1 1177 1 1497
2 1 857 1 1177
2 1 857 1 1497
2 1 1432 1 1752
2 1 1752 1 2072
2 1 1432 1 2072
2 1 983 1 1303
2 1 1303 1 1623
2 1 983 1 1623
2 1 1176 1 1496
2 1 1047 1 2007
2 1 726 1 2006
2 1 726 1 1046
2 1 1046 1 2006
2 1 1879 1 2199
2 1 1430 1 2070
2 1 918 1 2198
2 1 1878 1 2198
2 1 918 1 1878
2 1 725 1 2005
2 1 1045 1 2005
2 1 725 1 1045
2 1 724 1 2004
2 1 1044 1 2004
2 1 724 1 1044
2 1 916 1 1876
2 1 723 1 2003
2 1 723 1 1043
2 1 1043 1 2003
2 1 915 1 1875
2 1 850 1 1490
2 1 914 1 2194
2 1 721 1 1041
2 1 721 1 2001
2 1 1041 1 2001
2 1 912 1 2192
2 1 912 1 1872
2 1 1872 1 2192
2 1 848 1 1488
2 1 1168 1 1488
2 1 848 1 1168
2 1 1039 1 1999
2 1 975 1 1615
2 1 718 1 1998
2 1 910 1 2190
2 1 1870 1 2190
2 1 910 1 1870
2 1 1293 1 1613
2 1 973 1 1293
2 1 973 1 1613
2 1 846 1 1166
2 1 846 1 1486
2 1 1166 1 1486
2 1 717 1 1997
2 1 717 1 1037
2 1 1037 1 1997
2 1 1421 1 1741
2 1 1741 1 2061
2 1 1421 1 2061
2 1 716 1 1036
2 1 1420 1 1740
2 1 1035 1 1995
2 1 908 1 1868
2 1 1868 1 2188
2 1 908 1 2188
2 1 1034 1 1994
2 1 714 1 1994
2 1 714 1 1034
2 1 907 1 2187
2 1 1867 1 2187
2 1 907 1 1867
2 1 1866 1 2186
2 1 906 1 2186
2 1 906 1 1866
2 1 713 1 1033
2 1 713 1 1993
2 1 1033 1 1993
2 1 1417 1 1737
2 1 905 1 1865
2 1 905 1 2185
2 1 1865 1 2185
2 1 712 1 1032
2 1 711 1 1991
2 1 904 1 1864
2 1 1864 1 2184
2 1 904 1 2184
2 1 1159 1 1479
2 1 839 1 1479
2 1 839 1 1159
2 1 903 1 1863
2 1 1863 1 2183
2 1 903 1 2183
2 1 965 1 1605
2 1 1158 1 1478
2 1 838 1 1478
2 1 838 1 1158
2 1 709 1 1029
2 1 709 1 1989
2 1 1029 1 1989
2 1 707 1 1987
2 1 1027 1 1987
2 1 707 1 1027
2 1 899 1 1859
2 1 1411 1 1731
2 1 1025 1 1985
2 1 961 1 1601
2 1 898 1 1858
2 1 1858 1 2178
2 1 898 1 2178
2 1 1409 1 1729
2 1 896 1 2176
3 1 581 1 937 1 1257
3 1 355 1 748 1 1388
3 1 571 1 831 1 1791
3 1 363 1 756 1 1396
3 1 581 1 1257 1 1897
3 1 571 1 831 1 2111
3 1 633 1 925 1 1245
3 1 561 1 821 1 2101
3 1 561 1 821 1 1781
3 1 456 1 945 1 2225
3 1 456 1 1905 1 2225
3 1 537 1 797 1 2077
3 1 355 1 1388 1 2028
3 1 633 1 1245 1 1885
3 1 561 1 821 1 1461
3 1 365 1 1014 1 1334
3 1 461 1 1014 1 1974
3 1 565 1 825 1 2105
3 1 600 1 1276 1 2236
3 1 558 1 818 1 1458
3 1 566 1 762 1 1082
3 1 326 1 1359 1 1999
3 1 594 1 1270 1 2230
3 1 326 1 1039 1 1359
3 1 418 1 1467 1 1787
3 1 490 1 1875 1 2195
3 1 482 1 1291 1 1931
3 1 481 1 970 1 1930
3 1 550 1 810 1 2090
3 1 565 1 825 1 1785
3 1 485 1 1614 1 1934
3 1 432 1 1481 1 1801
3 1 321 1 970 1 1290
3 1 506 1 931 1 2211
3 1 388 1 1757 1 2077
3 1 563 1 823 1 1783
3 1 409 1 1778 1 2098
3 1 600 1 956 1 1276
3 1 565 1 825 1 1465
3 1 570 1 830 1 1470
3 1 400 1 1769 1 2089
3 1 562 1 758 1 1078
3 1 348 1 1317 1 1637
3 1 418 1 1787 1 2107
3 1 549 1 809 1 2089
3 1 570 1 830 1 1790
3 1 570 1 830 1 2110
3 1 569 1 829 1 2109
3 1 569 1 829 1 1469
3 1 569 1 829 1 1789
3 1 567 1 827 1 1467
3 1 567 1 827 1 2107
3 1 516 1 776 1 1416
3 1 559 1 819 1 1779
3 1 559 1 819 1 2099
3 1 516 1 776 1 1736
3 1 516 1 776 1 2056
3 1 580 1 936 1 1256
3 1 511 1 936 1 2216
3 1 563 1 823 1 1463
3 1 551 1 811 1 1451
3 1 558 1 818 1 2098
3 1 409 1 1458 1 1778
3 1 493 1 1622 1 1942
3 1 523 1 719 1 1999
3 1 550 1 810 1 1450
3 1 550 1 810 1 1770
3 1 518 1 778 1 1418
3 1 636 1 1184 1 1504
3 1 327 1 720 1 1360
3 1 523 1 719 1 1039
3 1 610 1 1222 1 2182
3 1 433 1 842 1 1802
3 1 467 1 1660 1 1980
3 1 617 1 1229 1 2189
3 1 580 1 1192 1 1512
3 1 343 1 1376 1 2016
3 1 493 1 1302 1 1942
3 1 620 1 1232 1 1872
3 1 488 1 1873 1 2193
3 1 606 1 1218 1 2178
3 1 433 1 1482 1 1802
3 1 519 1 779 1 1419
3 1 493 1 982 1 1942
3 1 518 1 778 1 2058
3 1 615 1 907 1 1227
3 1 620 1 912 1 1232
3 1 504 1 1633 1 1953
3 1 539 1 799 1 2079
3 1 501 1 1310 1 1950
3 1 616 1 1228 1 1868
3 1 630 1 1242 1 2202
3 1 548 1 808 1 1448
3 1 539 1 799 1 1759
3 1 639 1 1251 1 1891
3 1 518 1 778 1 1738
3 1 350 1 1383 1 2023
3 1 607 1 1219 1 1859
3 1 614 1 1226 1 1866
3 1 620 1 1232 1 2192
3 1 382 1 1351 1 1991
3 1 414 1 1527 1 1847
3 1 382 1 711 1 1351
3 1 496 1 985 1 1945
3 1 542 1 738 1 2018
3 1 534 1 794 1 1754
3 1 594 1 886 1 1206
3 1 590 1 946 1 1266
3 1 534 1 794 1 2074
3 1 331 1 724 1 1364
3 1 342 1 1055 1 1375
3 1 364 1 1397 1 2037
3 1 441 1 1490 1 1810
3 1 366 1 1399 1 2039
3 1 495 1 1304 1 1944
3 1 402 1 1515 1 1835
3 1 614 1 1226 1 2186
3 1 543 1 739 1 2019
3 1 523 1 783 1 1743
3 1 469 1 1022 1 1982
3 1 414 1 1207 1 1847
3 1 629 1 921 1 1241
3 1 630 1 1242 1 1882
3 1 626 1 854 1 1174
3 1 626 1 918 1 1238
3 1 605 1 1217 1 1857
3 1 621 1 1233 1 1873
3 1 487 1 976 1 1936
3 1 438 1 1167 1 1807
3 1 395 1 1188 1 1828
3 1 433 1 1162 1 1802
3 1 623 1 915 1 1235
3 1 608 1 900 1 1220
3 1 501 1 1630 1 1950
3 1 615 1 1227 1 1867
3 1 369 1 1082 1 1402
3 1 446 1 1175 1 1815
3 1 573 1 705 1 1025
3 1 615 1 1227 1 2187
3 1 402 1 1195 1 1835
3 1 438 1 1487 1 1807
3 1 544 1 804 1 1444
3 1 515 1 775 1 1735
3 1 427 1 1412 1 1732
3 1 496 1 1305 1 1945
3 1 330 1 979 1 1299
3 1 475 1 900 1 2180
3 1 366 1 1015 1 1335
3 1 562 1 758 1 2038
3 1 624 1 916 1 1236
3 1 632 1 924 1 1244
3 1 514 1 774 1 2054
3 1 352 1 745 1 1385
3 1 429 1 1734 1 2054
3 1 360 1 1073 1 1393
3 1 446 1 1495 1 1815
3 1 473 1 1282 1 1922
3 1 321 1 1034 1 1354
3 1 551 1 811 1 1771
3 1 543 1 803 1 1763
3 1 321 1 714 1 1354
3 1 557 1 753 1 1073
3 1 526 1 786 1 2066
3 1 350 1 743 1 1383
3 1 626 1 1238 1 1878
3 1 373 1 1022 1 1342
3 1 418 1 1211 1 1851
3 1 548 1 808 1 1768
3 1 462 1 1655 1 1975
3 1 448 1 1641 1 1961
3 1 522 1 782 1 1422
3 1 413 1 886 1 1846
3 1 497 1 986 1 1946
3 1 519 1 779 1 1739
3 1 444 1 1173 1 1813
3 1 483 1 972 1 1932
3 1 596 1 952 1 1272
3 1 383 1 712 1 1352
3 1 532 1 728 1 2008
3 1 634 1 862 1 1182
3 1 524 1 784 1 1744
3 1 440 1 1489 1 1809
3 1 513 1 773 1 2053
3 1 448 1 1321 1 1961
3 1 589 1 945 1 1265
3 1 488 1 1297 1 1937
3 1 504 1 1313 1 1953
3 1 439 1 848 1 1808
3 1 553 1 813 1 1773
3 1 497 1 1306 1 1946
3 1 491 1 980 1 1940
3 1 444 1 1493 1 1813
3 1 491 1 1300 1 1940
3 1 323 1 716 1 1356
3 1 538 1 798 1 2078
3 1 573 1 705 1 1985
3 1 499 1 1884 1 2204
3 1 528 1 788 1 1428
3 1 443 1 1748 1 2068
3 1 515 1 775 1 1415
3 1 528 1 788 1 2068
3 1 428 1 1733 1 2053
3 1 443 1 1428 1 1748
3 1 422 1 1215 1 1855
3 1 611 1 1223 1 1863
3 1 438 1 847 1 1807
3 1 630 1 922 1 1242
3 1 326 1 975 1 1295
3 1 634 1 1182 1 1502
3 1 586 1 1262 1 2222
3 1 581 1 1257 1 2217
3 1 447 1 1176 1 1816
3 1 323 1 1036 1 1356
3 1 580 1 872 1 1192
3 1 551 1 811 1 2091
3 1 538 1 798 1 1438
3 1 467 1 1340 1 1980
3 1 485 1 1294 1 1934
3 1 350 1 1319 1 1639
3 1 613 1 841 1 1161
3 1 525 1 785 1 1745
3 1 605 1 833 1 1153
3 1 635 1 1247 1 1887
3 1 426 1 835 1 1795
3 1 555 1 815 1 2095
3 1 624 1 1236 1 1876
3 1 614 1 906 1 1226
3 1 617 1 845 1 1165
3 1 389 1 862 1 1822
3 1 322 1 1355 1 1995
3 1 395 1 868 1 1828
3 1 475 1 964 1 1924
3 1 366 1 1335 1 1655
3 1 510 1 1639 1 1959
3 1 351 1 744 1 1384
3 1 320 1 1033 1 1353
3 1 389 1 1502 1 1822
3 1 321 1 1354 1 1994
3 1 527 1 787 1 1747
3 1 343 1 1056 1 1376
3 1 589 1 1265 1 1905
3 1 473 1 962 1 1922
3 1 635 1 927 1 1247
3 1 432 1 841 1 1801
3 1 387 1 1500 1 1820
3 1 616 1 1228 1 2188
3 1 639 1 931 1 1251
3 1 496 1 1625 1 1945
3 1 527 1 787 1 1427
3 1 527 1 787 1 2067
3 1 472 1 1601 1 1921
3 1 601 1 1277 1 1917
3 1 523 1 783 1 2063
3 1 387 1 860 1 1820
3 1 337 1 1370 1 2010
3 1 599 1 1275 1 1915
3 1 618 1 1230 1 2190
3 1 462 1 1015 1 1975
3 1 486 1 1615 1 1935
3 1 587 1 1263 1 2223
3 1 480 1 969 1 1929
3 1 500 1 1885 1 2205
3 1 365 1 1398 1 2038
3 1 543 1 739 1 1059
3 1 573 1 769 1 1729
3 1 415 1 1528 1 1848
3 1 389 1 1758 1 2078
3 1 548 1 808 1 2088
3 1 447 1 1496 1 1816
3 1 599 1 955 1 1275
3 1 435 1 1484 1 1804
3 1 625 1 917 1 1237
3 1 601 1 1213 1 1533
3 1 343 1 736 1 1376
3 1 478 1 1607 1 1927
3 1 626 1 1238 1 2198
3 1 423 1 1152 1 1792
3 1 353 1 1066 1 1386
3 1 374 1 1087 1 1407
3 1 356 1 1389 1 2029
3 1 575 1 771 1 1731
3 1 618 1 1230 1 1870
3 1 582 1 1258 1 1898
3 1 582 1 1258 1 2218
3 1 467 1 1020 1 1980
3 1 466 1 1339 1 1979
3 1 592 1 948 1 1268
3 1 356 1 749 1 1389
3 1 386 1 1179 1 1819
3 1 618 1 910 1 1230
3 1 389 1 1438 1 1758
3 1 583 1 1259 1 2219
3 1 491 1 1876 1 2196
3 1 364 1 1077 1 1397
3 1 401 1 874 1 1834
3 1 380 1 1285 1 1605
3 1 478 1 967 1 1927
3 1 596 1 888 1 1208
3 1 619 1 1231 1 2191
3 1 617 1 1165 1 1485
3 1 429 1 1478 1 1798
3 1 631 1 1243 1 1883
3 1 466 1 1659 1 1979
3 1 375 1 704 1 1344
3 1 455 1 1648 1 1968
3 1 352 1 1385 1 2025
3 1 418 1 891 1 1851
3 1 594 1 1270 1 1910
3 1 629 1 1241 1 2201
3 1 607 1 899 1 1219
3 1 521 1 781 1 1741
3 1 592 1 1268 1 2228
3 1 564 1 824 1 2104
3 1 349 1 1382 1 2022
3 1 415 1 888 1 1848
3 1 525 1 785 1 2065
3 1 449 1 1642 1 1962
3 1 601 1 957 1 1277
3 1 443 1 1172 1 1812
3 1 340 1 1053 1 1373
3 1 384 1 1753 1 2073
3 1 631 1 1243 1 2203
3 1 445 1 854 1 1814
3 1 559 1 755 1 2035
3 1 453 1 1326 1 1966
3 1 435 1 1164 1 1804
3 1 596 1 1208 1 1528
3 1 365 1 1078 1 1398
3 1 399 1 872 1 1832
3 1 521 1 781 1 2061
3 1 466 1 1019 1 1979
3 1 391 1 1504 1 1824
3 1 521 1 781 1 1421
3 1 487 1 1296 1 1936
3 1 487 1 1616 1 1936
3 1 440 1 1169 1 1809
3 1 457 1 1330 1 1970
3 1 531 1 727 1 1047
3 1 440 1 849 1 1809
3 1 410 1 1523 1 1843
3 1 455 1 1328 1 1968
3 1 573 1 769 1 1409
3 1 399 1 1512 1 1832
3 1 383 1 1032 1 1352
3 1 346 1 1059 1 1379
3 1 519 1 779 1 2059
3 1 352 1 1065 1 1385
3 1 407 1 1200 1 1840
3 1 407 1 880 1 1840
3 1 430 1 839 1 1799
3 1 502 1 991 1 1951
3 1 559 1 755 1 1075
3 1 376 1 1025 1 1345
3 1 341 1 734 1 1374
3 1 422 1 895 1 1855
3 1 390 1 1503 1 1823
3 1 393 1 866 1 1826
3 1 335 1 1368 1 2008
3 1 542 1 802 1 1442
3 1 542 1 802 1 1762
3 1 459 1 1652 1 1972
3 1 613 1 1161 1 1481
3 1 540 1 800 1 2080
3 1 376 1 1345 1 1985
3 1 480 1 1289 1 1929
3 1 346 1 1379 1 2019
3 1 552 1 812 1 2092
3 1 367 1 760 1 1400
3 1 555 1 815 1 1775
3 1 583 1 1259 1 1899
3 1 329 1 722 1 1362
3 1 602 1 958 1 1278
3 1 601 1 1277 1 2237
3 1 627 1 1239 1 1879
3 1 426 1 1155 1 1795
3 1 338 1 731 1 1371
3 1 562 1 822 1 1782
3 1 637 1 1249 1 1889
