580 2240
2 1 1789 1 2109
2 1 1469 1 2109
2 1 1469 1 1789
2 1 1788 1 2108
2 1 1468 1 1788
2 1 1468 1 2108
2 1 1460 1 2100
2 1 1773 1 2093
2 1 1467 1 1787
2 1 1467 1 2107
2 1 1453 1 1773
2 1 1787 1 2107
2 1 1453 1 2093
2 1 1445 1 1765
2 1 1445 1 2085
2 1 1765 1 2085
2 1 1761 1 2081
2 1 1441 1 2081
2 1 1441 1 1761
2 1 1752 1 2072
2 1 1429 1 1749
2 1 1749 1 2069
2 1 1429 1 2069
2 1 1426 1 1746
2 1 1426 1 2066
2 1 1746 1 2066
2 1 1744 1 2064
2 1 1424 1 1744
2 1 1424 1 2064
2 1 1417 1 2057
2 1 1737 1 2057
2 1 1417 1 1737
2 1 1416 1 2056
2 1 1736 1 2056
2 1 1416 1 1736
2 1 974 1 1294
2 1 1421 1 1741
2 1 969 1 1289
2 1 968 1 1608
2 1 1728 1 2048
2 1 967 1 1607
2 1 1286 1 1606
2 1 966 1 1606
2 1 966 1 1286
2 1 1414 1 1734
2 1 1408 1 1728
2 1 1408 1 2048
2 1 965 1 1605
2 1 1284 1 1604
2 1 964 1 1604
2 1 964 1 1284
2 1 1340 1 1660
2 1 1324 1 1644
2 1 1019 1 1339
2 1 1322 1 1642
2 1 1001 1 1321
2 1 1321 1 1641
2 1 1001 1 1641
2 1 1002 1 1642
2 1 1319 1 1639
2 1 1002 1 1322
2 1 999 1 1319
2 1 999 1 1639
2 1 998 1 1318
2 1 1318 1 1638
2 1 998 1 1638
2 1 993 1 1313
2 1 1313 1 1633
2 1 993 1 1633
2 1 1312 1 1632
2 1 992 1 1632
2 1 992 1 1312
2 1 985 1 1625
2 1 985 1 1305
2 1 1305 1 1625
2 1 1303 1 1623
2 1 983 1 1623
2 1 983 1 1303
2 1 990 1 1310
2 1 979 1 1299
2 1 835 1 1155
2 1 1730 1 2050
2 1 1410 1 2050
2 1 1410 1 1730
2 1 963 1 1603
2 1 962 1 1602
2 1 962 1 1282
2 1 1282 1 1602
2 1 1409 1 1729
2 1 1471 1 1791
2 1 1471 1 2111
2 1 1791 1 2111
2 1 1470 1 2110
2 1 1343 1 1663
2 1 1213 1 1533
2 1 893 1 1533
2 1 893 1 1213
2 1 892 1 1532
2 1 1212 1 1532
2 1 892 1 1212
2 1 1338 1 1658
2 1 1018 1 1338
2 1 891 1 1531
2 1 1018 1 1658
2 1 1211 1 1531
2 1 891 1 1211
2 1 1210 1 1530
2 1 1465 1 1785
2 1 1017 1 1337
2 1 890 1 1530
2 1 1337 1 1657
2 1 1017 1 1657
2 1 890 1 1210
2 1 1462 1 2102
2 1 1782 1 2102
2 1 1462 1 1782
2 1 1461 1 2101
2 1 1014 1 1334
2 1 883 1 1523
2 1 1204 1 1524
2 1 884 1 1204
2 1 884 1 1524
2 1 1011 1 1651
2 1 1331 1 1651
2 1 1011 1 1331
2 1 1777 1 2097
2 1 1010 1 1330
2 1 1010 1 1650
2 1 1330 1 1650
2 1 1454 1 1774
2 1 877 1 1197
2 1 875 1 1515
2 1 1194 1 1514
2 1 1193 1 1513
2 1 1192 1 1512
2 1 871 1 1191
2 1 1190 1 1510
2 1 1317 1 1637
2 1 997 1 1317
2 1 997 1 1637
2 1 1316 1 1636
2 1 1185 1 1505
2 1 865 1 1505
2 1 865 1 1185
2 1 864 1 1504
2 1 1184 1 1504
2 1 864 1 1184
2 1 863 1 1183
2 1 1181 1 1501
2 1 1180 1 1500
2 1 988 1 1308
2 1 1435 1 1755
2 1 1435 1 2075
2 1 1755 1 2075
2 1 858 1 1498
2 1 858 1 1178
2 1 1178 1 1498
2 1 1753 1 2073
2 1 1433 1 2073
2 1 1433 1 1753
2 1 856 1 1496
2 1 854 1 1174
2 1 852 1 1492
2 1 855 1 1495
2 1 1175 1 1495
2 1 980 1 1300
2 1 855 1 1175
2 1 1300 1 1620
2 1 980 1 1620
2 1 850 1 1170
2 1 1745 1 2065
2 1 848 1 1488
2 1 1425 1 2065
2 1 847 1 1487
2 1 1422 1 1742
2 1 844 1 1164
2 1 840 1 1480
2 1 1425 1 1745
2 1 839 1 1479
2 1 839 1 1159
2 1 1159 1 1479
2 1 837 1 1157
2 1 1856 1 2176
2 1 959 1 2239
2 1 1022 1 1662
2 1 1342 1 1662
2 1 1022 1 1342
2 1 895 1 1215
2 1 895 1 1535
2 1 1215 1 1535
2 1 894 1 1534
2 1 1214 1 1534
2 1 894 1 1214
2 1 1085 1 2045
2 1 1084 1 2044
2 1 764 1 2044
2 1 764 1 1084
2 1 956 1 2236
2 1 763 1 1083
2 1 955 1 2235
2 1 1082 1 2042
2 1 762 1 2042
2 1 762 1 1082
2 1 954 1 2234
2 1 954 1 1914
2 1 1914 1 2234
2 1 1466 1 1786
2 1 1466 1 2106
2 1 1786 1 2106
2 1 1209 1 1529
2 1 760 1 2040
2 1 1913 1 2233
2 1 953 1 2233
2 1 953 1 1913
2 1 1464 1 1784
2 1 1912 1 2232
2 1 1335 1 1655
2 1 759 1 1079
2 1 1463 1 2103
2 1 1206 1 1526
2 1 885 1 1525
2 1 885 1 1205
2 1 1205 1 1525
2 1 756 1 2036
2 1 756 1 1076
2 1 1076 1 2036
2 1 755 1 1075
2 1 755 1 2035
2 1 1075 1 2035
2 1 1458 1 2098
2 1 1458 1 1778
2 1 1778 1 2098
2 1 1009 1 1329
2 1 1329 1 1649
2 1 1009 1 1649
2 1 946 1 2226
2 1 1201 1 1521
2 1 1905 1 2225
2 1 880 1 1520
2 1 880 1 1200
2 1 1200 1 1520
2 1 1904 1 2224
2 1 1327 1 1647
2 1 751 1 2031
2 1 1455 1 2095
2 1 1198 1 1518
2 1 1325 1 1645
2 1 1005 1 1645
2 1 1005 1 1325
2 1 749 1 1069
2 1 1069 1 2029
2 1 749 1 2029
2 1 1901 1 2221
2 1 1196 1 1516
2 1 876 1 1516
2 1 876 1 1196
2 1 940 1 2220
2 1 940 1 1900
2 1 1900 1 2220
2 1 747 1 1067
2 1 747 1 2027
2 1 1067 1 2027
2 1 746 1 1066
2 1 1066 1 2026
2 1 746 1 2026
2 1 1450 1 2090
2 1 1065 1 2025
2 1 745 1 2025
2 1 745 1 1065
2 1 1064 1 2024
2 1 744 1 1064
2 1 744 1 2024
2 1 743 1 1063
2 1 743 1 2023
2 1 1063 1 2023
2 1 936 1 1896
2 1 1447 1 2087
2 1 1895 1 2215
2 1 935 1 2215
2 1 935 1 1895
2 1 742 1 2022
2 1 1062 1 2022
2 1 742 1 1062
2 1 741 1 1061
2 1 741 1 2021
2 1 1061 1 2021
2 1 933 1 1893
2 1 1315 1 1635
2 1 1188 1 1508
2 1 868 1 1188
2 1 868 1 1508
2 1 932 1 1892
2 1 932 1 2212
2 1 1892 1 2212
2 1 1314 1 1634
2 1 867 1 1187
2 1 1187 1 1507
2 1 867 1 1507
2 1 738 1 1058
2 1 737 1 2017
2 1 737 1 1057
2 1 1057 1 2017
2 1 929 1 1889
2 1 736 1 1056
2 1 1056 1 2016
2 1 736 1 2016
2 1 1888 1 2208
2 1 928 1 1888
2 1 928 1 2208
2 1 735 1 2015
2 1 735 1 1055
2 1 1055 1 2015
2 1 1759 1 2079
2 1 927 1 1887
2 1 734 1 2014
2 1 989 1 1309
2 1 1309 1 1629
2 1 989 1 1629
2 1 1438 1 1758
2 1 1438 1 2078
2 1 1758 1 2078
2 1 1182 1 1502
2 1 733 1 2013
2 1 733 1 1053
2 1 1053 1 2013
2 1 926 1 2206
2 1 926 1 1886
2 1 1886 1 2206
2 1 1757 1 2077
2 1 1437 1 1757
2 1 1437 1 2077
2 1 1052 1 2012
2 1 732 1 1052
2 1 732 1 2012
2 1 1885 1 2205
2 1 1884 1 2204
2 1 924 1 2204
2 1 924 1 1884
2 1 923 1 1883
2 1 859 1 1499
2 1 730 1 2010
2 1 730 1 1050
2 1 1050 1 2010
2 1 1306 1 1626
2 1 986 1 1306
2 1 986 1 1626
2 1 1882 1 2202
2 1 1754 1 2074
2 1 1434 1 1754
2 1 1434 1 2074
2 1 729 1 2009
2 1 984 1 1624
2 1 1048 1 2008
2 1 728 1 2008
2 1 728 1 1048
2 1 1881 1 2201
2 1 921 1 2201
2 1 921 1 1881
2 1 727 1 2007
2 1 1047 1 2007
2 1 727 1 1047
2 1 919 1 2199
2 1 726 1 2006
2 1 1046 1 2006
2 1 726 1 1046
2 1 918 1 2198
2 1 725 1 1045
2 1 725 1 2005
2 1 1045 1 2005
2 1 1044 1 2004
2 1 1877 1 2197
2 1 917 1 1877
2 1 917 1 2197
2 1 1876 1 2196
2 1 916 1 2196
2 1 916 1 1876
2 1 723 1 2003
2 1 915 1 1875
2 1 978 1 1298
2 1 849 1 1489
2 1 1169 1 1489
2 1 849 1 1169
2 1 913 1 1873
2 1 913 1 2193
2 1 1873 1 2193
2 1 720 1 1040
2 1 1872 1 2192
2 1 719 1 1039
2 1 911 1 2191
2 1 911 1 1871
2 1 1871 1 2191
2 1 718 1 1998
2 1 910 1 1870
2 1 846 1 1486
2 1 1037 1 1997
2 1 1869 1 2189
2 1 1036 1 1996
2 1 1420 1 1740
2 1 1420 1 2060
2 1 1740 1 2060
2 1 908 1 1868
2 1 908 1 2188
2 1 1868 1 2188
2 1 970 1 1610
2 1 1419 1 1739
2 1 714 1 1034
2 1 907 1 2187
2 1 907 1 1867
2 1 1867 1 2187
2 1 1418 1 1738
2 1 1033 1 1993
2 1 1866 1 2186
2 1 905 1 1865
2 1 905 1 2185
2 1 1865 1 2185
2 1 904 1 2184
2 1 1864 1 2184
2 1 904 1 1864
2 1 1863 1 2183
2 1 903 1 2183
2 1 903 1 1863
2 1 1030 1 1990
2 1 709 1 1989
2 1 709 1 1029
2 1 1029 1 1989
2 1 901 1 2181
2 1 901 1 1861
2 1 1861 1 2181
2 1 1028 1 1988
2 1 900 1 2180
2 1 899 1 2179
2 1 1858 1 2178
2 1 898 1 1858
2 1 898 1 2178
2 1 834 1 1154
2 1 1857 1 2177
2 1 1153 1 1473
2 1 833 1 1153
2 1 833 1 1473
2 1 704 1 1024
2 1 704 1 1984
2 1 1024 1 1984
2 1 960 1 1280
3 1 337 1 730 1 1370
3 1 484 1 973 1 1933
3 1 568 1 828 1 1788
3 1 324 1 973 1 1293
3 1 463 1 1336 1 1976
3 1 337 1 1370 1 2010
3 1 631 1 1243 1 1883
3 1 526 1 722 1 1042
3 1 337 1 1050 1 1370
3 1 329 1 1042 1 1362
3 1 333 1 982 1 1302
3 1 568 1 828 1 1468
3 1 603 1 959 1 1279
3 1 375 1 1344 1 1984
3 1 453 1 1902 1 2222
3 1 576 1 1252 1 2212
3 1 568 1 828 1 2108
3 1 375 1 1024 1 1344
3 1 603 1 1279 1 2239
3 1 510 1 1319 1 1959
3 1 546 1 806 1 1446
3 1 510 1 999 1 1959
3 1 510 1 1639 1 1959
3 1 586 1 1262 1 1902
3 1 375 1 704 1 1344
3 1 360 1 1393 1 2033
3 1 358 1 1391 1 2031
3 1 604 1 832 1 1152
3 1 493 1 982 1 1942
3 1 439 1 848 1 1808
3 1 491 1 1300 1 1940
3 1 444 1 1173 1 1813
3 1 437 1 1486 1 1806
3 1 513 1 773 1 1733
3 1 591 1 947 1 1267
3 1 605 1 1217 1 1857
3 1 548 1 808 1 1768
3 1 630 1 1242 1 1882
3 1 576 1 932 1 1252
3 1 588 1 1264 1 1904
3 1 614 1 1226 1 1866
3 1 588 1 1264 1 2224
3 1 451 1 1324 1 1964
3 1 394 1 867 1 1827
3 1 545 1 805 1 1765
3 1 446 1 1495 1 1815
3 1 545 1 805 1 2085
3 1 529 1 789 1 2069
3 1 424 1 1473 1 1793
3 1 387 1 1756 1 2076
3 1 639 1 1251 1 1891
3 1 388 1 1501 1 1821
3 1 425 1 1154 1 1794
3 1 605 1 1217 1 2177
3 1 446 1 855 1 1815
3 1 542 1 802 1 2082
3 1 321 1 970 1 1290
3 1 502 1 927 1 2207
3 1 585 1 1261 1 2221
3 1 520 1 780 1 2060
3 1 553 1 813 1 1453
3 1 545 1 805 1 1445
3 1 618 1 846 1 1166
3 1 629 1 921 1 1241
3 1 332 1 981 1 1301
3 1 576 1 1252 1 1892
3 1 617 1 1229 1 2189
3 1 571 1 831 1 2111
3 1 571 1 831 1 1471
3 1 569 1 829 1 1789
3 1 630 1 1242 1 2202
3 1 571 1 831 1 1791
3 1 623 1 851 1 1171
3 1 521 1 717 1 1037
3 1 437 1 846 1 1806
3 1 363 1 1332 1 1652
3 1 553 1 813 1 1773
3 1 529 1 789 1 1749
3 1 536 1 796 1 2076
3 1 553 1 813 1 2093
3 1 411 1 1460 1 1780
3 1 560 1 820 1 2100
3 1 560 1 820 1 1460
3 1 395 1 1764 1 2084
3 1 411 1 1780 1 2100
3 1 555 1 815 1 2095
3 1 541 1 801 1 1441
3 1 439 1 1488 1 1808
3 1 532 1 792 1 1752
3 1 541 1 801 1 1761
3 1 321 1 1034 1 1354
3 1 532 1 792 1 2072
3 1 541 1 801 1 2081
3 1 620 1 848 1 1168
3 1 569 1 829 1 1469
3 1 617 1 1229 1 1869
3 1 393 1 1762 1 2082
3 1 618 1 1166 1 1486
3 1 575 1 707 1 1027
3 1 362 1 1395 1 2035
3 1 611 1 1223 1 2183
3 1 555 1 815 1 1455
3 1 569 1 829 1 2109
3 1 611 1 1223 1 1863
3 1 611 1 903 1 1223
3 1 567 1 827 1 2107
3 1 567 1 827 1 1467
3 1 620 1 1168 1 1488
3 1 333 1 726 1 1366
3 1 567 1 827 1 1787
3 1 378 1 1027 1 1347
3 1 573 1 769 1 1729
3 1 378 1 1283 1 1603
3 1 626 1 918 1 1238
3 1 448 1 1321 1 1961
3 1 479 1 1608 1 1928
3 1 321 1 1290 1 1610
3 1 391 1 864 1 1824
3 1 529 1 789 1 1429
3 1 445 1 1174 1 1814
3 1 432 1 1161 1 1801
3 1 446 1 1175 1 1815
3 1 622 1 1234 1 1874
3 1 453 1 1326 1 1966
3 1 626 1 1238 1 2198
3 1 483 1 972 1 1932
3 1 473 1 962 1 1922
3 1 572 1 768 1 2048
3 1 376 1 961 1 1281
3 1 423 1 832 1 1792
3 1 492 1 981 1 1941
3 1 526 1 786 1 2066
3 1 518 1 778 1 1418
3 1 366 1 1079 1 1399
3 1 321 1 714 1 1354
3 1 498 1 1307 1 1947
3 1 594 1 950 1 1270
