471 2240
2 1 1468 1 2108
2 1 1466 1 2106
2 1 1466 1 1786
2 1 1786 1 2106
2 1 1783 1 2103
2 1 1458 1 1778
2 1 1778 1 2098
2 1 1785 1 2105
2 1 1458 1 2098
2 1 1767 1 2087
2 1 1443 1 2083
2 1 1760 1 2080
2 1 1440 1 1760
2 1 1763 1 2083
2 1 1443 1 1763
2 1 1762 1 2082
2 1 1440 1 2080
2 1 1442 1 2082
2 1 1751 1 2071
2 1 1742 1 2062
2 1 1442 1 1762
2 1 1747 1 2067
2 1 1422 1 1742
2 1 1422 1 2062
2 1 1421 1 2061
2 1 1420 1 2060
2 1 1739 1 2059
2 1 1411 1 2051
2 1 1731 1 2051
2 1 1411 1 1731
2 1 1292 1 1612
2 1 971 1 1611
2 1 970 1 1290
2 1 1290 1 1610
2 1 970 1 1610
2 1 1418 1 1738
2 1 1289 1 1609
2 1 1416 1 1736
2 1 1340 1 1660
2 1 1018 1 1338
2 1 1338 1 1658
2 1 1017 1 1337
2 1 1018 1 1658
2 1 1020 1 1660
2 1 1017 1 1657
2 1 1337 1 1657
2 1 1335 1 1655
2 1 1015 1 1655
2 1 1015 1 1335
2 1 1328 1 1648
2 1 1336 1 1656
2 1 1003 1 1323
2 1 1003 1 1643
2 1 1323 1 1643
2 1 1020 1 1340
2 1 1000 1 1640
2 1 1016 1 1656
2 1 1016 1 1336
2 1 1318 1 1638
2 1 1316 1 1636
2 1 987 1 1627
2 1 1307 1 1627
2 1 987 1 1307
2 1 1435 1 1755
2 1 992 1 1312
2 1 1312 1 1632
2 1 992 1 1632
2 1 982 1 1302
2 1 1302 1 1622
2 1 982 1 1622
2 1 980 1 1620
2 1 1155 1 1475
2 1 834 1 1474
2 1 1154 1 1474
2 1 834 1 1154
2 1 1729 1 2049
2 1 1409 1 2049
2 1 1409 1 1729
2 1 961 1 1601
2 1 1281 1 1601
2 1 961 1 1281
2 1 894 1 1214
2 1 894 1 1534
2 1 1213 1 1533
2 1 1791 1 2111
2 1 1214 1 1534
2 1 891 1 1531
2 1 891 1 1211
2 1 1211 1 1531
2 1 1471 1 2111
2 1 890 1 1210
2 1 1471 1 1791
2 1 889 1 1529
2 1 889 1 1209
2 1 1209 1 1529
2 1 888 1 1208
2 1 888 1 1528
2 1 1208 1 1528
2 1 1206 1 1526
2 1 886 1 1206
2 1 886 1 1526
2 1 1207 1 1527
2 1 1461 1 1781
2 1 1781 1 2101
2 1 1461 1 2101
2 1 1460 1 2100
2 1 882 1 1202
2 1 881 1 1521
2 1 1199 1 1519
2 1 1004 1 1324
2 1 1198 1 1518
2 1 1193 1 1513
2 1 873 1 1193
2 1 873 1 1513
2 1 1768 1 2088
2 1 1321 1 1641
2 1 1001 1 1641
2 1 1001 1 1321
2 1 1191 1 1511
2 1 871 1 1191
2 1 871 1 1511
2 1 869 1 1189
2 1 868 1 1188
2 1 867 1 1187
2 1 866 1 1506
2 1 866 1 1186
2 1 1186 1 1506
2 1 865 1 1505
2 1 865 1 1185
2 1 1185 1 1505
2 1 863 1 1503
2 1 1311 1 1631
2 1 1181 1 1501
2 1 1179 1 1499
2 1 1752 1 2072
2 1 985 1 1625
2 1 986 1 1626
2 1 986 1 1306
2 1 1306 1 1626
2 1 855 1 1495
2 1 1428 1 1748
2 1 1425 1 2065
2 1 977 1 1297
2 1 850 1 1170
2 1 1170 1 1490
2 1 850 1 1490
2 1 1423 1 1743
2 1 1423 1 2063
2 1 1743 1 2063
2 1 846 1 1486
2 1 1165 1 1485
2 1 845 1 1165
2 1 845 1 1485
2 1 844 1 1164
2 1 844 1 1484
2 1 1164 1 1484
2 1 1163 1 1483
2 1 843 1 1163
2 1 843 1 1483
2 1 842 1 1482
2 1 840 1 1160
2 1 841 1 1161
2 1 968 1 1288
2 1 839 1 1159
2 1 1414 1 1734
2 1 1414 1 2054
2 1 1734 1 2054
2 1 966 1 1606
2 1 966 1 1286
2 1 1286 1 1606
2 1 1413 1 1733
2 1 1856 1 2176
2 1 767 1 2047
2 1 1022 1 1342
2 1 1342 1 1662
2 1 1022 1 1662
2 1 1086 1 2046
2 1 1919 1 2239
2 1 1470 1 1790
2 1 1790 1 2110
2 1 1343 1 1663
2 1 832 1 1472
2 1 1023 1 1343
2 1 1023 1 1663
2 1 1470 1 2110
2 1 1918 1 2238
2 1 1085 1 2045
2 1 765 1 2045
2 1 765 1 1085
2 1 764 1 2044
2 1 1084 1 2044
2 1 764 1 1084
2 1 957 1 2237
2 1 1083 1 2043
2 1 763 1 2043
2 1 763 1 1083
2 1 956 1 2236
2 1 762 1 2042
2 1 1082 1 2042
2 1 762 1 1082
2 1 953 1 2233
2 1 760 1 2040
2 1 1080 1 2040
2 1 760 1 1080
2 1 952 1 2232
2 1 1464 1 2104
2 1 759 1 1079
2 1 758 1 1078
2 1 950 1 1910
2 1 950 1 2230
2 1 1910 1 2230
2 1 1332 1 1652
2 1 949 1 1909
2 1 884 1 1524
2 1 1204 1 1524
2 1 884 1 1204
2 1 1908 1 2228
2 1 755 1 2035
2 1 1203 1 1523
2 1 883 1 1523
2 1 883 1 1203
2 1 754 1 1074
2 1 753 1 1073
2 1 945 1 2225
2 1 945 1 1905
2 1 1905 1 2225
2 1 752 1 2032
2 1 1007 1 1647
2 1 1327 1 1647
2 1 1007 1 1327
2 1 1456 1 2096
2 1 1776 1 2096
2 1 1456 1 1776
2 1 1071 1 2031
2 1 751 1 1071
2 1 751 1 2031
2 1 944 1 1904
2 1 1070 1 2030
2 1 1903 1 2223
2 1 1454 1 1774
2 1 749 1 2029
2 1 1069 1 2029
2 1 749 1 1069
2 1 942 1 1902
2 1 748 1 2028
2 1 748 1 1068
2 1 1068 1 2028
2 1 941 1 2221
2 1 1452 1 2092
2 1 747 1 2027
2 1 940 1 1900
2 1 1002 1 1322
2 1 1322 1 1642
2 1 1002 1 1642
2 1 1451 1 1771
2 1 1065 1 2025
2 1 936 1 2216
2 1 872 1 1192
2 1 1319 1 1639
2 1 999 1 1639
2 1 999 1 1319
2 1 1063 1 2023
2 1 743 1 2023
2 1 743 1 1063
2 1 1895 1 2215
2 1 742 1 2022
2 1 934 1 2214
2 1 1317 1 1637
2 1 997 1 1637
2 1 997 1 1317
2 1 870 1 1510
2 1 1061 1 2021
2 1 741 1 2021
2 1 741 1 1061
2 1 1060 1 2020
2 1 932 1 2212
2 1 932 1 1892
2 1 1892 1 2212
2 1 739 1 2019
2 1 1059 1 2019
2 1 739 1 1059
2 1 931 1 2211
2 1 1891 1 2211
2 1 931 1 1891
2 1 738 1 1058
2 1 1058 1 2018
2 1 738 1 2018
2 1 1890 1 2210
2 1 930 1 1890
2 1 930 1 2210
2 1 1057 1 2017
2 1 737 1 1057
2 1 737 1 2017
2 1 1889 1 2209
2 1 929 1 2209
2 1 929 1 1889
2 1 1441 1 2081
2 1 736 1 2016
2 1 1056 1 2016
2 1 736 1 1056
2 1 928 1 1888
2 1 1759 1 2079
2 1 1439 1 1759
2 1 1439 1 2079
2 1 927 1 2207
2 1 927 1 1887
2 1 1887 1 2207
2 1 734 1 2014
2 1 1438 1 2078
2 1 1438 1 1758
2 1 1758 1 2078
2 1 1182 1 1502
2 1 733 1 2013
2 1 1053 1 2013
2 1 733 1 1053
2 1 926 1 2206
2 1 1757 1 2077
2 1 1437 1 2077
2 1 1437 1 1757
2 1 732 1 1052
2 1 1885 1 2205
2 1 1436 1 2076
2 1 731 1 2011
2 1 731 1 1051
2 1 1051 1 2011
2 1 924 1 2204
2 1 730 1 1050
2 1 923 1 1883
2 1 1882 1 2202
2 1 922 1 1882
2 1 922 1 2202
2 1 984 1 1624
2 1 1304 1 1624
2 1 984 1 1304
2 1 1433 1 1753
2 1 1881 1 2201
2 1 921 1 2201
2 1 921 1 1881
2 1 1047 1 2007
2 1 1880 1 2200
2 1 727 1 2007
2 1 727 1 1047
2 1 1879 1 2199
2 1 854 1 1494
2 1 1174 1 1494
2 1 854 1 1174
2 1 918 1 1878
2 1 1878 1 2198
2 1 918 1 2198
2 1 1877 1 2197
2 1 724 1 2004
2 1 916 1 1876
2 1 1876 1 2196
2 1 916 1 2196
2 1 1299 1 1619
2 1 979 1 1619
2 1 979 1 1299
2 1 852 1 1172
2 1 1043 1 2003
2 1 722 1 2002
2 1 1042 1 2002
2 1 722 1 1042
2 1 1746 1 2066
2 1 914 1 2194
2 1 914 1 1874
2 1 1874 1 2194
2 1 913 1 1873
2 1 1873 1 2193
2 1 913 1 2193
2 1 975 1 1615
2 1 1295 1 1615
2 1 975 1 1295
2 1 1424 1 1744
2 1 1744 1 2064
2 1 1424 1 2064
2 1 848 1 1488
2 1 719 1 1999
2 1 974 1 1614
2 1 1167 1 1487
2 1 1871 1 2191
2 1 717 1 1037
2 1 717 1 1997
2 1 1037 1 1997
2 1 1869 1 2189
2 1 909 1 1869
2 1 909 1 2189
2 1 1036 1 1996
2 1 715 1 1035
2 1 1035 1 1995
2 1 715 1 1995
2 1 907 1 1867
2 1 1034 1 1994
2 1 906 1 2186
2 1 905 1 2185
2 1 712 1 1032
2 1 904 1 1864
2 1 1864 1 2184
2 1 904 1 2184
2 1 1415 1 2055
2 1 903 1 2183
2 1 903 1 1863
2 1 1863 1 2183
2 1 1158 1 1478
2 1 902 1 1862
2 1 1861 1 2181
2 1 964 1 1284
2 1 1284 1 1604
2 1 964 1 1604
2 1 837 1 1477
2 1 1412 1 2052
2 1 1732 1 2052
2 1 1412 1 1732
2 1 836 1 1156
2 1 706 1 1986
2 1 1026 1 1986
2 1 706 1 1026
2 1 1859 1 2179
2 1 898 1 2178
2 1 1410 1 2050
2 1 705 1 1985
2 1 1153 1 1473
2 1 704 1 1984
2 1 960 1 1280
2 1 960 1 1600
2 1 1280 1 1600
2 1 897 1 1857
3 1 375 1 1344 1 1984
3 1 537 1 797 1 2077
3 1 609 1 1221 1 1861
3 1 616 1 908 1 1228
3 1 472 1 1281 1 1921
3 1 419 1 1468 1 1788
3 1 609 1 1221 1 2181
3 1 368 1 1081 1 1401
3 1 482 1 1867 1 2187
3 1 452 1 1005 1 1965
3 1 453 1 1006 1 1966
3 1 482 1 907 1 2187
3 1 356 1 1005 1 1325
3 1 596 1 952 1 1272
3 1 375 1 704 1 1344
3 1 425 1 1154 1 1794
3 1 604 1 1216 1 1856
3 1 604 1 1216 1 2176
3 1 558 1 818 1 2098
3 1 578 1 1254 1 2214
3 1 565 1 761 1 1081
3 1 578 1 934 1 1254
3 1 372 1 1341 1 1661
3 1 429 1 1478 1 1798
3 1 507 1 1316 1 1956
3 1 614 1 842 1 1162
3 1 543 1 803 1 1763
3 1 624 1 1236 1 1876
3 1 507 1 1636 1 1956
3 1 361 1 1330 1 1650
3 1 419 1 1788 1 2108
3 1 548 1 808 1 1768
3 1 383 1 1032 1 1352
3 1 568 1 828 1 2108
3 1 429 1 1158 1 1798
3 1 614 1 906 1 1226
3 1 519 1 779 1 1739
3 1 624 1 916 1 1236
3 1 624 1 1236 1 2196
3 1 425 1 834 1 1794
3 1 573 1 769 1 2049
3 1 627 1 855 1 1175
3 1 501 1 1310 1 1950
3 1 405 1 1198 1 1838
3 1 568 1 828 1 1468
