432 2240
2 1 1782 1 2102
2 1 1466 1 2106
2 1 1781 1 2101
2 1 1778 1 2098
2 1 1776 1 2096
2 1 1455 1 2095
2 1 1771 1 2091
2 1 1451 1 2091
2 1 1770 1 2090
2 1 1451 1 1771
2 1 1445 1 2085
2 1 1769 1 2089
2 1 1449 1 2089
2 1 1765 1 2085
2 1 1445 1 1765
2 1 1449 1 1769
2 1 1443 1 1763
2 1 1448 1 2088
2 1 1442 1 1762
2 1 1442 1 2082
2 1 1443 1 2083
2 1 1763 1 2083
2 1 1762 1 2082
2 1 1758 1 2078
2 1 1438 1 2078
2 1 1438 1 1758
2 1 1754 1 2074
2 1 1434 1 1754
2 1 1434 1 2074
2 1 1433 1 2073
2 1 1432 1 2072
2 1 1752 1 2072
2 1 1432 1 1752
2 1 1750 1 2070
2 1 1430 1 2070
2 1 1430 1 1750
2 1 1429 1 1749
2 1 1429 1 2069
2 1 1749 1 2069
2 1 1427 1 2067
2 1 1426 1 2066
2 1 1745 1 2065
2 1 1425 1 2065
2 1 1425 1 1745
2 1 1423 1 2063
2 1 1733 1 2053
2 1 1424 1 1744
2 1 1295 1 1615
2 1 975 1 1615
2 1 975 1 1295
2 1 974 1 1614
2 1 1417 1 1737
2 1 1284 1 1604
2 1 1282 1 1602
2 1 1343 1 1663
2 1 1023 1 1343
2 1 1023 1 1663
2 1 1019 1 1659
2 1 1339 1 1659
2 1 1019 1 1339
2 1 1334 1 1654
2 1 1329 1 1649
2 1 1009 1 1649
2 1 1009 1 1329
2 1 1008 1 1648
2 1 1006 1 1646
2 1 1324 1 1644
2 1 1002 1 1322
2 1 1322 1 1642
2 1 1002 1 1642
2 1 1318 1 1638
2 1 998 1 1638
2 1 998 1 1318
2 1 994 1 1634
2 1 993 1 1633
2 1 1441 1 1761
2 1 991 1 1631
2 1 991 1 1311
2 1 1311 1 1631
2 1 992 1 1632
2 1 1439 1 1759
2 1 990 1 1310
2 1 990 1 1630
2 1 1310 1 1630
2 1 989 1 1629
2 1 987 1 1627
2 1 1435 1 1755
2 1 986 1 1626
2 1 985 1 1305
2 1 1305 1 1625
2 1 985 1 1625
2 1 983 1 1303
2 1 983 1 1623
2 1 1303 1 1623
2 1 980 1 1620
2 1 980 1 1300
2 1 1300 1 1620
2 1 1428 1 1748
2 1 1299 1 1619
2 1 978 1 1618
2 1 1155 1 1475
2 1 1280 1 1600
2 1 1214 1 1534
2 1 1212 1 1532
2 1 1340 1 1660
2 1 1333 1 1653
2 1 1013 1 1653
2 1 1209 1 1529
2 1 1013 1 1333
2 1 1202 1 1522
2 1 885 1 1525
2 1 885 1 1205
2 1 1205 1 1525
2 1 881 1 1521
2 1 879 1 1199
2 1 889 1 1529
2 1 1199 1 1519
2 1 879 1 1519
2 1 1454 1 2094
2 1 889 1 1209
2 1 1454 1 1774
2 1 1774 1 2094
2 1 1327 1 1647
2 1 1007 1 1327
2 1 1007 1 1647
2 1 874 1 1514
2 1 877 1 1197
2 1 877 1 1517
2 1 873 1 1193
2 1 1197 1 1517
2 1 1193 1 1513
2 1 873 1 1513
2 1 872 1 1512
2 1 871 1 1511
2 1 1766 1 2086
2 1 1446 1 1766
2 1 1446 1 2086
2 1 869 1 1509
2 1 866 1 1186
2 1 1186 1 1506
2 1 866 1 1506
2 1 861 1 1501
2 1 1185 1 1505
2 1 860 1 1500
2 1 1180 1 1500
2 1 860 1 1180
2 1 865 1 1185
2 1 865 1 1505
2 1 1337 1 1657
2 1 858 1 1178
2 1 857 1 1497
2 1 1177 1 1497
2 1 857 1 1177
2 1 856 1 1496
2 1 1431 1 2071
2 1 854 1 1174
2 1 854 1 1494
2 1 1174 1 1494
2 1 853 1 1493
2 1 1172 1 1492
2 1 852 1 1492
2 1 852 1 1172
2 1 850 1 1170
2 1 1170 1 1490
2 1 850 1 1490
2 1 849 1 1489
2 1 848 1 1488
2 1 847 1 1167
2 1 846 1 1166
2 1 846 1 1486
2 1 1166 1 1486
2 1 973 1 1613
2 1 972 1 1292
2 1 1292 1 1612
2 1 1165 1 1485
2 1 972 1 1612
2 1 1418 1 2058
2 1 841 1 1481
2 1 1161 1 1481
2 1 841 1 1161
2 1 1288 1 1608
2 1 840 1 1160
2 1 1414 1 2054
2 1 1287 1 1607
2 1 1156 1 1476
2 1 1157 1 1477
2 1 836 1 1156
2 1 837 1 1477
2 1 836 1 1476
2 1 837 1 1157
2 1 1408 1 2048
2 1 1471 1 2111
2 1 1215 1 1535
2 1 766 1 1086
2 1 766 1 2046
2 1 1086 1 2046
2 1 1790 1 2110
2 1 1470 1 2110
2 1 1470 1 1790
2 1 1085 1 2045
2 1 765 1 2045
2 1 765 1 1085
2 1 1789 1 2109
2 1 764 1 1084
2 1 957 1 2237
2 1 763 1 2043
2 1 1916 1 2236
2 1 956 1 2236
2 1 956 1 1916
2 1 1018 1 1658
2 1 1082 1 2042
2 1 955 1 1915
2 1 1081 1 2041
2 1 953 1 1913
2 1 760 1 2040
2 1 1015 1 1655
2 1 1015 1 1335
2 1 1335 1 1655
2 1 1784 1 2104
2 1 759 1 2039
2 1 759 1 1079
2 1 1079 1 2039
2 1 952 1 1912
2 1 1078 1 2038
2 1 1911 1 2231
2 1 950 1 1910
2 1 757 1 2037
2 1 1077 1 2037
2 1 757 1 1077
2 1 1909 1 2229
2 1 949 1 2229
2 1 949 1 1909
2 1 948 1 1908
2 1 1908 1 2228
2 1 948 1 2228
2 1 1011 1 1651
2 1 1204 1 1524
2 1 884 1 1524
2 1 884 1 1204
2 1 755 1 2035
2 1 1010 1 1330
2 1 1330 1 1650
2 1 1010 1 1650
2 1 1779 1 2099
2 1 1459 1 1779
2 1 1459 1 2099
2 1 754 1 1074
2 1 754 1 2034
2 1 1074 1 2034
2 1 753 1 2033
2 1 1073 1 2033
2 1 753 1 1073
2 1 1906 1 2226
2 1 945 1 1905
2 1 945 1 2225
2 1 1905 1 2225
2 1 1072 1 2032
2 1 1071 1 2031
2 1 1903 1 2223
2 1 943 1 2223
2 1 943 1 1903
2 1 750 1 2030
2 1 942 1 1902
2 1 878 1 1518
2 1 1005 1 1645
2 1 1069 1 2029
2 1 749 1 2029
2 1 749 1 1069
2 1 1901 1 2221
2 1 940 1 1900
2 1 1003 1 1643
2 1 876 1 1516
2 1 1067 1 2027
2 1 747 1 1067
2 1 747 1 2027
2 1 1066 1 2026
2 1 938 1 1898
2 1 1898 1 2218
2 1 938 1 2218
2 1 1065 1 2025
2 1 937 1 2217
2 1 1897 1 2217
2 1 937 1 1897
2 1 744 1 2024
2 1 744 1 1064
2 1 1064 1 2024
2 1 936 1 2216
2 1 1896 1 2216
2 1 936 1 1896
2 1 1063 1 2023
2 1 935 1 1895
2 1 1447 1 2087
2 1 1767 1 2087
2 1 1447 1 1767
2 1 1190 1 1510
2 1 1061 1 2021
2 1 997 1 1637
2 1 934 1 2214
2 1 934 1 1894
2 1 1894 1 2214
2 1 1893 1 2213
2 1 932 1 2212
2 1 932 1 1892
2 1 1892 1 2212
2 1 995 1 1315
2 1 1444 1 1764
2 1 1444 1 2084
2 1 1764 1 2084
2 1 868 1 1508
2 1 738 1 1058
2 1 1058 1 2018
2 1 738 1 2018
2 1 1891 1 2211
2 1 930 1 2210
2 1 1890 1 2210
2 1 930 1 1890
2 1 1057 1 2017
2 1 1889 1 2209
2 1 929 1 1889
2 1 929 1 2209
2 1 1056 1 2016
2 1 928 1 2208
2 1 928 1 1888
2 1 1888 1 2208
2 1 735 1 2015
2 1 735 1 1055
2 1 1055 1 2015
2 1 927 1 1887
2 1 1887 1 2207
2 1 927 1 2207
2 1 1054 1 2014
2 1 926 1 2206
2 1 926 1 1886
2 1 1886 1 2206
2 1 1053 1 2013
2 1 925 1 1885
2 1 925 1 2205
2 1 1885 1 2205
2 1 924 1 1884
2 1 731 1 1051
2 1 923 1 1883
2 1 730 1 1050
2 1 922 1 2202
2 1 1049 1 2009
2 1 1881 1 2201
2 1 921 1 1881
2 1 921 1 2201
2 1 919 1 2199
2 1 1302 1 1622
2 1 982 1 1302
2 1 982 1 1622
2 1 855 1 1495
2 1 855 1 1175
2 1 1175 1 1495
2 1 725 1 1045
2 1 1877 1 2197
2 1 917 1 1877
2 1 917 1 2197
2 1 916 1 1876
2 1 916 1 2196
2 1 1876 1 2196
2 1 723 1 1043
2 1 1875 1 2195
2 1 915 1 2195
2 1 915 1 1875
2 1 722 1 1042
2 1 722 1 2002
2 1 1042 1 2002
2 1 914 1 1874
2 1 913 1 1873
2 1 720 1 1040
2 1 912 1 2192
2 1 719 1 1039
2 1 911 1 2191
2 1 1038 1 1998
2 1 1422 1 1742
2 1 1422 1 2062
2 1 1742 1 2062
2 1 717 1 1997
2 1 1037 1 1997
2 1 717 1 1037
2 1 909 1 1869
2 1 1869 1 2189
2 1 909 1 2189
2 1 1420 1 2060
2 1 971 1 1291
2 1 1290 1 1610
2 1 970 1 1610
2 1 970 1 1290
2 1 1419 1 2059
2 1 1419 1 1739
2 1 1739 1 2059
2 1 1163 1 1483
2 1 1162 1 1482
2 1 712 1 1992
2 1 712 1 1032
2 1 1032 1 1992
2 1 904 1 2184
2 1 711 1 1991
2 1 966 1 1286
2 1 966 1 1606
2 1 1286 1 1606
2 1 839 1 1159
2 1 710 1 1990
2 1 1285 1 1605
2 1 838 1 1478
2 1 838 1 1158
2 1 1158 1 1478
2 1 1029 1 1989
2 1 1028 1 1988
2 1 708 1 1988
2 1 708 1 1028
2 1 900 1 2180
2 1 1027 1 1987
2 1 707 1 1027
2 1 707 1 1987
2 1 1026 1 1986
2 1 706 1 1026
2 1 706 1 1986
2 1 1730 1 2050
2 1 1410 1 1730
2 1 1410 1 2050
2 1 705 1 1985
2 1 1025 1 1985
2 1 705 1 1025
2 1 898 1 1858
2 1 1024 1 1984
2 1 704 1 1024
2 1 704 1 1984
2 1 897 1 2177
2 1 1857 1 2177
2 1 897 1 1857
