559 2240
2 1 1763 1 2083
2 1 1462 1 2102
2 1 1446 1 2086
2 1 1782 1 2102
2 1 1462 1 1782
2 1 1446 1 1766
2 1 1766 1 2086
2 1 1440 1 2080
2 1 1440 1 1760
2 1 1760 1 2080
2 1 1431 1 1751
2 1 1431 1 2071
2 1 1751 1 2071
2 1 1425 1 2065
2 1 1425 1 1745
2 1 1745 1 2065
2 1 1748 1 2068
2 1 1750 1 2070
2 1 1430 1 1750
2 1 1430 1 2070
2 1 1428 1 1748
2 1 1428 1 2068
2 1 1744 1 2064
2 1 1424 1 2064
2 1 1424 1 1744
2 1 1742 1 2062
2 1 1740 1 2060
2 1 1420 1 1740
2 1 1420 1 2060
2 1 1419 1 1739
2 1 1419 1 2059
2 1 1739 1 2059
2 1 975 1 1295
2 1 975 1 1615
2 1 1415 1 2055
2 1 1735 1 2055
2 1 1415 1 1735
2 1 1295 1 1615
2 1 970 1 1290
2 1 968 1 1288
2 1 961 1 1281
2 1 1280 1 1600
2 1 1470 1 1790
2 1 1468 1 1788
2 1 1341 1 1661
2 1 1016 1 1336
2 1 1463 1 1783
2 1 996 1 1636
2 1 1316 1 1636
2 1 996 1 1316
2 1 1314 1 1634
2 1 994 1 1634
2 1 994 1 1314
2 1 1311 1 1631
2 1 983 1 1303
2 1 1432 1 1752
2 1 982 1 1622
2 1 982 1 1302
2 1 1302 1 1622
2 1 981 1 1301
2 1 1301 1 1621
2 1 981 1 1621
2 1 979 1 1619
2 1 977 1 1297
2 1 976 1 1296
2 1 1411 1 1731
2 1 833 1 1153
2 1 1789 1 2109
2 1 1342 1 1662
2 1 1212 1 1532
2 1 892 1 1532
2 1 892 1 1212
2 1 891 1 1211
2 1 1786 1 2106
2 1 1019 1 1659
2 1 889 1 1529
2 1 1309 1 1629
2 1 885 1 1205
2 1 885 1 1525
2 1 1205 1 1525
2 1 1013 1 1653
2 1 1333 1 1653
2 1 1013 1 1333
2 1 1459 1 1779
2 1 1459 1 2099
2 1 1779 1 2099
2 1 1009 1 1649
2 1 1329 1 1649
2 1 1009 1 1329
2 1 882 1 1522
2 1 1202 1 1522
2 1 882 1 1202
2 1 1456 1 1776
2 1 1452 1 1772
2 1 1772 1 2092
2 1 1452 1 2092
2 1 1773 1 2093
2 1 1771 1 2091
2 1 1449 1 1769
2 1 1769 1 2089
2 1 1449 1 2089
2 1 1192 1 1512
2 1 872 1 1192
2 1 872 1 1512
2 1 1447 1 2087
2 1 1447 1 1767
2 1 1767 1 2087
2 1 870 1 1510
2 1 869 1 1509
2 1 869 1 1189
2 1 1189 1 1509
2 1 1317 1 1637
2 1 997 1 1317
2 1 997 1 1637
2 1 1184 1 1504
2 1 1439 1 1759
2 1 862 1 1182
2 1 1757 1 2077
2 1 1180 1 1500
2 1 1453 1 2093
2 1 860 1 1180
2 1 860 1 1500
2 1 987 1 1627
2 1 989 1 1629
2 1 1307 1 1627
2 1 987 1 1307
2 1 1433 1 1753
2 1 856 1 1176
2 1 855 1 1175
2 1 854 1 1494
2 1 853 1 1173
2 1 853 1 1493
2 1 1173 1 1493
2 1 980 1 1300
2 1 1300 1 1620
2 1 1172 1 1492
2 1 980 1 1620
2 1 850 1 1170
2 1 1170 1 1490
2 1 850 1 1490
2 1 849 1 1169
2 1 848 1 1488
2 1 848 1 1168
2 1 1168 1 1488
2 1 847 1 1167
2 1 847 1 1487
2 1 1167 1 1487
2 1 844 1 1164
2 1 1164 1 1484
2 1 844 1 1484
2 1 843 1 1163
2 1 843 1 1483
2 1 1163 1 1483
2 1 841 1 1481
2 1 1161 1 1481
2 1 1418 1 2058
2 1 1087 1 2047
2 1 1741 1 2061
2 1 767 1 2047
2 1 767 1 1087
2 1 959 1 1919
2 1 1086 1 2046
2 1 957 1 2237
2 1 967 1 1287
2 1 893 1 1213
2 1 1421 1 1741
2 1 1421 1 2061
2 1 764 1 1084
2 1 1916 1 2236
2 1 1083 1 2043
2 1 1787 1 2107
2 1 1467 1 1787
2 1 1467 1 2107
2 1 955 1 2235
2 1 1210 1 1530
2 1 1017 1 1337
2 1 1337 1 1657
2 1 1017 1 1657
2 1 761 1 1081
2 1 1914 1 2234
2 1 954 1 1914
2 1 954 1 2234
2 1 1913 1 2233
2 1 1465 1 1785
2 1 1080 1 2040
2 1 1784 1 2104
2 1 1079 1 2039
2 1 1453 1 1773
2 1 952 1 1912
2 1 1912 1 2232
2 1 952 1 2232
2 1 758 1 1078
2 1 758 1 2038
2 1 1078 1 2038
2 1 989 1 1309
2 1 951 1 1911
2 1 951 1 2231
2 1 1911 1 2231
2 1 950 1 2230
2 1 1077 1 2037
2 1 757 1 1077
2 1 757 1 2037
2 1 1461 1 2101
2 1 1781 1 2101
2 1 1461 1 1781
2 1 949 1 1909
2 1 949 1 2229
2 1 1909 1 2229
2 1 1011 1 1651
2 1 1204 1 1524
2 1 755 1 2035
2 1 948 1 1908
2 1 1908 1 2228
2 1 948 1 2228
2 1 1907 1 2227
2 1 1010 1 1650
2 1 1330 1 1650
2 1 1010 1 1330
2 1 1906 1 2226
2 1 753 1 2033
2 1 1777 1 2097
2 1 1200 1 1520
2 1 1327 1 1647
2 1 1903 1 2223
2 1 1455 1 1775
2 1 879 1 1199
2 1 750 1 2030
2 1 1326 1 1646
2 1 1006 1 1646
2 1 1006 1 1326
2 1 1325 1 1645
2 1 1005 1 1645
2 1 1005 1 1325
2 1 877 1 1197
2 1 1004 1 1324
2 1 1004 1 1644
2 1 1324 1 1644
2 1 1900 1 2220
2 1 1196 1 1516
2 1 876 1 1196
2 1 876 1 1516
2 1 747 1 2027
2 1 1003 1 1643
2 1 875 1 1515
2 1 1195 1 1515
2 1 875 1 1195
2 1 1899 1 2219
2 1 746 1 2026
2 1 1321 1 1641
2 1 874 1 1514
2 1 1898 1 2218
2 1 745 1 2025
2 1 744 1 2024
2 1 744 1 1064
2 1 1064 1 2024
2 1 1000 1 1320
2 1 1000 1 1640
2 1 1320 1 1640
2 1 871 1 1191
2 1 935 1 1895
2 1 1895 1 2215
2 1 935 1 2215
2 1 742 1 2022
2 1 742 1 1062
2 1 1062 1 2022
2 1 741 1 2021
2 1 741 1 1061
2 1 1061 1 2021
2 1 933 1 2213
2 1 1893 1 2213
2 1 933 1 1893
2 1 1445 1 2085
2 1 1765 1 2085
2 1 1445 1 1765
2 1 740 1 2020
2 1 1444 1 2084
2 1 1764 1 2084
2 1 1444 1 1764
2 1 1059 1 2019
2 1 932 1 2212
2 1 932 1 1892
2 1 1892 1 2212
2 1 1891 1 2211
2 1 1442 1 1762
2 1 866 1 1506
2 1 866 1 1186
2 1 1186 1 1506
2 1 930 1 1890
2 1 930 1 2210
2 1 1890 1 2210
2 1 737 1 1057
2 1 841 1 1161
2 1 1441 1 2081
2 1 736 1 1056
2 1 928 1 1888
2 1 927 1 2207
2 1 927 1 1887
2 1 1887 1 2207
2 1 863 1 1503
2 1 863 1 1183
2 1 1183 1 1503
2 1 990 1 1630
2 1 990 1 1310
2 1 1310 1 1630
2 1 734 1 1054
2 1 1886 1 2206
2 1 925 1 1885
2 1 861 1 1501
2 1 861 1 1181
2 1 1181 1 1501
2 1 1308 1 1628
2 1 988 1 1308
2 1 988 1 1628
2 1 1884 1 2204
2 1 1436 1 2076
2 1 1436 1 1756
2 1 1756 1 2076
2 1 731 1 2011
2 1 1179 1 1499
2 1 730 1 2010
2 1 923 1 1883
2 1 923 1 2203
2 1 1883 1 2203
2 1 1305 1 1625
2 1 985 1 1625
2 1 985 1 1305
2 1 858 1 1178
2 1 984 1 1304
2 1 1304 1 1624
2 1 984 1 1624
2 1 1177 1 1497
2 1 728 1 1048
2 1 728 1 2008
2 1 1048 1 2008
2 1 1880 1 2200
2 1 727 1 1047
2 1 919 1 1879
2 1 1879 1 2199
2 1 919 1 2199
2 1 1046 1 2006
2 1 726 1 1046
2 1 726 1 2006
2 1 918 1 1878
2 1 1878 1 2198
2 1 918 1 2198
2 1 725 1 1045
2 1 1045 1 2005
2 1 725 1 2005
2 1 917 1 2197
2 1 724 1 1044
2 1 724 1 2004
2 1 1044 1 2004
2 1 915 1 2195
2 1 1875 1 2195
2 1 915 1 1875
2 1 1298 1 1618
2 1 978 1 1298
2 1 978 1 1618
2 1 851 1 1171
2 1 851 1 1491
2 1 1171 1 1491
2 1 722 1 2002
2 1 722 1 1042
2 1 1042 1 2002
2 1 721 1 1041
2 1 913 1 1873
2 1 720 1 1040
2 1 912 1 2192
2 1 1039 1 1999
2 1 911 1 2191
2 1 1871 1 2191
2 1 911 1 1871
2 1 718 1 1038
2 1 718 1 1998
2 1 1038 1 1998
2 1 910 1 1870
2 1 909 1 2189
2 1 972 1 1292
2 1 845 1 1485
2 1 1165 1 1485
2 1 845 1 1165
2 1 716 1 1036
2 1 1036 1 1996
2 1 716 1 1996
2 1 1868 1 2188
2 1 715 1 1995
2 1 1035 1 1995
2 1 715 1 1035
2 1 907 1 2187
2 1 1162 1 1482
2 1 842 1 1482
2 1 842 1 1162
2 1 906 1 1866
2 1 906 1 2186
2 1 1866 1 2186
2 1 713 1 1033
2 1 1417 1 1737
2 1 712 1 1032
2 1 1032 1 1992
2 1 712 1 1992
2 1 1416 1 1736
2 1 904 1 1864
2 1 904 1 2184
2 1 1864 1 2184
2 1 710 1 1990
2 1 903 1 2183
2 1 902 1 1862
2 1 902 1 2182
2 1 1862 1 2182
2 1 1158 1 1478
2 1 838 1 1158
2 1 838 1 1478
2 1 965 1 1285
2 1 1285 1 1605
2 1 965 1 1605
2 1 709 1 1029
2 1 709 1 1989
2 1 1029 1 1989
2 1 708 1 1988
2 1 963 1 1603
2 1 963 1 1283
2 1 1283 1 1603
2 1 707 1 1987
2 1 836 1 1156
2 1 1412 1 1732
2 1 962 1 1602
2 1 706 1 1026
2 1 1859 1 2179
2 1 1858 1 2178
2 1 705 1 1025
2 1 1025 1 1985
2 1 705 1 1985
2 1 704 1 1984
2 1 704 1 1024
2 1 1024 1 1984
2 1 1856 1 2176
2 1 896 1 1856
2 1 896 1 2176
3 1 520 1 780 1 2060
3 1 606 1 1218 1 1858
3 1 578 1 1254 1 2214
3 1 576 1 1188 1 1508
3 1 434 1 843 1 1803
3 1 606 1 1218 1 2178
3 1 395 1 1508 1 1828
3 1 610 1 1222 1 2182
3 1 546 1 806 1 2086
3 1 623 1 915 1 1235
3 1 356 1 749 1 1389
3 1 577 1 1253 1 1893
3 1 351 1 1064 1 1384
3 1 471 1 1280 1 1920
3 1 522 1 782 1 2062
3 1 512 1 772 1 1732
3 1 494 1 983 1 1943
3 1 624 1 916 1 1236
3 1 597 1 1273 1 2233
3 1 396 1 1509 1 1829
3 1 463 1 1016 1 1976
3 1 500 1 925 1 2205
3 1 362 1 755 1 1395
3 1 519 1 779 1 2059
3 1 520 1 780 1 1740
3 1 473 1 962 1 1922
3 1 520 1 780 1 1420
3 1 473 1 1602 1 1922
3 1 351 1 744 1 1384
3 1 608 1 900 1 1220
3 1 540 1 800 1 2080
3 1 357 1 1390 1 2030
3 1 463 1 1336 1 1976
3 1 635 1 1247 1 2207
3 1 635 1 927 1 1247
3 1 412 1 885 1 1845
3 1 610 1 1222 1 1862
3 1 377 1 1282 1 1602
3 1 633 1 1245 1 1885
3 1 491 1 916 1 2196
3 1 351 1 1384 1 2024
3 1 610 1 902 1 1222
3 1 540 1 800 1 1440
3 1 540 1 800 1 1760
3 1 591 1 883 1 1203
3 1 543 1 803 1 1763
3 1 577 1 933 1 1253
3 1 471 1 1600 1 1920
3 1 577 1 1253 1 2213
3 1 635 1 1247 1 1887
3 1 633 1 925 1 1245
3 1 600 1 1276 1 2236
3 1 382 1 1031 1 1351
3 1 623 1 1235 1 1875
3 1 537 1 733 1 2013
3 1 519 1 779 1 1739
3 1 519 1 779 1 1419
3 1 578 1 870 1 1190
3 1 546 1 806 1 1446
3 1 562 1 822 1 2102
3 1 572 1 768 1 1408
3 1 562 1 822 1 1782
3 1 587 1 1263 1 2223
3 1 546 1 806 1 1766
3 1 377 1 962 1 1282
3 1 383 1 1032 1 1352
3 1 357 1 750 1 1390
3 1 387 1 1500 1 1820
3 1 623 1 1235 1 2195
3 1 476 1 1605 1 1925
3 1 543 1 803 1 2083
3 1 529 1 789 1 2069
3 1 562 1 822 1 1462
3 1 477 1 1286 1 1926
3 1 555 1 751 1 2031
3 1 475 1 900 1 2180
3 1 496 1 1881 1 2201
3 1 444 1 1749 1 2069
3 1 340 1 1373 1 2013
3 1 629 1 1241 1 1881
3 1 404 1 1197 1 1837
3 1 490 1 1619 1 1939
3 1 427 1 1156 1 1796
3 1 528 1 788 1 1748
3 1 500 1 1629 1 1949
3 1 389 1 1758 1 2078
3 1 377 1 1026 1 1346
3 1 564 1 760 1 2040
3 1 543 1 739 1 1059
3 1 607 1 1219 1 2179
3 1 464 1 1017 1 1977
3 1 495 1 984 1 1944
3 1 538 1 798 1 2078
3 1 380 1 1029 1 1349
3 1 526 1 786 1 1426
3 1 528 1 788 1 2068
3 1 607 1 1219 1 1859
3 1 398 1 1191 1 1831
3 1 587 1 1263 1 1903
3 1 506 1 995 1 1955
3 1 528 1 788 1 1428
3 1 522 1 782 1 1742
3 1 531 1 791 1 1751
3 1 392 1 1761 1 2081
3 1 385 1 1754 1 2074
3 1 590 1 1266 1 1906
3 1 530 1 790 1 1750
3 1 500 1 1885 1 2205
3 1 552 1 812 1 2092
3 1 407 1 1200 1 1840
3 1 338 1 1371 1 2011
3 1 632 1 1244 1 1884
3 1 426 1 1155 1 1795
3 1 527 1 787 1 2067
3 1 530 1 790 1 1430
3 1 620 1 912 1 1232
3 1 547 1 807 1 2087
3 1 530 1 790 1 2070
3 1 525 1 785 1 1745
3 1 545 1 805 1 1445
3 1 620 1 1232 1 2192
