552 2240
2 1 1787 1 2107
2 1 1467 1 2107
2 1 1467 1 1787
2 1 1465 1 1785
2 1 1784 1 2104
2 1 1786 1 2106
2 1 1465 1 2105
2 1 1785 1 2105
2 1 1464 1 2104
2 1 1464 1 1784
2 1 1462 1 2102
2 1 1778 1 2098
2 1 1458 1 1778
2 1 1458 1 2098
2 1 1774 1 2094
2 1 1454 1 2094
2 1 1454 1 1774
2 1 1453 1 2093
2 1 1761 1 2081
2 1 1773 1 2093
2 1 1453 1 1773
2 1 1435 1 2075
2 1 1433 1 2073
2 1 1433 1 1753
2 1 1753 1 2073
2 1 1741 1 2061
2 1 1740 1 2060
2 1 1420 1 1740
2 1 1420 1 2060
2 1 1411 1 1731
2 1 1411 1 2051
2 1 1731 1 2051
2 1 968 1 1608
2 1 965 1 1285
2 1 1413 1 1733
2 1 964 1 1284
2 1 964 1 1604
2 1 1284 1 1604
2 1 1019 1 1659
2 1 1019 1 1339
2 1 1339 1 1659
2 1 1338 1 1658
2 1 1018 1 1338
2 1 1018 1 1658
2 1 1017 1 1337
2 1 1016 1 1656
2 1 1008 1 1328
2 1 967 1 1287
2 1 1455 1 1775
2 1 1014 1 1654
2 1 1334 1 1654
2 1 1014 1 1334
2 1 1326 1 1646
2 1 1451 1 1771
2 1 998 1 1318
2 1 1318 1 1638
2 1 998 1 1638
2 1 997 1 1317
2 1 1317 1 1637
2 1 997 1 1637
2 1 996 1 1636
2 1 1316 1 1636
2 1 996 1 1316
2 1 1444 1 1764
2 1 1314 1 1634
2 1 1299 1 1619
2 1 988 1 1628
2 1 1308 1 1628
2 1 1155 1 1475
2 1 1410 1 2050
2 1 962 1 1282
2 1 962 1 1602
2 1 1282 1 1602
2 1 988 1 1308
2 1 895 1 1535
2 1 1342 1 1662
2 1 1022 1 1662
2 1 1022 1 1342
2 1 892 1 1212
2 1 890 1 1530
2 1 889 1 1529
2 1 889 1 1209
2 1 1209 1 1529
2 1 1208 1 1528
2 1 888 1 1208
2 1 888 1 1528
2 1 1207 1 1527
2 1 887 1 1527
2 1 887 1 1207
2 1 1205 1 1525
2 1 885 1 1205
2 1 885 1 1525
2 1 1333 1 1653
2 1 1013 1 1653
2 1 1013 1 1333
2 1 1460 1 1780
2 1 1459 1 2099
2 1 1779 1 2099
2 1 1459 1 1779
2 1 1012 1 1332
2 1 1202 1 1522
2 1 882 1 1202
2 1 882 1 1522
2 1 881 1 1521
2 1 1201 1 1521
2 1 881 1 1201
2 1 1329 1 1649
2 1 879 1 1199
2 1 1199 1 1519
2 1 879 1 1519
2 1 878 1 1198
2 1 877 1 1517
2 1 1189 1 1509
2 1 1196 1 1516
2 1 876 1 1516
2 1 876 1 1196
2 1 1002 1 1642
2 1 865 1 1185
2 1 865 1 1505
2 1 1185 1 1505
2 1 867 1 1187
2 1 992 1 1312
2 1 1312 1 1632
2 1 992 1 1632
2 1 862 1 1182
2 1 1181 1 1501
2 1 1177 1 1497
2 1 856 1 1496
2 1 1176 1 1496
2 1 856 1 1176
2 1 984 1 1624
2 1 850 1 1170
2 1 1744 1 2064
2 1 1424 1 2064
2 1 1424 1 1744
2 1 976 1 1296
2 1 1743 1 2063
2 1 1423 1 2063
2 1 1423 1 1743
2 1 1164 1 1484
2 1 844 1 1164
2 1 844 1 1484
2 1 1739 1 2059
2 1 1292 1 1612
2 1 1165 1 1485
2 1 1738 1 2058
2 1 1291 1 1611
2 1 1161 1 1481
2 1 841 1 1481
2 1 841 1 1161
2 1 840 1 1160
2 1 1157 1 1477
2 1 836 1 1156
2 1 1023 1 1343
2 1 958 1 1918
2 1 1918 1 2238
2 1 958 1 2238
2 1 894 1 1214
2 1 1470 1 1790
2 1 765 1 2045
2 1 764 1 2044
2 1 1084 1 2044
2 1 764 1 1084
2 1 1917 1 2237
2 1 1468 1 1788
2 1 1788 1 2108
2 1 1468 1 2108
2 1 1916 1 2236
2 1 763 1 1083
2 1 763 1 2043
2 1 1083 1 2043
2 1 762 1 1082
2 1 762 1 2042
2 1 1082 1 2042
2 1 955 1 1915
2 1 1915 1 2235
2 1 955 1 2235
2 1 954 1 1914
2 1 1914 1 2234
2 1 954 1 2234
2 1 1081 1 2041
2 1 953 1 2233
2 1 953 1 1913
2 1 1913 1 2233
2 1 1080 1 2040
2 1 952 1 2232
2 1 1079 1 2039
2 1 759 1 1079
2 1 759 1 2039
2 1 951 1 2231
2 1 1911 1 2231
2 1 951 1 1911
2 1 758 1 1078
2 1 757 1 1077
2 1 948 1 2228
2 1 884 1 1204
2 1 1010 1 1330
2 1 883 1 1203
2 1 754 1 1074
2 1 753 1 2033
2 1 753 1 1073
2 1 1073 1 2033
2 1 945 1 1905
2 1 1905 1 2225
2 1 945 1 2225
2 1 1327 1 1647
2 1 880 1 1200
2 1 944 1 1904
2 1 1071 1 2031
2 1 750 1 2030
2 1 1070 1 2030
2 1 750 1 1070
2 1 942 1 2222
2 1 1902 1 2222
2 1 942 1 1902
2 1 749 1 1069
2 1 941 1 2221
2 1 1901 1 2221
2 1 941 1 1901
2 1 748 1 1068
2 1 1452 1 1772
2 1 1900 1 2220
2 1 940 1 2220
2 1 940 1 1900
2 1 747 1 2027
2 1 747 1 1067
2 1 1067 1 2027
2 1 939 1 2219
2 1 1899 1 2219
2 1 939 1 1899
2 1 938 1 2218
2 1 1450 1 1770
2 1 1001 1 1641
2 1 1001 1 1321
2 1 1321 1 1641
2 1 1000 1 1320
2 1 1449 1 2089
2 1 1769 1 2089
2 1 1449 1 1769
2 1 744 1 2024
2 1 1192 1 1512
2 1 1448 1 1768
2 1 743 1 1063
2 1 743 1 2023
2 1 1063 1 2023
2 1 1447 1 2087
2 1 1895 1 2215
2 1 1446 1 1766
2 1 1766 1 2086
2 1 1446 1 2086
2 1 1061 1 2021
2 1 741 1 1061
2 1 741 1 2021
2 1 1060 1 2020
2 1 740 1 1060
2 1 740 1 2020
2 1 1893 1 2213
2 1 933 1 2213
2 1 933 1 1893
2 1 932 1 2212
2 1 1059 1 2019
2 1 931 1 2211
2 1 1891 1 2211
2 1 931 1 1891
2 1 738 1 2018
2 1 866 1 1186
2 1 930 1 2210
2 1 930 1 1890
2 1 1890 1 2210
2 1 737 1 2017
2 1 737 1 1057
2 1 1057 1 2017
2 1 864 1 1184
2 1 1184 1 1504
2 1 864 1 1504
2 1 928 1 2208
2 1 1887 1 2207
2 1 990 1 1310
2 1 863 1 1183
2 1 734 1 1054
2 1 1758 1 2078
2 1 1438 1 1758
2 1 1438 1 2078
2 1 1053 1 2013
2 1 1437 1 2077
2 1 1437 1 1757
2 1 1757 1 2077
2 1 925 1 2205
2 1 1436 1 2076
2 1 1180 1 1500
2 1 731 1 2011
2 1 1051 1 2011
2 1 731 1 1051
2 1 987 1 1307
2 1 1884 1 2204
2 1 924 1 1884
2 1 924 1 2204
2 1 730 1 2010
2 1 1754 1 2074
2 1 1434 1 1754
2 1 1434 1 2074
2 1 858 1 1498
2 1 1305 1 1625
2 1 729 1 1049
2 1 1881 1 2201
2 1 1048 1 2008
2 1 728 1 1048
2 1 728 1 2008
2 1 1752 1 2072
2 1 1432 1 1752
2 1 1432 1 2072
2 1 920 1 1880
2 1 920 1 2200
2 1 1880 1 2200
2 1 727 1 2007
2 1 1175 1 1495
2 1 1302 1 1622
2 1 919 1 1879
2 1 919 1 2199
2 1 1879 1 2199
2 1 981 1 1301
2 1 1301 1 1621
2 1 981 1 1621
2 1 854 1 1174
2 1 725 1 2005
2 1 1300 1 1620
2 1 980 1 1300
2 1 980 1 1620
2 1 1428 1 1748
2 1 1428 1 2068
2 1 1748 1 2068
2 1 978 1 1618
2 1 1171 1 1491
2 1 722 1 2002
2 1 1042 1 2002
2 1 722 1 1042
2 1 915 1 2195
2 1 721 1 2001
2 1 1041 1 2001
2 1 721 1 1041
2 1 1745 1 2065
2 1 720 1 2000
2 1 913 1 1873
2 1 1168 1 1488
2 1 975 1 1295
2 1 975 1 1615
2 1 1295 1 1615
2 1 912 1 2192
2 1 1871 1 2191
2 1 1294 1 1614
2 1 974 1 1614
2 1 974 1 1294
2 1 1167 1 1487
2 1 847 1 1487
2 1 847 1 1167
2 1 1742 1 2062
2 1 1166 1 1486
2 1 846 1 1166
2 1 846 1 1486
2 1 1870 1 2190
2 1 1037 1 1997
2 1 1036 1 1996
2 1 716 1 1036
2 1 716 1 1996
2 1 908 1 1868
2 1 1868 1 2188
2 1 908 1 2188
2 1 715 1 1995
2 1 907 1 1867
2 1 1867 1 2187
2 1 907 1 2187
2 1 970 1 1610
2 1 970 1 1290
2 1 1290 1 1610
2 1 843 1 1483
2 1 714 1 1994
2 1 842 1 1162
2 1 842 1 1482
2 1 1162 1 1482
2 1 1289 1 1609
2 1 1033 1 1993
2 1 713 1 1033
2 1 713 1 1993
2 1 1865 1 2185
2 1 712 1 1992
2 1 712 1 1032
2 1 1032 1 1992
2 1 1416 1 1736
2 1 1031 1 1991
2 1 711 1 1031
2 1 711 1 1991
2 1 1735 1 2055
2 1 710 1 1030
2 1 710 1 1990
2 1 1030 1 1990
2 1 903 1 1863
2 1 1863 1 2183
2 1 903 1 2183
2 1 1414 1 2054
2 1 709 1 1989
2 1 1029 1 1989
2 1 709 1 1029
2 1 902 1 1862
2 1 902 1 2182
2 1 1862 1 2182
2 1 901 1 1861
2 1 1412 1 2052
2 1 1412 1 1732
2 1 1732 1 2052
2 1 900 1 2180
2 1 900 1 1860
2 1 1860 1 2180
2 1 707 1 1027
2 1 1027 1 1987
2 1 707 1 1987
2 1 899 1 2179
2 1 1154 1 1474
2 1 834 1 1154
2 1 834 1 1474
2 1 898 1 2178
2 1 898 1 1858
2 1 1858 1 2178
2 1 1281 1 1601
2 1 960 1 1280
2 1 1280 1 1600
2 1 960 1 1600
2 1 1729 1 2049
2 1 833 1 1153
2 1 1153 1 1473
2 1 833 1 1473
2 1 1856 1 2176
3 1 603 1 1279 1 1919
3 1 470 1 1919 1 2239
3 1 493 1 1878 1 2198
3 1 415 1 1528 1 1848
3 1 478 1 1287 1 1927
3 1 468 1 1021 1 1981
3 1 472 1 1857 1 2177
3 1 521 1 781 1 1741
3 1 478 1 967 1 1927
3 1 372 1 1021 1 1341
3 1 521 1 781 1 2061
3 1 626 1 1238 1 1878
3 1 605 1 1217 1 1857
3 1 472 1 1281 1 1921
3 1 421 1 894 1 1854
3 1 547 1 807 1 1447
3 1 425 1 1474 1 1794
3 1 574 1 770 1 2050
3 1 360 1 1393 1 2033
3 1 536 1 796 1 1436
3 1 551 1 811 1 1451
3 1 338 1 1371 1 2011
3 1 559 1 819 1 1459
3 1 471 1 960 1 1920
3 1 415 1 888 1 1848
3 1 376 1 705 1 1345
3 1 606 1 1218 1 2178
3 1 435 1 1484 1 1804
3 1 558 1 818 1 1778
3 1 575 1 771 1 1411
3 1 338 1 731 1 1371
3 1 472 1 1601 1 1921
3 1 399 1 1192 1 1832
3 1 575 1 771 1 1731
3 1 578 1 934 1 1254
3 1 388 1 1181 1 1821
3 1 595 1 1271 1 2231
3 1 499 1 988 1 1948
3 1 338 1 1051 1 1371
3 1 387 1 1180 1 1820
3 1 565 1 825 1 2105
3 1 606 1 1218 1 1858
3 1 455 1 1328 1 1968
3 1 606 1 898 1 1218
3 1 571 1 831 1 1791
3 1 574 1 770 1 1410
3 1 332 1 1365 1 2005
3 1 387 1 1500 1 1820
3 1 533 1 793 1 1433
3 1 425 1 834 1 1794
3 1 353 1 1322 1 1642
3 1 425 1 1154 1 1794
3 1 516 1 776 1 1416
3 1 558 1 818 1 1458
3 1 483 1 1292 1 1932
3 1 568 1 828 1 1788
3 1 417 1 890 1 1850
3 1 449 1 1002 1 1962
3 1 568 1 828 1 1468
3 1 565 1 825 1 1785
3 1 547 1 807 1 2087
3 1 352 1 745 1 1385
3 1 514 1 774 1 2054
3 1 490 1 1619 1 1939
3 1 490 1 1299 1 1939
3 1 430 1 1159 1 1799
3 1 379 1 1028 1 1348
3 1 373 1 766 1 1406
3 1 541 1 801 1 1761
3 1 607 1 899 1 1219
3 1 612 1 904 1 1224
3 1 568 1 828 1 2108
3 1 358 1 1071 1 1391
3 1 564 1 824 1 1784
3 1 558 1 818 1 2098
3 1 382 1 1031 1 1351
3 1 593 1 949 1 1269
3 1 431 1 840 1 1800
3 1 567 1 827 1 1787
3 1 566 1 826 1 2106
3 1 334 1 1367 1 2007
3 1 573 1 769 1 2049
3 1 567 1 827 1 1467
3 1 426 1 1475 1 1795
3 1 565 1 825 1 1465
3 1 567 1 827 1 2107
3 1 562 1 822 1 2102
3 1 541 1 801 1 2081
3 1 431 1 1160 1 1800
3 1 564 1 824 1 2104
3 1 564 1 824 1 1464
3 1 566 1 826 1 1786
3 1 533 1 793 1 2073
3 1 533 1 793 1 1753
3 1 386 1 1435 1 1755
3 1 595 1 951 1 1271
3 1 601 1 1277 1 1917
3 1 386 1 1755 1 2075
3 1 535 1 795 1 1435
3 1 421 1 1214 1 1854
3 1 535 1 795 1 2075
3 1 413 1 1462 1 1782
3 1 553 1 813 1 1773
3 1 553 1 813 1 2093
3 1 554 1 814 1 2094
3 1 554 1 814 1 1454
3 1 554 1 814 1 1774
3 1 553 1 813 1 1453
3 1 413 1 1782 1 2102
3 1 562 1 822 1 1462
3 1 445 1 1174 1 1814
3 1 512 1 708 1 1028
3 1 536 1 796 1 2076
3 1 515 1 775 1 1735
3 1 569 1 829 1 1789
3 1 545 1 805 1 1765
3 1 343 1 736 1 1376
3 1 412 1 1205 1 1845
3 1 587 1 1263 1 1903
3 1 387 1 1756 1 2076
3 1 334 1 727 1 1367
