613 2240
2 1 1789 1 2109
2 1 1463 1 2103
2 1 1463 1 1783
2 1 1791 1 2111
2 1 1787 1 2107
2 1 1467 1 2107
2 1 1783 1 2103
2 1 1782 1 2102
2 1 1467 1 1787
2 1 1462 1 2102
2 1 1462 1 1782
2 1 1781 1 2101
2 1 1458 1 2098
2 1 1771 1 2091
2 1 1451 1 1771
2 1 1451 1 2091
2 1 1770 1 2090
2 1 1450 1 2090
2 1 1454 1 2094
2 1 1450 1 1770
2 1 1449 1 1769
2 1 1769 1 2089
2 1 1774 1 2094
2 1 1448 1 1768
2 1 1449 1 2089
2 1 1768 1 2088
2 1 1454 1 1774
2 1 1448 1 2088
2 1 1446 1 1766
2 1 1766 1 2086
2 1 1446 1 2086
2 1 1765 1 2085
2 1 1445 1 1765
2 1 1445 1 2085
2 1 1441 1 2081
2 1 1441 1 1761
2 1 1761 1 2081
2 1 1437 1 2077
2 1 1753 1 2073
2 1 1748 1 2068
2 1 1744 1 2064
2 1 1417 1 1737
2 1 1417 1 2057
2 1 1292 1 1612
2 1 972 1 1612
2 1 972 1 1292
2 1 1737 1 2057
2 1 962 1 1602
2 1 1282 1 1602
2 1 962 1 1282
2 1 1280 1 1600
2 1 960 1 1280
2 1 970 1 1290
2 1 960 1 1600
2 1 1022 1 1662
2 1 1018 1 1658
2 1 1338 1 1658
2 1 1018 1 1338
2 1 1465 1 1785
2 1 1014 1 1654
2 1 1013 1 1653
2 1 1013 1 1333
2 1 1333 1 1653
2 1 1460 1 1780
2 1 1011 1 1651
2 1 1009 1 1329
2 1 1009 1 1649
2 1 1329 1 1649
2 1 1455 1 1775
2 1 1007 1 1327
2 1 1002 1 1322
2 1 1002 1 1642
2 1 1322 1 1642
2 1 1001 1 1641
2 1 1321 1 1641
2 1 1001 1 1321
2 1 1000 1 1320
2 1 1000 1 1640
2 1 1320 1 1640
2 1 998 1 1638
2 1 993 1 1633
2 1 981 1 1621
2 1 1301 1 1621
2 1 981 1 1301
2 1 1300 1 1620
2 1 980 1 1620
2 1 1443 1 1763
2 1 980 1 1300
2 1 1155 1 1475
2 1 963 1 1603
2 1 1410 1 1730
2 1 1408 1 2048
2 1 895 1 1535
2 1 1790 1 2110
2 1 893 1 1213
2 1 1213 1 1533
2 1 1470 1 1790
2 1 893 1 1533
2 1 1470 1 2110
2 1 1466 1 1786
2 1 1466 1 2106
2 1 1786 1 2106
2 1 889 1 1529
2 1 888 1 1208
2 1 886 1 1526
2 1 885 1 1525
2 1 1205 1 1525
2 1 885 1 1205
2 1 884 1 1204
2 1 1330 1 1650
2 1 1010 1 1650
2 1 883 1 1203
2 1 1010 1 1330
2 1 880 1 1200
2 1 1204 1 1524
2 1 884 1 1524
2 1 878 1 1198
2 1 1453 1 2093
2 1 1773 1 2093
2 1 1453 1 1773
2 1 1006 1 1646
2 1 1005 1 1325
2 1 1005 1 1645
2 1 1325 1 1645
2 1 875 1 1195
2 1 1194 1 1514
2 1 874 1 1194
2 1 874 1 1514
2 1 873 1 1513
2 1 1192 1 1512
2 1 872 1 1192
2 1 872 1 1512
2 1 871 1 1511
2 1 869 1 1509
2 1 1317 1 1637
2 1 1444 1 1764
2 1 867 1 1187
2 1 866 1 1186
2 1 1185 1 1505
2 1 1312 1 1632
2 1 1439 1 1759
2 1 1184 1 1504
2 1 864 1 1504
2 1 864 1 1184
2 1 1438 1 2078
2 1 991 1 1311
2 1 1436 1 1756
2 1 861 1 1501
2 1 861 1 1181
2 1 1181 1 1501
2 1 1308 1 1628
2 1 1434 1 1754
2 1 856 1 1496
2 1 856 1 1176
2 1 1176 1 1496
2 1 857 1 1177
2 1 1304 1 1624
2 1 851 1 1171
2 1 1171 1 1491
2 1 851 1 1491
2 1 976 1 1616
2 1 976 1 1296
2 1 1169 1 1489
2 1 1296 1 1616
2 1 975 1 1295
2 1 1295 1 1615
2 1 975 1 1615
2 1 1165 1 1485
2 1 1291 1 1611
2 1 1164 1 1484
2 1 1738 1 2058
2 1 841 1 1161
2 1 841 1 1481
2 1 1161 1 1481
2 1 840 1 1160
2 1 840 1 1480
2 1 1160 1 1480
2 1 1735 1 2055
2 1 1287 1 1607
2 1 967 1 1287
2 1 967 1 1607
2 1 836 1 1476
2 1 896 1 1856
2 1 832 1 1152
2 1 1023 1 1663
2 1 766 1 2046
2 1 894 1 1214
2 1 894 1 1534
2 1 1214 1 1534
2 1 958 1 2238
2 1 958 1 1918
2 1 1918 1 2238
2 1 1341 1 1661
2 1 1085 1 2045
2 1 1917 1 2237
2 1 764 1 2044
2 1 1916 1 2236
2 1 956 1 1916
2 1 956 1 2236
2 1 1788 1 2108
2 1 892 1 1532
2 1 892 1 1212
2 1 1212 1 1532
2 1 1083 1 2043
2 1 1019 1 1339
2 1 1915 1 2235
2 1 1914 1 2234
2 1 954 1 2234
2 1 954 1 1914
2 1 1017 1 1337
2 1 890 1 1530
2 1 1081 1 2041
2 1 761 1 1081
2 1 761 1 2041
2 1 1913 1 2233
2 1 1464 1 2104
2 1 1784 1 2104
2 1 1464 1 1784
2 1 952 1 2232
2 1 1912 1 2232
2 1 952 1 1912
2 1 759 1 1079
2 1 1079 1 2039
2 1 759 1 2039
2 1 1078 1 2038
2 1 758 1 2038
2 1 758 1 1078
2 1 1911 1 2231
2 1 951 1 2231
2 1 951 1 1911
2 1 950 1 1910
2 1 950 1 2230
2 1 1910 1 2230
2 1 757 1 2037
2 1 757 1 1077
2 1 1077 1 2037
2 1 1909 1 2229
2 1 949 1 2229
2 1 949 1 1909
2 1 1076 1 2036
2 1 948 1 2228
2 1 948 1 1908
2 1 1908 1 2228
2 1 947 1 2227
2 1 1459 1 1779
2 1 1074 1 2034
2 1 753 1 2033
2 1 1906 1 2226
2 1 946 1 2226
2 1 946 1 1906
2 1 945 1 1905
2 1 1328 1 1648
2 1 1008 1 1328
2 1 1008 1 1648
2 1 881 1 1521
2 1 943 1 1903
2 1 750 1 1070
2 1 942 1 2222
2 1 877 1 1517
2 1 877 1 1197
2 1 1197 1 1517
2 1 1901 1 2221
2 1 941 1 1901
2 1 941 1 2221
2 1 748 1 2028
2 1 1003 1 1323
2 1 1196 1 1516
2 1 876 1 1516
2 1 876 1 1196
2 1 747 1 1067
2 1 938 1 2218
2 1 938 1 1898
2 1 1898 1 2218
2 1 745 1 1065
2 1 937 1 1897
2 1 937 1 2217
2 1 1897 1 2217
2 1 1064 1 2024
2 1 936 1 2216
2 1 936 1 1896
2 1 1896 1 2216
2 1 1063 1 2023
2 1 743 1 2023
2 1 743 1 1063
2 1 935 1 2215
2 1 742 1 1062
2 1 741 1 1061
2 1 934 1 1894
2 1 933 1 2213
2 1 1893 1 2213
2 1 933 1 1893
2 1 932 1 2212
2 1 995 1 1315
2 1 868 1 1508
2 1 739 1 1059
2 1 1059 1 2019
2 1 739 1 2019
2 1 1058 1 2018
2 1 1442 1 2082
2 1 930 1 2210
2 1 737 1 1057
2 1 1057 1 2017
2 1 737 1 2017
2 1 928 1 1888
2 1 928 1 2208
2 1 1888 1 2208
2 1 735 1 2015
2 1 990 1 1630
2 1 990 1 1310
2 1 1310 1 1630
2 1 1183 1 1503
2 1 862 1 1182
2 1 1053 1 2013
2 1 860 1 1180
2 1 860 1 1500
2 1 1180 1 1500
2 1 924 1 1884
2 1 1306 1 1626
2 1 859 1 1179
2 1 1883 1 2203
2 1 730 1 2010
2 1 985 1 1305
2 1 1049 1 2009
2 1 729 1 2009
2 1 729 1 1049
2 1 1048 1 2008
2 1 728 1 2008
2 1 728 1 1048
2 1 1752 1 2072
2 1 1432 1 1752
2 1 1432 1 2072
2 1 920 1 2200
2 1 727 1 2007
2 1 1302 1 1622
2 1 1175 1 1495
2 1 726 1 2006
2 1 726 1 1046
2 1 1046 1 2006
2 1 1879 1 2199
2 1 919 1 1879
2 1 919 1 2199
2 1 1430 1 2070
2 1 1045 1 2005
2 1 725 1 1045
2 1 725 1 2005
2 1 724 1 1044
2 1 917 1 1877
2 1 1043 1 2003
2 1 723 1 1043
2 1 723 1 2003
2 1 915 1 2195
2 1 915 1 1875
2 1 1875 1 2195
2 1 722 1 2002
2 1 1426 1 2066
2 1 721 1 2001
2 1 1041 1 2001
2 1 721 1 1041
2 1 720 1 1040
2 1 912 1 2192
2 1 911 1 2191
2 1 847 1 1487
2 1 1167 1 1487
2 1 847 1 1167
2 1 974 1 1294
2 1 1742 1 2062
2 1 846 1 1166
2 1 1870 1 2190
2 1 1037 1 1997
2 1 1421 1 2061
2 1 716 1 1996
2 1 1036 1 1996
2 1 716 1 1036
2 1 1869 1 2189
2 1 1740 1 2060
2 1 715 1 1035
2 1 908 1 1868
2 1 714 1 1994
2 1 1867 1 2187
2 1 907 1 1867
2 1 907 1 2187
2 1 1162 1 1482
2 1 842 1 1482
2 1 842 1 1162
2 1 906 1 1866
2 1 1033 1 1993
2 1 1865 1 2185
2 1 712 1 1032
2 1 1032 1 1992
2 1 712 1 1992
2 1 904 1 2184
2 1 1416 1 1736
2 1 1416 1 2056
2 1 1736 1 2056
2 1 711 1 1991
2 1 1159 1 1479
2 1 966 1 1286
2 1 1286 1 1606
2 1 966 1 1606
2 1 710 1 1990
2 1 1863 1 2183
2 1 903 1 2183
2 1 903 1 1863
2 1 1862 1 2182
2 1 965 1 1285
2 1 965 1 1605
2 1 1285 1 1605
2 1 838 1 1478
2 1 709 1 1989
2 1 964 1 1604
2 1 964 1 1284
2 1 1284 1 1604
2 1 1028 1 1988
2 1 1861 1 2181
2 1 1412 1 2052
2 1 1732 1 2052
2 1 1412 1 1732
2 1 707 1 1027
2 1 1027 1 1987
2 1 707 1 1987
2 1 1411 1 2051
2 1 706 1 1986
2 1 899 1 2179
2 1 899 1 1859
2 1 1859 1 2179
2 1 1025 1 1985
2 1 705 1 1985
2 1 705 1 1025
2 1 898 1 1858
2 1 1857 1 2177
2 1 704 1 1984
3 1 417 1 1530 1 1850
3 1 584 1 1260 1 2220
3 1 610 1 1222 1 2182
3 1 608 1 1156 1 1476
3 1 571 1 831 1 1791
3 1 608 1 836 1 1156
3 1 610 1 1222 1 1862
3 1 589 1 945 1 1265
3 1 550 1 746 1 1066
3 1 541 1 801 1 2081
3 1 541 1 801 1 1761
3 1 537 1 797 1 2077
3 1 598 1 890 1 1210
3 1 452 1 1645 1 1965
3 1 551 1 811 1 2091
3 1 541 1 801 1 1441
3 1 589 1 1265 1 1905
3 1 537 1 797 1 1437
3 1 571 1 767 1 1087
3 1 551 1 811 1 1771
3 1 592 1 948 1 1268
3 1 370 1 1403 1 2043
3 1 594 1 1206 1 1526
3 1 388 1 1757 1 2077
3 1 374 1 1087 1 1407
3 1 594 1 886 1 1206
3 1 563 1 823 1 2103
3 1 456 1 1905 1 2225
3 1 563 1 823 1 1463
3 1 563 1 823 1 1783
3 1 621 1 1233 1 1873
3 1 568 1 828 1 2108
3 1 632 1 924 1 1244
3 1 598 1 1210 1 1530
3 1 599 1 1275 1 1915
3 1 426 1 1475 1 1795
3 1 543 1 803 1 1443
3 1 467 1 1020 1 1980
3 1 567 1 763 1 1083
3 1 353 1 1066 1 1386
3 1 388 1 1437 1 1757
3 1 469 1 1662 1 1982
3 1 597 1 1209 1 1529
3 1 399 1 872 1 1832
3 1 370 1 1083 1 1403
3 1 588 1 1264 1 1904
3 1 456 1 945 1 2225
3 1 333 1 1046 1 1366
3 1 566 1 826 1 1786
3 1 407 1 1456 1 1776
3 1 464 1 1017 1 1977
3 1 471 1 960 1 1920
3 1 503 1 1312 1 1952
3 1 570 1 830 1 1790
3 1 416 1 889 1 1849
3 1 605 1 1217 1 2177
3 1 371 1 1020 1 1340
3 1 387 1 1180 1 1820
3 1 334 1 1367 1 2007
3 1 432 1 841 1 1801
3 1 567 1 763 1 2043
3 1 603 1 1215 1 1535
3 1 456 1 1009 1 1969
3 1 599 1 1211 1 1531
3 1 635 1 927 1 1247
3 1 334 1 727 1 1367
3 1 551 1 811 1 1451
3 1 554 1 814 1 1454
3 1 554 1 814 1 1774
3 1 571 1 831 1 2111
3 1 569 1 829 1 2109
3 1 561 1 821 1 2101
3 1 479 1 1608 1 1928
3 1 562 1 822 1 2102
3 1 561 1 821 1 1781
3 1 409 1 1458 1 1778
3 1 409 1 1778 1 2098
3 1 554 1 814 1 2094
3 1 566 1 826 1 2106
3 1 569 1 829 1 1789
3 1 562 1 822 1 1782
3 1 432 1 1161 1 1801
3 1 562 1 822 1 1462
3 1 549 1 809 1 2089
3 1 550 1 810 1 1770
3 1 417 1 890 1 1850
3 1 558 1 818 1 2098
3 1 558 1 818 1 1458
3 1 549 1 809 1 1449
3 1 549 1 809 1 1769
3 1 567 1 827 1 2107
3 1 550 1 810 1 1450
3 1 550 1 810 1 2090
3 1 466 1 1019 1 1979
3 1 567 1 827 1 1787
3 1 600 1 1276 1 2236
3 1 567 1 827 1 1467
3 1 599 1 1275 1 2235
3 1 612 1 904 1 1224
3 1 600 1 1276 1 1916
3 1 481 1 1290 1 1930
3 1 612 1 1224 1 2184
3 1 533 1 793 1 2073
3 1 512 1 772 1 1732
3 1 570 1 830 1 2110
3 1 555 1 815 1 1455
3 1 517 1 777 1 1417
3 1 628 1 920 1 1240
3 1 606 1 1154 1 1474
3 1 570 1 830 1 1470
3 1 481 1 970 1 1930
3 1 517 1 777 1 2057
3 1 613 1 1225 1 1865
3 1 600 1 956 1 1276
3 1 465 1 1658 1 1978
3 1 512 1 772 1 2052
3 1 402 1 1195 1 1835
3 1 380 1 709 1 1349
3 1 566 1 826 1 1466
3 1 374 1 1343 1 1663
3 1 455 1 1328 1 1968
3 1 517 1 777 1 1737
3 1 488 1 1873 1 2193
3 1 413 1 886 1 1846
3 1 603 1 895 1 1215
3 1 373 1 1406 1 2046
3 1 512 1 772 1 1412
3 1 387 1 860 1 1820
3 1 471 1 1280 1 1920
3 1 518 1 778 1 1738
3 1 374 1 1023 1 1343
3 1 442 1 851 1 1811
3 1 572 1 768 1 2048
3 1 430 1 1479 1 1799
3 1 544 1 804 1 1444
3 1 587 1 879 1 1199
3 1 392 1 1185 1 1825
3 1 489 1 914 1 2194
3 1 365 1 1078 1 1398
3 1 414 1 1527 1 1847
3 1 429 1 838 1 1798
3 1 568 1 828 1 1788
3 1 618 1 1230 1 1870
3 1 499 1 1884 1 2204
3 1 516 1 776 1 1736
3 1 516 1 776 1 1416
3 1 340 1 1053 1 1373
3 1 516 1 776 1 2056
3 1 471 1 1600 1 1920
3 1 418 1 1531 1 1851
3 1 416 1 1529 1 1849
3 1 429 1 1478 1 1798
3 1 375 1 1344 1 1984
3 1 447 1 1496 1 1816
3 1 465 1 1018 1 1978
3 1 349 1 1318 1 1638
3 1 378 1 1027 1 1347
3 1 528 1 788 1 2068
3 1 529 1 789 1 1429
3 1 449 1 1322 1 1962
3 1 372 1 1085 1 1405
3 1 595 1 1207 1 1527
3 1 480 1 1289 1 1929
3 1 637 1 929 1 1249
3 1 394 1 867 1 1827
3 1 381 1 1350 1 1990
3 1 447 1 856 1 1816
3 1 497 1 1306 1 1946
3 1 381 1 710 1 1350
3 1 395 1 868 1 1828
3 1 342 1 1375 1 2015
3 1 501 1 1310 1 1950
3 1 513 1 773 1 2053
3 1 501 1 990 1 1950
3 1 449 1 1002 1 1962
3 1 589 1 881 1 1201
3 1 419 1 1532 1 1852
3 1 465 1 1338 1 1978
3 1 634 1 1246 1 2206
3 1 625 1 1237 1 1877
3 1 632 1 1244 1 1884
3 1 542 1 802 1 1442
