637 2240
2 1 1790 1 2110
2 1 1789 1 2109
2 1 1469 1 1789
2 1 1469 1 2109
2 1 1468 1 1788
2 1 1788 1 2108
2 1 1468 1 2108
2 1 1461 1 2101
2 1 1776 1 2096
2 1 1451 1 1771
2 1 1785 1 2105
2 1 1771 1 2091
2 1 1451 1 2091
2 1 1449 1 2089
2 1 1767 1 2087
2 1 1465 1 1785
2 1 1465 1 2105
2 1 1751 1 2071
2 1 1430 1 2070
2 1 1430 1 1750
2 1 1750 1 2070
2 1 1749 1 2069
2 1 1422 1 2062
2 1 1418 1 2058
2 1 1418 1 1738
2 1 1738 1 2058
2 1 1732 1 2052
2 1 1410 1 1730
2 1 1730 1 2050
2 1 1410 1 2050
2 1 1409 1 2049
2 1 1408 1 1728
2 1 1729 1 2049
2 1 1728 1 2048
2 1 1408 1 2048
2 1 1423 1 1743
2 1 969 1 1609
2 1 1409 1 1729
2 1 1416 1 1736
2 1 1415 1 1735
2 1 1293 1 1613
2 1 1288 1 1608
2 1 968 1 1288
2 1 968 1 1608
2 1 963 1 1283
2 1 1411 1 1731
2 1 973 1 1613
2 1 962 1 1602
2 1 961 1 1601
2 1 1343 1 1663
2 1 1023 1 1343
2 1 1023 1 1663
2 1 1471 1 1791
2 1 1022 1 1342
2 1 1021 1 1661
2 1 1340 1 1660
2 1 1467 1 1787
2 1 1016 1 1336
2 1 1336 1 1656
2 1 1016 1 1656
2 1 1464 1 1784
2 1 1014 1 1334
2 1 1004 1 1324
2 1 1006 1 1326
2 1 1324 1 1644
2 1 1004 1 1644
2 1 1320 1 1640
2 1 1318 1 1638
2 1 1313 1 1633
2 1 1311 1 1631
2 1 1442 1 1762
2 1 982 1 1622
2 1 979 1 1299
2 1 835 1 1475
2 1 834 1 1154
2 1 833 1 1153
2 1 1153 1 1473
2 1 833 1 1473
2 1 832 1 1472
2 1 893 1 1533
2 1 895 1 1215
2 1 1215 1 1535
2 1 892 1 1532
2 1 895 1 1535
2 1 891 1 1211
2 1 1211 1 1531
2 1 891 1 1531
2 1 1466 1 2106
2 1 1019 1 1659
2 1 1301 1 1621
2 1 1209 1 1529
2 1 889 1 1209
2 1 889 1 1529
2 1 888 1 1208
2 1 888 1 1528
2 1 1208 1 1528
2 1 887 1 1207
2 1 1015 1 1335
2 1 1015 1 1655
2 1 1335 1 1655
2 1 885 1 1205
2 1 1460 1 1780
2 1 1460 1 2100
2 1 1780 1 2100
2 1 1779 1 2099
2 1 1459 1 2099
2 1 1459 1 1779
2 1 1332 1 1652
2 1 1458 1 1778
2 1 881 1 1201
2 1 880 1 1200
2 1 879 1 1199
2 1 879 1 1519
2 1 1199 1 1519
2 1 1195 1 1515
2 1 1323 1 1643
2 1 1193 1 1513
2 1 872 1 1512
2 1 872 1 1192
2 1 1192 1 1512
2 1 871 1 1191
2 1 999 1 1639
2 1 999 1 1319
2 1 1319 1 1639
2 1 1188 1 1508
2 1 1316 1 1636
2 1 1186 1 1506
2 1 1184 1 1504
2 1 1183 1 1503
2 1 1757 1 2077
2 1 990 1 1630
2 1 990 1 1310
2 1 1310 1 1630
2 1 1309 1 1629
2 1 1179 1 1499
2 1 1306 1 1626
2 1 986 1 1306
2 1 986 1 1626
2 1 1175 1 1495
2 1 854 1 1494
2 1 1305 1 1625
2 1 1174 1 1494
2 1 854 1 1174
2 1 853 1 1493
2 1 980 1 1620
2 1 852 1 1172
2 1 852 1 1492
2 1 1172 1 1492
2 1 1300 1 1620
2 1 1747 1 2067
2 1 980 1 1300
2 1 850 1 1490
2 1 1745 1 2065
2 1 1168 1 1488
2 1 848 1 1488
2 1 848 1 1168
2 1 1167 1 1487
2 1 1741 1 2061
2 1 1294 1 1614
2 1 974 1 1614
2 1 974 1 1294
2 1 973 1 1293
2 1 839 1 1159
2 1 1163 1 1483
2 1 841 1 1481
2 1 844 1 1484
2 1 1414 1 1734
2 1 1734 1 2054
2 1 1414 1 2054
2 1 967 1 1287
2 1 966 1 1606
2 1 896 1 2176
2 1 896 1 1856
2 1 1856 1 2176
2 1 1087 1 2047
2 1 767 1 1087
2 1 767 1 2047
2 1 959 1 1919
2 1 959 1 2239
2 1 1919 1 2239
2 1 958 1 1918
2 1 1918 1 2238
2 1 958 1 2238
2 1 957 1 2237
2 1 957 1 1917
2 1 1917 1 2237
2 1 956 1 1916
2 1 956 1 2236
2 1 1916 1 2236
2 1 1008 1 1328
2 1 763 1 1083
2 1 955 1 2235
2 1 762 1 2042
2 1 954 1 2234
2 1 890 1 1210
2 1 760 1 1080
2 1 952 1 2232
2 1 1463 1 1783
2 1 1463 1 2103
2 1 1783 1 2103
2 1 951 1 1911
2 1 1911 1 2231
2 1 951 1 2231
2 1 1077 1 2037
2 1 1013 1 1333
2 1 950 1 2230
2 1 884 1 1204
2 1 1204 1 1524
2 1 884 1 1524
2 1 948 1 1908
2 1 1330 1 1650
2 1 883 1 1203
2 1 883 1 1523
2 1 1203 1 1523
2 1 1907 1 2227
2 1 1329 1 1649
2 1 882 1 1522
2 1 1073 1 2033
2 1 753 1 1073
2 1 753 1 2033
2 1 752 1 1072
2 1 1071 1 2031
2 1 1455 1 2095
2 1 943 1 2223
2 1 750 1 2030
2 1 1005 1 1645
2 1 1325 1 1645
2 1 1198 1 1518
2 1 1005 1 1325
2 1 749 1 2029
2 1 749 1 1069
2 1 1069 1 2029
2 1 942 1 1902
2 1 1453 1 1773
2 1 748 1 1068
2 1 1772 1 2092
2 1 1452 1 2092
2 1 1452 1 1772
2 1 1067 1 2027
2 1 940 1 2220
2 1 939 1 2219
2 1 1321 1 1641
2 1 1450 1 2090
2 1 874 1 1194
2 1 874 1 1514
2 1 1194 1 1514
2 1 938 1 2218
2 1 745 1 2025
2 1 1065 1 2025
2 1 745 1 1065
2 1 744 1 1064
2 1 1063 1 2023
2 1 743 1 2023
2 1 743 1 1063
2 1 1190 1 1510
2 1 870 1 1510
2 1 870 1 1190
2 1 1317 1 1637
2 1 934 1 2214
2 1 741 1 2021
2 1 1061 1 2021
2 1 741 1 1061
2 1 740 1 1060
2 1 1893 1 2213
2 1 1444 1 2084
2 1 1763 1 2083
2 1 1187 1 1507
2 1 738 1 1058
2 1 1058 1 2018
2 1 738 1 2018
2 1 994 1 1314
2 1 931 1 1891
2 1 737 1 2017
2 1 1890 1 2210
2 1 1312 1 1632
2 1 1441 1 2081
2 1 865 1 1185
2 1 929 1 2209
2 1 1889 1 2209
2 1 929 1 1889
2 1 736 1 2016
2 1 736 1 1056
2 1 1056 1 2016
2 1 1440 1 2080
2 1 735 1 1055
2 1 1055 1 2015
2 1 735 1 2015
2 1 927 1 1887
2 1 734 1 1054
2 1 1054 1 2014
2 1 734 1 2014
2 1 1758 1 2078
2 1 1181 1 1501
2 1 988 1 1628
2 1 988 1 1308
2 1 1308 1 1628
2 1 732 1 2012
2 1 1885 1 2205
2 1 925 1 2205
2 1 925 1 1885
2 1 987 1 1627
2 1 860 1 1500
2 1 860 1 1180
2 1 1180 1 1500
2 1 731 1 1051
2 1 1051 1 2011
2 1 731 1 2011
2 1 1435 1 1755
2 1 730 1 2010
2 1 1050 1 2010
2 1 730 1 1050
2 1 729 1 2009
2 1 1882 1 2202
2 1 922 1 2202
2 1 922 1 1882
2 1 984 1 1304
2 1 984 1 1624
2 1 1304 1 1624
2 1 728 1 2008
2 1 921 1 1881
2 1 856 1 1176
2 1 1176 1 1496
2 1 856 1 1496
2 1 1047 1 2007
2 1 726 1 2006
2 1 726 1 1046
2 1 1046 1 2006
2 1 1878 1 2198
2 1 918 1 1878
2 1 918 1 2198
2 1 1045 1 2005
2 1 725 1 2005
2 1 725 1 1045
2 1 917 1 1877
2 1 1877 1 2197
2 1 917 1 2197
2 1 724 1 1044
2 1 1044 1 2004
2 1 724 1 2004
2 1 1748 1 2068
2 1 916 1 2196
2 1 1876 1 2196
2 1 916 1 1876
2 1 978 1 1618
2 1 1042 1 2002
2 1 915 1 1875
2 1 1875 1 2195
2 1 915 1 2195
2 1 1426 1 2066
2 1 1874 1 2194
2 1 721 1 2001
2 1 1169 1 1489
2 1 720 1 2000
2 1 1040 1 2000
2 1 720 1 1040
2 1 1424 1 1744
2 1 1744 1 2064
2 1 1424 1 2064
2 1 1872 1 2192
2 1 719 1 1039
2 1 1038 1 1998
2 1 911 1 2191
2 1 911 1 1871
2 1 1871 1 2191
2 1 910 1 1870
2 1 910 1 2190
2 1 1870 1 2190
2 1 717 1 1997
2 1 909 1 1869
2 1 972 1 1292
2 1 972 1 1612
2 1 1292 1 1612
2 1 845 1 1485
2 1 1036 1 1996
2 1 1420 1 1740
2 1 1740 1 2060
2 1 1420 1 2060
2 1 1868 1 2188
2 1 1035 1 1995
2 1 714 1 1994
2 1 1034 1 1994
2 1 714 1 1034
2 1 1867 1 2187
2 1 907 1 2187
2 1 907 1 1867
2 1 713 1 1033
2 1 713 1 1993
2 1 1033 1 1993
2 1 906 1 2186
2 1 906 1 1866
2 1 1866 1 2186
2 1 1865 1 2185
2 1 905 1 2185
2 1 905 1 1865
2 1 712 1 1032
2 1 1032 1 1992
2 1 712 1 1992
2 1 904 1 1864
2 1 903 1 2183
2 1 903 1 1863
2 1 1863 1 2183
2 1 902 1 1862
2 1 902 1 2182
2 1 1862 1 2182
2 1 965 1 1605
2 1 838 1 1158
2 1 1861 1 2181
2 1 964 1 1604
2 1 964 1 1284
2 1 1284 1 1604
2 1 708 1 1028
2 1 1733 1 2053
2 1 837 1 1477
2 1 707 1 1987
2 1 1027 1 1987
2 1 707 1 1027
2 1 1860 1 2180
2 1 899 1 2179
2 1 898 1 2178
2 1 1858 1 2178
2 1 898 1 1858
2 1 1025 1 1985
2 1 897 1 2177
2 1 1857 1 2177
2 1 897 1 1857
2 1 704 1 1984
2 1 1024 1 1984
2 1 704 1 1024
3 1 610 1 1222 1 2182
3 1 472 1 961 1 1921
3 1 551 1 811 1 2091
3 1 551 1 811 1 1451
3 1 392 1 1761 1 2081
3 1 525 1 785 1 2065
3 1 472 1 1601 1 1921
3 1 561 1 757 1 1077
3 1 572 1 768 1 1408
3 1 596 1 1272 1 2232
3 1 453 1 1326 1 1966
3 1 617 1 1229 1 1869
3 1 551 1 811 1 1771
3 1 376 1 961 1 1281
3 1 592 1 1268 1 1908
3 1 596 1 952 1 1272
3 1 590 1 1266 1 2226
3 1 502 1 1311 1 1951
3 1 361 1 754 1 1394
3 1 570 1 830 1 1790
3 1 415 1 888 1 1848
3 1 339 1 732 1 1372
3 1 530 1 790 1 2070
3 1 570 1 830 1 2110
3 1 572 1 768 1 1728
3 1 453 1 1006 1 1966
3 1 386 1 1179 1 1819
3 1 572 1 768 1 2048
3 1 386 1 1499 1 1819
3 1 613 1 1225 1 1865
3 1 400 1 1449 1 1769
3 1 525 1 785 1 1745
3 1 364 1 1397 1 2037
3 1 561 1 757 1 2037
3 1 364 1 1077 1 1397
3 1 547 1 807 1 2087
3 1 547 1 807 1 1767
3 1 400 1 1769 1 2089
3 1 470 1 1023 1 1983
3 1 566 1 826 1 2106
3 1 549 1 809 1 2089
3 1 549 1 809 1 1449
3 1 561 1 821 1 2101
3 1 470 1 1343 1 1983
3 1 551 1 747 1 1067
3 1 417 1 1466 1 1786
3 1 594 1 1270 1 2230
3 1 593 1 1269 1 1909
3 1 561 1 821 1 1461
3 1 566 1 826 1 1466
3 1 531 1 791 1 1751
3 1 531 1 791 1 2071
3 1 411 1 1204 1 1844
3 1 565 1 825 1 2105
3 1 565 1 825 1 1465
3 1 565 1 825 1 1785
3 1 560 1 820 1 1780
3 1 412 1 1781 1 2101
3 1 556 1 816 1 2096
3 1 470 1 1663 1 1983
3 1 412 1 1461 1 1781
3 1 556 1 816 1 1776
3 1 535 1 795 1 1755
3 1 417 1 890 1 1850
3 1 417 1 1210 1 1850
3 1 622 1 1234 1 1874
3 1 560 1 820 1 1460
3 1 530 1 790 1 1430
3 1 529 1 789 1 1749
3 1 569 1 829 1 1789
3 1 609 1 1157 1 1477
3 1 529 1 789 1 2069
3 1 530 1 790 1 1750
3 1 569 1 829 1 1469
3 1 569 1 829 1 2109
3 1 568 1 828 1 2108
3 1 560 1 820 1 2100
3 1 411 1 1524 1 1844
3 1 568 1 828 1 1468
3 1 568 1 828 1 1788
3 1 538 1 798 1 1758
3 1 538 1 798 1 2078
3 1 511 1 1640 1 1960
3 1 532 1 792 1 2072
3 1 601 1 1213 1 1533
3 1 594 1 1206 1 1526
3 1 435 1 844 1 1804
3 1 435 1 1484 1 1804
3 1 326 1 975 1 1295
3 1 461 1 1334 1 1974
3 1 580 1 936 1 1256
3 1 520 1 780 1 2060
3 1 320 1 969 1 1289
3 1 363 1 756 1 1396
3 1 376 1 1281 1 1601
3 1 520 1 780 1 1740
3 1 454 1 1647 1 1967
3 1 378 1 1027 1 1347
3 1 573 1 769 1 2049
3 1 428 1 837 1 1797
3 1 557 1 817 1 1457
3 1 437 1 1742 1 2062
3 1 587 1 1263 1 2223
3 1 405 1 1454 1 1774
3 1 478 1 1287 1 1927
3 1 411 1 884 1 1844
3 1 425 1 1154 1 1794
3 1 502 1 1631 1 1951
3 1 555 1 815 1 1455
3 1 520 1 780 1 1420
3 1 324 1 1357 1 1997
3 1 555 1 815 1 2095
3 1 604 1 832 1 1152
3 1 506 1 1315 1 1955
3 1 493 1 982 1 1942
3 1 406 1 1775 1 2095
3 1 406 1 1455 1 1775
3 1 581 1 1257 1 1897
3 1 617 1 909 1 1229
3 1 324 1 717 1 1357
3 1 442 1 1491 1 1811
3 1 461 1 1014 1 1974
3 1 631 1 1243 1 1883
3 1 367 1 1080 1 1400
3 1 448 1 1641 1 1961
3 1 358 1 1327 1 1647
3 1 574 1 706 1 1026
3 1 425 1 834 1 1794
3 1 493 1 1622 1 1942
3 1 511 1 936 1 2216
3 1 395 1 1508 1 1828
3 1 571 1 831 1 1471
3 1 375 1 960 1 1280
3 1 571 1 831 1 1791
3 1 469 1 1022 1 1982
3 1 333 1 1302 1 1622
3 1 633 1 1245 1 1885
3 1 498 1 1883 1 2203
3 1 574 1 770 1 1730
3 1 638 1 1250 1 1890
3 1 469 1 1342 1 1982
3 1 522 1 782 1 1422
3 1 522 1 782 1 2062
3 1 437 1 1422 1 1742
3 1 602 1 894 1 1214
3 1 376 1 1345 1 1985
3 1 423 1 1472 1 1792
3 1 445 1 1494 1 1814
3 1 589 1 1265 1 2225
3 1 445 1 854 1 1814
3 1 375 1 1024 1 1344
3 1 334 1 1047 1 1367
3 1 617 1 1165 1 1485
3 1 471 1 960 1 1920
3 1 422 1 1535 1 1855
3 1 344 1 737 1 1377
3 1 473 1 1602 1 1922
3 1 603 1 1279 1 2239
3 1 455 1 1328 1 1968
3 1 329 1 1362 1 2002
3 1 390 1 1759 1 2079
3 1 531 1 727 1 2007
3 1 482 1 971 1 1931
3 1 605 1 1217 1 1857
3 1 605 1 897 1 1217
3 1 392 1 1441 1 1761
3 1 574 1 770 1 2050
3 1 574 1 770 1 1410
3 1 569 1 765 1 1085
3 1 615 1 1227 1 2187
3 1 378 1 707 1 1347
3 1 366 1 1079 1 1399
3 1 625 1 1237 1 2197
3 1 604 1 1216 1 2176
3 1 377 1 1026 1 1346
3 1 526 1 722 1 1042
3 1 424 1 1473 1 1793
3 1 607 1 899 1 1219
3 1 583 1 1259 1 2219
3 1 337 1 1370 1 2010
3 1 607 1 1219 1 2179
3 1 609 1 1221 1 2181
3 1 440 1 1169 1 1809
3 1 320 1 1289 1 1609
3 1 480 1 1609 1 1929
3 1 448 1 1321 1 1961
3 1 605 1 1217 1 2177
3 1 573 1 705 1 1025
3 1 573 1 769 1 1729
3 1 573 1 769 1 1409
3 1 376 1 1025 1 1345
3 1 573 1 705 1 1985
3 1 609 1 1221 1 1861
3 1 322 1 971 1 1291
3 1 406 1 1519 1 1839
3 1 406 1 1199 1 1839
3 1 406 1 879 1 1839
3 1 616 1 844 1 1164
3 1 367 1 760 1 1400
3 1 480 1 969 1 1929
3 1 357 1 750 1 1390
3 1 347 1 1060 1 1380
3 1 431 1 840 1 1800
3 1 433 1 1162 1 1802
3 1 409 1 1522 1 1842
3 1 446 1 1495 1 1815
3 1 511 1 1320 1 1960
3 1 590 1 882 1 1202
3 1 496 1 1305 1 1945
