734 2240
2 1 1787 1 2107
2 1 1785 1 2105
2 1 1783 1 2103
2 1 1781 1 2101
2 1 1780 1 2100
2 1 1460 1 1780
2 1 1460 1 2100
2 1 1456 1 2096
2 1 1776 1 2096
2 1 1456 1 1776
2 1 1454 1 1774
2 1 1774 1 2094
2 1 1454 1 2094
2 1 1772 1 2092
2 1 1452 1 1772
2 1 1452 1 2092
2 1 1450 1 2090
2 1 1445 1 2085
2 1 1445 1 1765
2 1 1450 1 1770
2 1 1765 1 2085
2 1 1770 1 2090
2 1 1764 1 2084
2 1 1444 1 2084
2 1 1763 1 2083
2 1 1444 1 1764
2 1 1443 1 1763
2 1 1443 1 2083
2 1 1762 1 2082
2 1 1437 1 2077
2 1 1437 1 1757
2 1 1439 1 2079
2 1 1757 1 2077
2 1 1433 1 1753
2 1 1433 1 2073
2 1 1753 1 2073
2 1 1423 1 1743
2 1 973 1 1293
2 1 1289 1 1609
2 1 1295 1 1615
2 1 1293 1 1613
2 1 973 1 1613
2 1 1291 1 1611
2 1 1416 1 1736
2 1 1288 1 1608
2 1 1287 1 1607
2 1 1285 1 1605
2 1 1284 1 1604
2 1 1283 1 1603
2 1 1281 1 1601
2 1 1343 1 1663
2 1 1018 1 1338
2 1 1018 1 1658
2 1 1338 1 1658
2 1 1016 1 1656
2 1 1334 1 1654
2 1 1014 1 1654
2 1 1014 1 1334
2 1 1009 1 1329
2 1 1007 1 1327
2 1 1453 1 1773
2 1 1324 1 1644
2 1 1003 1 1643
2 1 1001 1 1641
2 1 1001 1 1321
2 1 1321 1 1641
2 1 999 1 1639
2 1 1319 1 1639
2 1 999 1 1319
2 1 1318 1 1638
2 1 1317 1 1637
2 1 1446 1 1766
2 1 997 1 1637
2 1 997 1 1317
2 1 996 1 1636
2 1 1316 1 1636
2 1 996 1 1316
2 1 1315 1 1635
2 1 1313 1 1633
2 1 1311 1 1631
2 1 990 1 1310
2 1 989 1 1309
2 1 989 1 1629
2 1 1309 1 1629
2 1 1304 1 1624
2 1 982 1 1622
2 1 987 1 1307
2 1 1302 1 1622
2 1 987 1 1627
2 1 1307 1 1627
2 1 982 1 1302
2 1 980 1 1620
2 1 980 1 1300
2 1 1300 1 1620
2 1 1154 1 1474
2 1 1152 1 1472
2 1 1341 1 1661
2 1 1282 1 1602
2 1 1021 1 1661
2 1 1021 1 1341
2 1 1209 1 1529
2 1 888 1 1528
2 1 887 1 1527
2 1 1012 1 1652
2 1 1779 1 2099
2 1 1202 1 1522
2 1 882 1 1202
2 1 882 1 1522
2 1 884 1 1524
2 1 884 1 1204
2 1 1204 1 1524
2 1 1457 1 2097
2 1 1457 1 1777
2 1 1777 1 2097
2 1 880 1 1520
2 1 878 1 1518
2 1 1197 1 1517
2 1 877 1 1517
2 1 877 1 1197
2 1 876 1 1196
2 1 875 1 1195
2 1 875 1 1515
2 1 1195 1 1515
2 1 874 1 1194
2 1 1322 1 1642
2 1 1002 1 1642
2 1 1002 1 1322
2 1 1191 1 1511
2 1 869 1 1189
2 1 868 1 1188
2 1 868 1 1508
2 1 1188 1 1508
2 1 867 1 1507
2 1 1314 1 1634
2 1 994 1 1314
2 1 994 1 1634
2 1 865 1 1505
2 1 1185 1 1505
2 1 865 1 1185
2 1 1186 1 1506
2 1 866 1 1186
2 1 866 1 1506
2 1 1184 1 1504
2 1 863 1 1183
2 1 862 1 1182
2 1 862 1 1502
2 1 1182 1 1502
2 1 1181 1 1501
2 1 860 1 1500
2 1 1179 1 1499
2 1 1177 1 1497
2 1 1432 1 2072
2 1 855 1 1495
2 1 855 1 1175
2 1 1175 1 1495
2 1 853 1 1173
2 1 1298 1 1618
2 1 848 1 1168
2 1 1167 1 1487
2 1 846 1 1166
2 1 1165 1 1485
2 1 1164 1 1484
2 1 1419 1 1739
2 1 842 1 1162
2 1 1161 1 1481
2 1 1160 1 1480
2 1 839 1 1159
2 1 1158 1 1478
2 1 1728 1 2048
2 1 1215 1 1535
2 1 1022 1 1342
2 1 1022 1 1662
2 1 1342 1 1662
2 1 766 1 2046
2 1 766 1 1086
2 1 1086 1 2046
2 1 1156 1 1476
2 1 959 1 2239
2 1 1919 1 2239
2 1 959 1 1919
2 1 765 1 2045
2 1 1340 1 1660
2 1 1020 1 1340
2 1 1020 1 1660
2 1 1789 1 2109
2 1 957 1 1917
2 1 1917 1 2237
2 1 957 1 2237
2 1 1788 1 2108
2 1 1083 1 2043
2 1 763 1 2043
2 1 763 1 1083
2 1 1916 1 2236
2 1 762 1 2042
2 1 1915 1 2235
2 1 954 1 2234
2 1 1914 1 2234
2 1 954 1 1914
2 1 1017 1 1657
2 1 1786 1 2106
2 1 890 1 1530
2 1 761 1 1081
2 1 760 1 2040
2 1 1080 1 2040
2 1 760 1 1080
2 1 1913 1 2233
2 1 952 1 2232
2 1 1912 1 2232
2 1 952 1 1912
2 1 1079 1 2039
2 1 951 1 1911
2 1 1910 1 2230
2 1 950 1 2230
2 1 950 1 1910
2 1 886 1 1526
2 1 1077 1 2037
2 1 948 1 2228
2 1 947 1 2227
2 1 1203 1 1523
2 1 883 1 1203
2 1 883 1 1523
2 1 754 1 1074
2 1 1010 1 1650
2 1 1458 1 2098
2 1 1906 1 2226
2 1 1008 1 1328
2 1 1328 1 1648
2 1 1008 1 1648
2 1 1072 1 2032
2 1 945 1 1905
2 1 1904 1 2224
2 1 879 1 1199
2 1 1199 1 1519
2 1 879 1 1519
2 1 943 1 2223
2 1 943 1 1903
2 1 1903 1 2223
2 1 1070 1 2030
2 1 749 1 1069
2 1 941 1 2221
2 1 748 1 1068
2 1 1068 1 2028
2 1 748 1 2028
2 1 940 1 1900
2 1 940 1 2220
2 1 1900 1 2220
2 1 747 1 1067
2 1 939 1 2219
2 1 1899 1 2219
2 1 939 1 1899
2 1 1066 1 2026
2 1 938 1 2218
2 1 1897 1 2217
2 1 937 1 2217
2 1 937 1 1897
2 1 1000 1 1320
2 1 1449 1 1769
2 1 873 1 1193
2 1 873 1 1513
2 1 1193 1 1513
2 1 744 1 1064
2 1 1448 1 1768
2 1 1448 1 2088
2 1 1768 1 2088
2 1 1063 1 2023
2 1 1447 1 1767
2 1 742 1 1062
2 1 935 1 2215
2 1 741 1 1061
2 1 934 1 2214
2 1 1893 1 2213
2 1 933 1 1893
2 1 933 1 2213
2 1 1060 1 2020
2 1 740 1 1060
2 1 740 1 2020
2 1 932 1 2212
2 1 932 1 1892
2 1 1892 1 2212
2 1 1059 1 2019
2 1 739 1 1059
2 1 739 1 2019
2 1 931 1 2211
2 1 738 1 1058
2 1 1890 1 2210
2 1 930 1 1890
2 1 930 1 2210
2 1 737 1 1057
2 1 1761 1 2081
2 1 929 1 2209
2 1 736 1 2016
2 1 1056 1 2016
2 1 736 1 1056
2 1 735 1 1055
2 1 928 1 1888
2 1 1888 1 2208
2 1 928 1 2208
2 1 927 1 2207
2 1 734 1 1054
2 1 926 1 1886
2 1 1438 1 1758
2 1 1758 1 2078
2 1 1438 1 2078
2 1 733 1 1053
2 1 925 1 1885
2 1 925 1 2205
2 1 1885 1 2205
2 1 924 1 2204
2 1 1436 1 2076
2 1 1756 1 2076
2 1 1436 1 1756
2 1 731 1 1051
2 1 1435 1 2075
2 1 1755 1 2075
2 1 1435 1 1755
2 1 730 1 1050
2 1 923 1 2203
2 1 1883 1 2203
2 1 923 1 1883
2 1 729 1 1049
2 1 922 1 2202
2 1 920 1 1880
2 1 1880 1 2200
2 1 920 1 2200
2 1 856 1 1496
2 1 856 1 1176
2 1 1176 1 1496
2 1 727 1 1047
2 1 1301 1 1621
2 1 1749 1 2069
2 1 1172 1 1492
2 1 1043 1 2003
2 1 916 1 1876
2 1 916 1 2196
2 1 1876 1 2196
2 1 1297 1 1617
2 1 977 1 1297
2 1 977 1 1617
2 1 1170 1 1490
2 1 721 1 2001
2 1 849 1 1169
2 1 720 1 1040
2 1 1040 1 2000
2 1 720 1 2000
2 1 1744 1 2064
2 1 1039 1 1999
2 1 718 1 1038
2 1 911 1 2191
2 1 1742 1 2062
2 1 910 1 2190
2 1 717 1 1037
2 1 1037 1 1997
2 1 717 1 1997
2 1 1421 1 2061
2 1 909 1 2189
2 1 1036 1 1996
2 1 715 1 1995
2 1 843 1 1483
2 1 843 1 1163
2 1 1163 1 1483
2 1 1290 1 1610
2 1 714 1 1034
2 1 1418 1 2058
2 1 713 1 1033
2 1 713 1 1993
2 1 1033 1 1993
2 1 1737 1 2057
2 1 712 1 1992
2 1 1032 1 1992
2 1 712 1 1032
2 1 711 1 1991
2 1 1031 1 1991
2 1 711 1 1031
2 1 904 1 2184
2 1 1735 1 2055
2 1 903 1 1863
2 1 903 1 2183
2 1 1863 1 2183
2 1 1030 1 1990
2 1 710 1 1030
2 1 710 1 1990
2 1 709 1 1029
2 1 1029 1 1989
2 1 709 1 1989
2 1 902 1 2182
2 1 1413 1 2053
2 1 1413 1 1733
2 1 1733 1 2053
2 1 708 1 1028
2 1 1028 1 1988
2 1 708 1 1988
2 1 901 1 1861
2 1 1861 1 2181
2 1 901 1 2181
2 1 1412 1 1732
2 1 707 1 1987
2 1 1027 1 1987
2 1 707 1 1027
2 1 1860 1 2180
2 1 900 1 1860
2 1 900 1 2180
2 1 1731 1 2051
2 1 706 1 1026
2 1 1026 1 1986
2 1 706 1 1986
2 1 899 1 1859
2 1 1859 1 2179
2 1 899 1 2179
2 1 1730 1 2050
2 1 898 1 2178
2 1 1409 1 2049
2 1 1729 1 2049
2 1 1409 1 1729
2 1 1153 1 1473
2 1 960 1 1600
2 1 704 1 1024
2 1 1856 1 2176
2 1 897 1 2177
2 1 897 1 1857
2 1 1857 1 2177
3 1 542 1 802 1 2082
3 1 478 1 1287 1 1927
3 1 520 1 780 1 2060
3 1 478 1 1607 1 1927
3 1 560 1 820 1 2100
3 1 634 1 926 1 1246
3 1 524 1 784 1 2064
3 1 524 1 784 1 1744
3 1 435 1 1740 1 2060
3 1 554 1 814 1 2094
3 1 639 1 867 1 1187
3 1 554 1 814 1 1774
3 1 591 1 1267 1 2227
3 1 599 1 1211 1 1531
3 1 388 1 1181 1 1821
3 1 554 1 814 1 1454
3 1 560 1 820 1 1780
3 1 583 1 939 1 1259
3 1 560 1 820 1 1460
3 1 632 1 860 1 1180
3 1 586 1 1198 1 1518
3 1 632 1 1180 1 1500
3 1 361 1 754 1 1394
3 1 428 1 1157 1 1797
3 1 361 1 1074 1 1394
3 1 549 1 745 1 2025
3 1 384 1 1177 1 1817
3 1 550 1 810 1 1770
3 1 583 1 1259 1 1899
3 1 404 1 1197 1 1837
3 1 404 1 877 1 1837
3 1 404 1 1517 1 1837
3 1 634 1 1246 1 1886
3 1 583 1 1259 1 2219
3 1 373 1 766 1 1406
3 1 561 1 821 1 1781
3 1 561 1 821 1 2101
3 1 550 1 810 1 1450
3 1 550 1 810 1 2090
3 1 552 1 812 1 2092
3 1 552 1 812 1 1452
3 1 552 1 812 1 1772
3 1 565 1 825 1 2105
3 1 556 1 816 1 1456
3 1 556 1 816 1 1776
3 1 556 1 816 1 2096
3 1 567 1 827 1 1787
3 1 567 1 827 1 2107
3 1 484 1 1293 1 1933
3 1 436 1 1485 1 1805
3 1 415 1 1784 1 2104
3 1 449 1 1642 1 1962
3 1 544 1 804 1 1444
3 1 517 1 777 1 2057
3 1 484 1 1613 1 1933
3 1 470 1 1663 1 1983
3 1 484 1 973 1 1933
3 1 585 1 941 1 1261
3 1 513 1 773 1 2053
3 1 545 1 805 1 1445
3 1 436 1 1165 1 1805
3 1 563 1 823 1 2103
3 1 545 1 805 1 1765
3 1 564 1 824 1 2104
3 1 362 1 1011 1 1331
3 1 513 1 773 1 1733
3 1 563 1 823 1 1783
3 1 565 1 825 1 1785
3 1 520 1 716 1 1036
3 1 545 1 805 1 2085
3 1 544 1 804 1 1764
3 1 348 1 1061 1 1381
3 1 418 1 1531 1 1851
3 1 395 1 868 1 1828
3 1 513 1 773 1 1413
3 1 588 1 1200 1 1520
3 1 612 1 1224 1 2184
3 1 520 1 716 1 1996
3 1 488 1 1617 1 1937
3 1 494 1 1879 1 2199
3 1 591 1 947 1 1267
3 1 408 1 1521 1 1841
3 1 495 1 1304 1 1944
3 1 495 1 1624 1 1944
3 1 356 1 1325 1 1645
3 1 439 1 848 1 1808
3 1 430 1 839 1 1799
3 1 559 1 819 1 1779
3 1 521 1 781 1 2061
3 1 451 1 1644 1 1964
3 1 397 1 1190 1 1830
3 1 588 1 880 1 1200
3 1 516 1 776 1 1736
3 1 485 1 1294 1 1934
3 1 508 1 997 1 1957
3 1 348 1 741 1 1381
3 1 360 1 1393 1 2033
3 1 323 1 1356 1 1996
3 1 430 1 1159 1 1799
3 1 411 1 1204 1 1844
3 1 639 1 1187 1 1507
3 1 617 1 1229 1 2189
3 1 479 1 1608 1 1928
3 1 608 1 900 1 1220
3 1 544 1 804 1 2084
3 1 554 1 750 1 2030
3 1 409 1 1778 1 2098
3 1 461 1 1334 1 1974
3 1 588 1 1264 1 2224
3 1 593 1 1205 1 1525
3 1 465 1 1658 1 1978
3 1 479 1 1288 1 1928
3 1 457 1 1010 1 1970
3 1 515 1 775 1 2055
3 1 615 1 907 1 1227
3 1 368 1 1081 1 1401
3 1 515 1 775 1 1735
3 1 394 1 867 1 1827
3 1 639 1 931 1 1251
3 1 578 1 1254 1 2214
3 1 482 1 907 1 2187
3 1 559 1 819 1 2099
3 1 457 1 1650 1 1970
3 1 533 1 793 1 1433
3 1 322 1 715 1 1355
3 1 446 1 1175 1 1815
3 1 459 1 1652 1 1972
3 1 454 1 1007 1 1967
3 1 431 1 1480 1 1800
3 1 590 1 1266 1 2226
3 1 475 1 1284 1 1924
3 1 586 1 878 1 1198
3 1 438 1 1167 1 1807
3 1 458 1 1011 1 1971
3 1 542 1 802 1 1762
3 1 341 1 734 1 1374
3 1 474 1 1283 1 1923
3 1 516 1 776 1 1416
3 1 554 1 750 1 1070
3 1 585 1 1261 1 2221
3 1 383 1 1032 1 1352
3 1 381 1 710 1 1350
3 1 547 1 743 1 2023
3 1 466 1 1659 1 1979
3 1 411 1 884 1 1844
3 1 323 1 1036 1 1356
3 1 496 1 985 1 1945
3 1 421 1 1534 1 1854
3 1 622 1 914 1 1234
3 1 456 1 1329 1 1969
3 1 530 1 790 1 1430
3 1 574 1 770 1 1730
3 1 614 1 1226 1 2186
3 1 399 1 1192 1 1832
3 1 393 1 1186 1 1826
3 1 367 1 1336 1 1656
3 1 384 1 1497 1 1817
3 1 442 1 1747 1 2067
3 1 392 1 1505 1 1825
3 1 371 1 1404 1 2044
3 1 611 1 903 1 1223
3 1 483 1 1292 1 1932
3 1 610 1 1222 1 2182
3 1 488 1 1297 1 1937
3 1 474 1 1603 1 1923
3 1 599 1 1275 1 2235
3 1 557 1 817 1 1457
3 1 361 1 1330 1 1650
3 1 627 1 1239 1 1879
3 1 574 1 770 1 2050
3 1 327 1 976 1 1296
3 1 602 1 1214 1 1534
3 1 519 1 779 1 1419
3 1 632 1 924 1 1244
3 1 588 1 1264 1 1904
3 1 519 1 779 1 1739
3 1 489 1 914 1 2194
3 1 431 1 1160 1 1800
3 1 546 1 806 1 1446
3 1 352 1 1385 1 2025
3 1 553 1 813 1 1453
3 1 416 1 1209 1 1849
3 1 548 1 808 1 2088
3 1 475 1 1604 1 1924
3 1 605 1 1217 1 2177
3 1 493 1 1302 1 1942
3 1 522 1 782 1 2062
3 1 580 1 1256 1 2216
3 1 575 1 771 1 1731
3 1 575 1 771 1 2051
3 1 517 1 777 1 1737
3 1 463 1 1016 1 1976
3 1 637 1 929 1 1249
3 1 438 1 1487 1 1807
3 1 595 1 1207 1 1527
3 1 595 1 887 1 1207
3 1 377 1 706 1 1346
3 1 609 1 901 1 1221
3 1 538 1 798 1 1438
3 1 596 1 952 1 1272
3 1 377 1 1026 1 1346
3 1 470 1 1343 1 1983
3 1 368 1 761 1 1401
3 1 377 1 1346 1 1986
3 1 538 1 798 1 1758
3 1 606 1 898 1 1218
3 1 385 1 1754 1 2074
3 1 437 1 1166 1 1806
3 1 557 1 817 1 2097
3 1 608 1 1220 1 1860
3 1 605 1 897 1 1217
3 1 605 1 1217 1 1857
3 1 505 1 1634 1 1954
3 1 440 1 1425 1 1745
3 1 581 1 1257 1 1897
3 1 395 1 1188 1 1828
3 1 606 1 1218 1 2178
3 1 536 1 732 1 1052
3 1 327 1 1360 1 2000
3 1 465 1 1018 1 1978
3 1 571 1 831 1 2111
3 1 636 1 928 1 1248
3 1 432 1 1161 1 1801
3 1 467 1 1340 1 1980
3 1 511 1 1000 1 1960
3 1 537 1 797 1 1437
3 1 563 1 759 1 1079
3 1 547 1 743 1 1063
3 1 541 1 801 1 1761
3 1 476 1 1285 1 1925
3 1 541 1 801 1 2081
3 1 525 1 785 1 1425
3 1 321 1 714 1 1354
3 1 350 1 1063 1 1383
3 1 611 1 1223 1 1863
3 1 611 1 1223 1 2183
3 1 357 1 1070 1 1390
3 1 354 1 1067 1 1387
3 1 510 1 1639 1 1959
3 1 628 1 1240 1 1880
3 1 456 1 1009 1 1969
3 1 532 1 792 1 1432
3 1 321 1 1034 1 1354
3 1 424 1 1473 1 1793
3 1 589 1 1201 1 1521
3 1 576 1 1252 1 2212
3 1 476 1 1605 1 1925
3 1 424 1 1153 1 1793
3 1 557 1 817 1 1777
3 1 343 1 1376 1 2016
3 1 407 1 880 1 1840
3 1 533 1 793 1 1753
3 1 444 1 853 1 1813
3 1 505 1 994 1 1954
3 1 361 1 1010 1 1330
3 1 556 1 752 1 2032
3 1 582 1 1258 1 2218
3 1 596 1 888 1 1208
3 1 538 1 798 1 2078
3 1 617 1 909 1 1229
3 1 440 1 849 1 1809
3 1 598 1 890 1 1210
3 1 448 1 1321 1 1961
3 1 533 1 793 1 2073
3 1 325 1 1038 1 1358
3 1 536 1 796 1 1756
3 1 573 1 769 1 1729
3 1 613 1 905 1 1225
3 1 454 1 1327 1 1967
3 1 501 1 1886 1 2206
3 1 370 1 1403 1 2043
3 1 595 1 951 1 1271
3 1 369 1 1402 1 2042
3 1 540 1 800 1 1760
3 1 409 1 1522 1 1842
3 1 581 1 937 1 1257
3 1 595 1 1271 1 1911
3 1 514 1 774 1 1734
3 1 610 1 902 1 1222
3 1 523 1 783 1 1743
3 1 501 1 926 1 2206
3 1 616 1 908 1 1228
3 1 628 1 920 1 1240
3 1 581 1 1257 1 2217
3 1 394 1 1507 1 1827
3 1 477 1 1286 1 1926
3 1 446 1 855 1 1815
3 1 409 1 1202 1 1842
3 1 463 1 1656 1 1976
3 1 604 1 1216 1 1856
3 1 550 1 746 1 2026
3 1 523 1 783 1 1423
3 1 618 1 1230 1 2190
3 1 349 1 742 1 1382
3 1 510 1 1319 1 1959
3 1 612 1 904 1 1224
3 1 389 1 862 1 1822
3 1 413 1 1526 1 1846
3 1 535 1 795 1 2075
3 1 579 1 935 1 1255
3 1 383 1 712 1 1352
3 1 547 1 807 1 1767
3 1 465 1 1338 1 1978
3 1 630 1 922 1 1242
3 1 589 1 945 1 1265
3 1 390 1 1759 1 2079
3 1 573 1 769 1 1409
3 1 405 1 878 1 1838
3 1 590 1 1266 1 1906
3 1 576 1 932 1 1252
3 1 527 1 787 1 2067
3 1 439 1 1168 1 1808
3 1 632 1 1244 1 2204
3 1 489 1 1618 1 1938
