434 2240
2 1 1791 1 2111
2 1 1471 1 2111
2 1 1471 1 1791
2 1 1469 1 2109
2 1 1786 1 2106
2 1 1465 1 2105
2 1 1789 1 2109
2 1 1469 1 1789
2 1 1462 1 2102
2 1 1759 1 2079
2 1 1769 1 2089
2 1 1756 1 2076
2 1 1749 1 2069
2 1 1429 1 1749
2 1 1429 1 2069
2 1 1428 1 2068
2 1 1748 1 2068
2 1 1428 1 1748
2 1 1753 1 2073
2 1 1746 1 2066
2 1 1426 1 2066
2 1 1426 1 1746
2 1 1743 1 2063
2 1 1422 1 2062
2 1 1419 1 1739
2 1 1739 1 2059
2 1 1419 1 2059
2 1 1735 1 2055
2 1 1415 1 1735
2 1 1415 1 2055
2 1 1412 1 2052
2 1 972 1 1612
2 1 1280 1 1600
2 1 1340 1 1660
2 1 1020 1 1340
2 1 1020 1 1660
2 1 1338 1 1658
2 1 1022 1 1662
2 1 1342 1 1662
2 1 1022 1 1342
2 1 1337 1 1657
2 1 1333 1 1653
2 1 1012 1 1332
2 1 1331 1 1651
2 1 1006 1 1646
2 1 1006 1 1326
2 1 1455 1 1775
2 1 1326 1 1646
2 1 1323 1 1643
2 1 1320 1 1640
2 1 1448 1 1768
2 1 998 1 1318
2 1 996 1 1636
2 1 994 1 1314
2 1 1441 1 1761
2 1 992 1 1632
2 1 1312 1 1632
2 1 992 1 1312
2 1 991 1 1631
2 1 990 1 1630
2 1 1310 1 1630
2 1 990 1 1310
2 1 988 1 1308
2 1 1308 1 1628
2 1 988 1 1628
2 1 1435 1 1755
2 1 986 1 1626
2 1 983 1 1623
2 1 1301 1 1621
2 1 979 1 1619
2 1 1296 1 1616
2 1 976 1 1296
2 1 976 1 1616
2 1 835 1 1155
2 1 835 1 1475
2 1 1155 1 1475
2 1 1282 1 1602
2 1 962 1 1282
2 1 962 1 1602
2 1 1153 1 1473
2 1 1152 1 1472
2 1 895 1 1215
2 1 1213 1 1533
2 1 1211 1 1531
2 1 888 1 1208
2 1 888 1 1528
2 1 1209 1 1529
2 1 1208 1 1528
2 1 1336 1 1656
2 1 889 1 1209
2 1 889 1 1529
2 1 886 1 1206
2 1 885 1 1205
2 1 885 1 1525
2 1 1205 1 1525
2 1 1204 1 1524
2 1 1330 1 1650
2 1 1203 1 1523
2 1 1199 1 1519
2 1 1196 1 1516
2 1 1004 1 1324
2 1 1004 1 1644
2 1 1324 1 1644
2 1 874 1 1194
2 1 1194 1 1514
2 1 874 1 1514
2 1 1193 1 1513
2 1 872 1 1512
2 1 999 1 1639
2 1 999 1 1319
2 1 1319 1 1639
2 1 1189 1 1509
2 1 1187 1 1507
2 1 1762 1 2082
2 1 1442 1 2082
2 1 1442 1 1762
2 1 865 1 1505
2 1 865 1 1185
2 1 977 1 1617
2 1 1185 1 1505
2 1 1183 1 1503
2 1 1297 1 1617
2 1 860 1 1180
2 1 862 1 1182
2 1 1182 1 1502
2 1 1179 1 1499
2 1 859 1 1499
2 1 862 1 1502
2 1 859 1 1179
2 1 977 1 1297
2 1 1434 1 1754
2 1 857 1 1177
2 1 856 1 1176
2 1 1176 1 1496
2 1 856 1 1496
2 1 1751 1 2071
2 1 1304 1 1624
2 1 984 1 1304
2 1 984 1 1624
2 1 854 1 1494
2 1 1173 1 1493
2 1 852 1 1172
2 1 852 1 1492
2 1 1172 1 1492
2 1 1427 1 1747
2 1 848 1 1168
2 1 849 1 1489
2 1 1166 1 1486
2 1 846 1 1486
2 1 846 1 1166
2 1 845 1 1485
2 1 845 1 1165
2 1 1165 1 1485
2 1 1420 1 1740
2 1 842 1 1482
2 1 970 1 1610
2 1 1290 1 1610
2 1 970 1 1290
2 1 969 1 1289
2 1 969 1 1609
2 1 1289 1 1609
2 1 1159 1 1479
2 1 1286 1 1606
2 1 1413 1 1733
2 1 1470 1 2110
2 1 894 1 1214
2 1 767 1 2047
2 1 894 1 1534
2 1 767 1 1087
2 1 1087 1 2047
2 1 1214 1 1534
2 1 958 1 2238
2 1 1341 1 1661
2 1 956 1 2236
2 1 1019 1 1659
2 1 1339 1 1659
2 1 1019 1 1339
2 1 1212 1 1532
2 1 892 1 1532
2 1 892 1 1212
2 1 762 1 1082
2 1 762 1 2042
2 1 1082 1 2042
2 1 1081 1 2041
2 1 761 1 2041
2 1 761 1 1081
2 1 954 1 2234
2 1 953 1 2233
2 1 760 1 1080
2 1 1464 1 2104
2 1 1784 1 2104
2 1 1464 1 1784
2 1 952 1 1912
2 1 759 1 2039
2 1 1334 1 1654
2 1 1207 1 1527
2 1 758 1 1078
2 1 951 1 1911
2 1 951 1 2231
2 1 1911 1 2231
2 1 757 1 2037
2 1 757 1 1077
2 1 1077 1 2037
2 1 1781 1 2101
2 1 949 1 1909
2 1 756 1 2036
2 1 1076 1 2036
2 1 756 1 1076
2 1 1780 1 2100
2 1 1075 1 2035
2 1 755 1 1075
2 1 755 1 2035
2 1 1908 1 2228
2 1 948 1 2228
2 1 948 1 1908
2 1 1459 1 2099
2 1 1074 1 2034
2 1 754 1 2034
2 1 754 1 1074
2 1 947 1 1907
2 1 947 1 2227
2 1 1907 1 2227
2 1 1329 1 1649
2 1 1009 1 1329
2 1 1009 1 1649
2 1 1458 1 2098
2 1 753 1 2033
2 1 1008 1 1328
2 1 1777 1 2097
2 1 1201 1 1521
2 1 1456 1 1776
2 1 1456 1 2096
2 1 1776 1 2096
2 1 1200 1 1520
2 1 1071 1 2031
2 1 751 1 2031
2 1 751 1 1071
2 1 1902 1 2222
2 1 942 1 2222
2 1 942 1 1902
2 1 1005 1 1325
2 1 1005 1 1645
2 1 1325 1 1645
2 1 878 1 1198
2 1 1069 1 2029
2 1 749 1 1069
2 1 749 1 2029
2 1 748 1 2028
2 1 748 1 1068
2 1 1068 1 2028
2 1 875 1 1195
2 1 939 1 2219
2 1 939 1 1899
2 1 1899 1 2219
2 1 746 1 1066
2 1 1066 1 2026
2 1 746 1 2026
2 1 1770 1 2090
2 1 745 1 1065
2 1 1065 1 2025
2 1 745 1 2025
2 1 744 1 1064
2 1 937 1 2217
2 1 1897 1 2217
2 1 937 1 1897
2 1 1896 1 2216
2 1 936 1 1896
2 1 936 1 2216
2 1 1063 1 2023
2 1 743 1 2023
2 1 743 1 1063
2 1 935 1 2215
2 1 935 1 1895
2 1 1895 1 2215
2 1 870 1 1510
2 1 934 1 1894
2 1 741 1 1061
2 1 1445 1 2085
2 1 1765 1 2085
2 1 1445 1 1765
2 1 740 1 2020
2 1 1060 1 2020
2 1 740 1 1060
2 1 1444 1 2084
2 1 1764 1 2084
2 1 1444 1 1764
2 1 1059 1 2019
2 1 739 1 1059
2 1 739 1 2019
2 1 932 1 2212
2 1 1763 1 2083
2 1 1891 1 2211
2 1 931 1 2211
2 1 931 1 1891
2 1 993 1 1633
2 1 1057 1 2017
2 1 930 1 2210
2 1 1889 1 2209
2 1 1440 1 2080
2 1 928 1 2208
2 1 1888 1 2208
2 1 928 1 1888
2 1 1055 1 2015
2 1 734 1 1054
2 1 734 1 2014
2 1 1054 1 2014
2 1 927 1 1887
2 1 1886 1 2206
2 1 926 1 1886
2 1 926 1 2206
2 1 1053 1 2013
2 1 1052 1 2012
2 1 732 1 2012
2 1 732 1 1052
2 1 925 1 1885
2 1 924 1 2204
2 1 923 1 2203
2 1 1883 1 2203
2 1 923 1 1883
2 1 922 1 1882
2 1 922 1 2202
2 1 1882 1 2202
2 1 985 1 1305
2 1 1048 1 2008
2 1 728 1 2008
2 1 728 1 1048
2 1 920 1 1880
2 1 1880 1 2200
2 1 920 1 2200
2 1 1432 1 2072
2 1 1432 1 1752
2 1 1752 1 2072
2 1 727 1 2007
2 1 982 1 1302
2 1 1302 1 1622
2 1 982 1 1622
2 1 919 1 1879
2 1 919 1 2199
2 1 1879 1 2199
2 1 1750 1 2070
2 1 1430 1 1750
2 1 1430 1 2070
2 1 725 1 2005
2 1 725 1 1045
2 1 1045 1 2005
2 1 724 1 1044
2 1 917 1 1877
2 1 1877 1 2197
2 1 917 1 2197
2 1 916 1 2196
2 1 1298 1 1618
2 1 851 1 1171
2 1 1171 1 1491
2 1 851 1 1491
2 1 915 1 2195
2 1 1875 1 2195
2 1 915 1 1875
2 1 722 1 1042
2 1 1042 1 2002
2 1 722 1 2002
2 1 1874 1 2194
2 1 721 1 1041
2 1 1041 1 2001
2 1 721 1 2001
2 1 1873 1 2193
2 1 913 1 1873
2 1 913 1 2193
2 1 1424 1 1744
2 1 1744 1 2064
2 1 1424 1 2064
2 1 912 1 1872
2 1 912 1 2192
2 1 1872 1 2192
2 1 1039 1 1999
2 1 718 1 1998
2 1 718 1 1038
2 1 1038 1 1998
2 1 911 1 2191
2 1 910 1 2190
2 1 717 1 1037
2 1 1741 1 2061
2 1 1421 1 2061
2 1 1421 1 1741
2 1 1164 1 1484
2 1 908 1 2188
2 1 1868 1 2188
2 1 908 1 1868
2 1 971 1 1291
2 1 1867 1 2187
2 1 906 1 2186
2 1 1418 1 2058
2 1 1738 1 2058
2 1 1418 1 1738
2 1 1161 1 1481
2 1 905 1 1865
2 1 1865 1 2185
2 1 905 1 2185
2 1 1416 1 2056
2 1 1416 1 1736
2 1 1736 1 2056
2 1 1160 1 1480
2 1 840 1 1160
2 1 840 1 1480
2 1 1031 1 1991
2 1 711 1 1991
2 1 711 1 1031
2 1 1862 1 2182
2 1 902 1 2182
2 1 902 1 1862
2 1 965 1 1285
2 1 1285 1 1605
2 1 965 1 1605
2 1 1158 1 1478
2 1 838 1 1158
2 1 838 1 1478
2 1 1861 1 2181
2 1 964 1 1604
2 1 964 1 1284
2 1 1284 1 1604
2 1 1028 1 1988
2 1 837 1 1157
2 1 1027 1 1987
2 1 899 1 1859
2 1 706 1 1026
2 1 1410 1 2050
2 1 705 1 1025
2 1 705 1 1985
2 1 1025 1 1985
2 1 898 1 1858
2 1 1729 1 2049
2 1 1024 1 1984
2 1 704 1 1024
2 1 704 1 1984
2 1 896 1 2176
