420 2240
2 1 1790 1 2110
2 1 1467 1 1787
2 1 1787 1 2107
2 1 1467 1 2107
2 1 1784 1 2104
2 1 1463 1 2103
2 1 1459 1 2099
2 1 1456 1 2096
2 1 1455 1 2095
2 1 1454 1 1774
2 1 1774 1 2094
2 1 1454 1 2094
2 1 1451 1 1771
2 1 1771 1 2091
2 1 1451 1 2091
2 1 1446 1 2086
2 1 1766 1 2086
2 1 1446 1 1766
2 1 1763 1 2083
2 1 1760 1 2080
2 1 1443 1 1763
2 1 1443 1 2083
2 1 1440 1 1760
2 1 1440 1 2080
2 1 1436 1 2076
2 1 1436 1 1756
2 1 1756 1 2076
2 1 1742 1 2062
2 1 1422 1 1742
2 1 1422 1 2062
2 1 1416 1 1736
2 1 1736 1 2056
2 1 1419 1 1739
2 1 1419 1 2059
2 1 1416 1 2056
2 1 1414 1 1734
2 1 967 1 1287
2 1 1284 1 1604
2 1 1739 1 2059
2 1 1021 1 1341
2 1 1021 1 1661
2 1 1341 1 1661
2 1 1019 1 1339
2 1 1339 1 1659
2 1 1019 1 1659
2 1 1018 1 1338
2 1 1018 1 1658
2 1 1338 1 1658
2 1 1016 1 1656
2 1 1336 1 1656
2 1 1016 1 1336
2 1 1015 1 1655
2 1 1335 1 1655
2 1 1015 1 1335
2 1 1014 1 1654
2 1 1332 1 1652
2 1 1012 1 1332
2 1 1012 1 1652
2 1 1007 1 1327
2 1 1002 1 1322
2 1 1449 1 1769
2 1 1000 1 1640
2 1 999 1 1319
2 1 1447 1 1767
2 1 997 1 1317
2 1 1317 1 1637
2 1 997 1 1637
2 1 1320 1 1640
2 1 1315 1 1635
2 1 995 1 1315
2 1 995 1 1635
2 1 1442 1 1762
2 1 1000 1 1320
2 1 1438 1 1758
2 1 1433 1 1753
2 1 1155 1 1475
2 1 835 1 1155
2 1 835 1 1475
2 1 1410 1 1730
2 1 833 1 1153
2 1 1280 1 1600
2 1 960 1 1280
2 1 960 1 1600
2 1 1211 1 1531
2 1 1210 1 1530
2 1 984 1 1624
2 1 1013 1 1333
2 1 890 1 1530
2 1 889 1 1529
2 1 890 1 1210
2 1 1208 1 1528
2 1 886 1 1526
2 1 887 1 1527
2 1 1207 1 1527
2 1 887 1 1207
2 1 884 1 1524
2 1 1011 1 1651
2 1 1457 1 2097
2 1 1457 1 1777
2 1 1777 1 2097
2 1 1200 1 1520
2 1 880 1 1200
2 1 880 1 1520
2 1 879 1 1199
2 1 1199 1 1519
2 1 879 1 1519
2 1 878 1 1198
2 1 878 1 1518
2 1 1198 1 1518
2 1 1006 1 1646
2 1 1452 1 2092
2 1 1452 1 1772
2 1 1772 1 2092
2 1 1195 1 1515
2 1 875 1 1515
2 1 875 1 1195
2 1 1450 1 1770
2 1 872 1 1192
2 1 870 1 1190
2 1 869 1 1509
2 1 1189 1 1509
2 1 869 1 1189
2 1 1186 1 1506
2 1 866 1 1186
2 1 866 1 1506
2 1 1314 1 1634
2 1 1180 1 1500
2 1 859 1 1499
2 1 1178 1 1498
2 1 985 1 1625
2 1 1305 1 1625
2 1 985 1 1305
2 1 1301 1 1621
2 1 1747 1 2067
2 1 1743 1 2063
2 1 976 1 1616
2 1 846 1 1166
2 1 1166 1 1486
2 1 846 1 1486
2 1 1421 1 2061
2 1 1420 1 1740
2 1 1420 1 2060
2 1 1740 1 2060
2 1 973 1 1293
2 1 973 1 1613
2 1 1293 1 1613
2 1 843 1 1163
2 1 843 1 1483
2 1 1163 1 1483
2 1 1737 1 2057
2 1 1160 1 1480
2 1 840 1 1480
2 1 840 1 1160
2 1 839 1 1479
2 1 1159 1 1479
2 1 839 1 1159
2 1 1412 1 2052
2 1 1285 1 1605
2 1 1412 1 1732
2 1 1732 1 2052
2 1 1023 1 1663
2 1 1343 1 1663
2 1 1023 1 1343
2 1 767 1 2047
2 1 1215 1 1535
2 1 1471 1 1791
2 1 1086 1 2046
2 1 765 1 2045
2 1 1918 1 2238
2 1 1917 1 2237
2 1 957 1 2237
2 1 957 1 1917
2 1 1020 1 1340
2 1 1469 1 2109
2 1 1789 1 2109
2 1 1469 1 1789
2 1 893 1 1213
2 1 1213 1 1533
2 1 893 1 1533
2 1 764 1 1084
2 1 1788 1 2108
2 1 1083 1 2043
2 1 763 1 2043
2 1 763 1 1083
2 1 1916 1 2236
2 1 762 1 2042
2 1 1082 1 2042
2 1 762 1 1082
2 1 955 1 1915
2 1 955 1 2235
2 1 1915 1 2235
2 1 1914 1 2234
2 1 954 1 2234
2 1 954 1 1914
2 1 761 1 1081
2 1 953 1 1913
2 1 760 1 1080
2 1 1080 1 2040
2 1 760 1 2040
2 1 759 1 1079
2 1 952 1 1912
2 1 951 1 1911
2 1 1911 1 2231
2 1 951 1 2231
2 1 758 1 1078
2 1 758 1 2038
2 1 1078 1 2038
2 1 950 1 1910
2 1 1909 1 2229
2 1 949 1 1909
2 1 949 1 2229
2 1 756 1 1076
2 1 756 1 2036
2 1 1076 1 2036
2 1 1460 1 1780
2 1 755 1 1075
2 1 947 1 2227
2 1 947 1 1907
2 1 1907 1 2227
2 1 946 1 1906
2 1 882 1 1202
2 1 882 1 1522
2 1 1202 1 1522
2 1 753 1 2033
2 1 1008 1 1328
2 1 881 1 1521
2 1 752 1 1072
2 1 943 1 1903
2 1 942 1 1902
2 1 941 1 2221
2 1 1004 1 1324
2 1 877 1 1517
2 1 877 1 1197
2 1 1197 1 1517
2 1 748 1 2028
2 1 876 1 1196
2 1 747 1 2027
2 1 747 1 1067
2 1 1067 1 2027
2 1 1003 1 1643
2 1 1323 1 1643
2 1 1003 1 1323
2 1 874 1 1514
2 1 1194 1 1514
2 1 874 1 1194
2 1 1898 1 2218
2 1 938 1 2218
2 1 938 1 1898
2 1 745 1 1065
2 1 744 1 1064
2 1 936 1 1896
2 1 1896 1 2216
2 1 936 1 2216
2 1 1448 1 1768
2 1 743 1 1063
2 1 1063 1 2023
2 1 743 1 2023
2 1 742 1 1062
2 1 742 1 2022
2 1 1062 1 2022
2 1 935 1 2215
2 1 934 1 2214
2 1 1061 1 2021
2 1 741 1 1061
2 1 741 1 2021
2 1 933 1 2213
2 1 1893 1 2213
2 1 933 1 1893
2 1 1060 1 2020
2 1 740 1 2020
2 1 740 1 1060
2 1 1444 1 1764
2 1 1059 1 2019
2 1 739 1 1059
2 1 739 1 2019
2 1 931 1 2211
2 1 930 1 2210
2 1 737 1 2017
2 1 865 1 1185
2 1 929 1 2209
2 1 1889 1 2209
2 1 929 1 1889
2 1 1312 1 1632
2 1 1056 1 2016
2 1 927 1 1887
2 1 927 1 2207
2 1 1887 1 2207
2 1 1310 1 1630
2 1 990 1 1310
2 1 990 1 1630
2 1 863 1 1503
2 1 863 1 1183
2 1 1183 1 1503
2 1 1439 1 1759
2 1 734 1 1054
2 1 734 1 2014
2 1 1054 1 2014
2 1 1886 1 2206
2 1 1757 1 2077
2 1 925 1 2205
2 1 1052 1 2012
2 1 732 1 2012
2 1 732 1 1052
2 1 731 1 1051
2 1 924 1 2204
2 1 1435 1 2075
2 1 1435 1 1755
2 1 1755 1 2075
2 1 1883 1 2203
2 1 923 1 1883
2 1 923 1 2203
2 1 730 1 2010
2 1 730 1 1050
2 1 1050 1 2010
2 1 1754 1 2074
2 1 729 1 1049
2 1 1882 1 2202
2 1 922 1 1882
2 1 922 1 2202
2 1 921 1 2201
2 1 921 1 1881
2 1 1881 1 2201
2 1 920 1 2200
2 1 920 1 1880
2 1 1880 1 2200
2 1 856 1 1176
2 1 1303 1 1623
2 1 983 1 1303
2 1 983 1 1623
2 1 1431 1 1751
2 1 1046 1 2006
2 1 1750 1 2070
2 1 918 1 2198
2 1 1173 1 1493
2 1 980 1 1620
2 1 1877 1 2197
2 1 917 1 2197
2 1 917 1 1877
2 1 723 1 2003
2 1 979 1 1619
2 1 1298 1 1618
2 1 978 1 1618
2 1 978 1 1298
2 1 1874 1 2194
2 1 850 1 1490
2 1 850 1 1170
2 1 1170 1 1490
2 1 977 1 1617
2 1 721 1 1041
2 1 1168 1 1488
2 1 912 1 1872
2 1 1167 1 1487
2 1 1038 1 1998
2 1 718 1 1038
2 1 718 1 1998
2 1 1870 1 2190
2 1 1292 1 1612
2 1 845 1 1485
2 1 845 1 1165
2 1 1165 1 1485
2 1 909 1 2189
2 1 1164 1 1484
2 1 844 1 1164
2 1 844 1 1484
2 1 971 1 1291
2 1 971 1 1611
2 1 1291 1 1611
2 1 715 1 1995
2 1 715 1 1035
2 1 1035 1 1995
2 1 906 1 2186
2 1 1866 1 2186
2 1 906 1 1866
2 1 969 1 1289
2 1 1738 1 2058
2 1 842 1 1162
2 1 842 1 1482
2 1 1162 1 1482
2 1 713 1 1993
2 1 1288 1 1608
2 1 712 1 1032
2 1 1032 1 1992
2 1 712 1 1992
2 1 711 1 1031
2 1 1031 1 1991
2 1 711 1 1991
2 1 1415 1 1735
2 1 1863 1 2183
2 1 903 1 2183
2 1 903 1 1863
2 1 1030 1 1990
2 1 710 1 1990
2 1 710 1 1030
2 1 1029 1 1989
2 1 709 1 1989
2 1 709 1 1029
2 1 902 1 1862
2 1 902 1 2182
2 1 1862 1 2182
2 1 1413 1 2053
2 1 901 1 2181
2 1 708 1 1988
2 1 707 1 1987
2 1 1027 1 1987
2 1 707 1 1027
2 1 1283 1 1603
2 1 963 1 1283
2 1 963 1 1603
2 1 1156 1 1476
2 1 900 1 1860
2 1 1859 1 2179
2 1 1154 1 1474
2 1 1281 1 1601
2 1 1025 1 1985
2 1 705 1 1025
2 1 705 1 1985
2 1 898 1 1858
2 1 1857 1 2177
2 1 1409 1 1729
2 1 896 1 2176
