437 2240
2 1 1784 1 2104
2 1 1466 1 2106
2 1 1786 1 2106
2 1 1466 1 1786
2 1 1457 1 2097
2 1 1776 1 2096
2 1 1456 1 2096
2 1 1456 1 1776
2 1 1455 1 1775
2 1 1455 1 2095
2 1 1773 1 2093
2 1 1767 1 2087
2 1 1447 1 2087
2 1 1447 1 1767
2 1 1440 1 1760
2 1 1440 1 2080
2 1 1775 1 2095
2 1 1760 1 2080
2 1 1439 1 2079
2 1 1423 1 2063
2 1 1743 1 2063
2 1 1423 1 1743
2 1 1739 1 2059
2 1 1419 1 1739
2 1 1419 1 2059
2 1 1417 1 1737
2 1 1737 1 2057
2 1 1417 1 2057
2 1 1735 1 2055
2 1 1733 1 2053
2 1 1413 1 2053
2 1 1413 1 1733
2 1 1732 1 2052
2 1 1412 1 2052
2 1 1412 1 1732
2 1 1290 1 1610
2 1 970 1 1290
2 1 970 1 1610
2 1 1418 1 1738
2 1 1288 1 1608
2 1 1287 1 1607
2 1 966 1 1286
2 1 1281 1 1601
2 1 961 1 1601
2 1 961 1 1281
2 1 1337 1 1657
2 1 1335 1 1655
2 1 1462 1 1782
2 1 1013 1 1653
2 1 1011 1 1331
2 1 1329 1 1649
2 1 1009 1 1649
2 1 1009 1 1329
2 1 1328 1 1648
2 1 1318 1 1638
2 1 1326 1 1646
2 1 1004 1 1324
2 1 1324 1 1644
2 1 998 1 1638
2 1 998 1 1318
2 1 1004 1 1644
2 1 1316 1 1636
2 1 996 1 1316
2 1 996 1 1636
2 1 1310 1 1630
2 1 989 1 1309
2 1 1309 1 1629
2 1 989 1 1629
2 1 988 1 1308
2 1 1432 1 1752
2 1 980 1 1300
2 1 1300 1 1620
2 1 980 1 1620
2 1 1425 1 1745
2 1 976 1 1296
2 1 987 1 1307
2 1 960 1 1600
2 1 1469 1 1789
2 1 1789 1 2109
2 1 1469 1 2109
2 1 1788 1 2108
2 1 891 1 1531
2 1 891 1 1211
2 1 1211 1 1531
2 1 890 1 1210
2 1 1018 1 1658
2 1 1018 1 1338
2 1 1338 1 1658
2 1 888 1 1528
2 1 886 1 1206
2 1 887 1 1527
2 1 1781 1 2101
2 1 1461 1 2101
2 1 1461 1 1781
2 1 1014 1 1654
2 1 1204 1 1524
2 1 884 1 1524
2 1 884 1 1204
2 1 1459 1 2099
2 1 1779 1 2099
2 1 1459 1 1779
2 1 882 1 1522
2 1 1201 1 1521
2 1 880 1 1200
2 1 1200 1 1520
2 1 880 1 1520
2 1 879 1 1519
2 1 1199 1 1519
2 1 879 1 1199
2 1 1454 1 2094
2 1 1197 1 1517
2 1 877 1 1197
2 1 877 1 1517
2 1 1452 1 1772
2 1 875 1 1195
2 1 1192 1 1512
2 1 1191 1 1511
2 1 1766 1 2086
2 1 1446 1 2086
2 1 1446 1 1766
2 1 1319 1 1639
2 1 999 1 1639
2 1 999 1 1319
2 1 869 1 1189
2 1 1189 1 1509
2 1 869 1 1509
2 1 1187 1 1507
2 1 1315 1 1635
2 1 1314 1 1634
2 1 864 1 1184
2 1 863 1 1183
2 1 863 1 1503
2 1 1183 1 1503
2 1 862 1 1182
2 1 1182 1 1502
2 1 862 1 1502
2 1 1180 1 1500
2 1 859 1 1499
2 1 1178 1 1498
2 1 1177 1 1497
2 1 1751 1 2071
2 1 1750 1 2070
2 1 1303 1 1623
2 1 983 1 1303
2 1 983 1 1623
2 1 853 1 1493
2 1 1172 1 1492
2 1 849 1 1169
2 1 1424 1 2064
2 1 1744 1 2064
2 1 1424 1 1744
2 1 1297 1 1617
2 1 977 1 1617
2 1 977 1 1297
2 1 847 1 1487
2 1 1167 1 1487
2 1 847 1 1167
2 1 1741 1 2061
2 1 974 1 1294
2 1 1294 1 1614
2 1 974 1 1614
2 1 1740 1 2060
2 1 843 1 1483
2 1 1163 1 1483
2 1 843 1 1163
2 1 1162 1 1482
2 1 842 1 1482
2 1 842 1 1162
2 1 841 1 1161
2 1 838 1 1478
2 1 1157 1 1477
2 1 836 1 1476
2 1 836 1 1156
2 1 1156 1 1476
2 1 840 1 1480
2 1 1408 1 2048
2 1 1728 1 2048
2 1 1408 1 1728
2 1 896 1 2176
2 1 1791 1 2111
2 1 1215 1 1535
2 1 766 1 2046
2 1 959 1 2239
2 1 1919 1 2239
2 1 959 1 1919
2 1 1214 1 1534
2 1 1021 1 1661
2 1 1340 1 1660
2 1 1020 1 1340
2 1 1020 1 1660
2 1 1916 1 2236
2 1 1019 1 1659
2 1 1019 1 1339
2 1 1339 1 1659
2 1 1212 1 1532
2 1 892 1 1532
2 1 892 1 1212
2 1 1915 1 2235
2 1 1082 1 2042
2 1 954 1 1914
2 1 954 1 2234
2 1 1914 1 2234
2 1 953 1 1913
2 1 1913 1 2233
2 1 953 1 2233
2 1 1016 1 1656
2 1 1336 1 1656
2 1 1016 1 1336
2 1 889 1 1529
2 1 760 1 1080
2 1 760 1 2040
2 1 1080 1 2040
2 1 759 1 1079
2 1 759 1 2039
2 1 1079 1 2039
2 1 951 1 2231
2 1 758 1 1078
2 1 949 1 2229
2 1 885 1 1205
2 1 756 1 1076
2 1 1076 1 2036
2 1 756 1 2036
2 1 1460 1 2100
2 1 1010 1 1330
2 1 1330 1 1650
2 1 1010 1 1650
2 1 1203 1 1523
2 1 947 1 1907
2 1 1906 1 2226
2 1 1458 1 2098
2 1 1072 1 2032
2 1 1071 1 2031
2 1 751 1 1071
2 1 751 1 2031
2 1 943 1 2223
2 1 750 1 2030
2 1 878 1 1198
2 1 878 1 1518
2 1 1198 1 1518
2 1 1902 1 2222
2 1 942 1 1902
2 1 942 1 2222
2 1 749 1 1069
2 1 940 1 1900
2 1 940 1 2220
2 1 1900 1 2220
2 1 1003 1 1323
2 1 876 1 1196
2 1 1196 1 1516
2 1 876 1 1516
2 1 1899 1 2219
2 1 746 1 2026
2 1 1066 1 2026
2 1 746 1 1066
2 1 1770 1 2090
2 1 1450 1 1770
2 1 1450 1 2090
2 1 745 1 2025
2 1 938 1 2218
2 1 1320 1 1640
2 1 1449 1 2089
2 1 1449 1 1769
2 1 1769 1 2089
2 1 1193 1 1513
2 1 1064 1 2024
2 1 744 1 2024
2 1 744 1 1064
2 1 937 1 2217
2 1 1448 1 2088
2 1 1063 1 2023
2 1 743 1 1063
2 1 743 1 2023
2 1 1896 1 2216
2 1 934 1 2214
2 1 997 1 1637
2 1 1317 1 1637
2 1 997 1 1317
2 1 870 1 1190
2 1 870 1 1510
2 1 1190 1 1510
2 1 741 1 2021
2 1 1061 1 2021
2 1 741 1 1061
2 1 1445 1 1765
2 1 740 1 2020
2 1 1060 1 2020
2 1 740 1 1060
2 1 1059 1 2019
2 1 739 1 1059
2 1 739 1 2019
2 1 1892 1 2212
2 1 932 1 2212
2 1 932 1 1892
2 1 738 1 2018
2 1 931 1 1891
2 1 993 1 1313
2 1 993 1 1633
2 1 1313 1 1633
2 1 737 1 2017
2 1 930 1 1890
2 1 865 1 1185
2 1 736 1 1056
2 1 735 1 1055
2 1 735 1 2015
2 1 1055 1 2015
2 1 927 1 2207
2 1 734 1 1054
2 1 926 1 1886
2 1 733 1 2013
2 1 733 1 1053
2 1 1053 1 2013
2 1 1052 1 2012
2 1 732 1 2012
2 1 732 1 1052
2 1 925 1 1885
2 1 924 1 1884
2 1 1435 1 2075
2 1 1755 1 2075
2 1 1435 1 1755
2 1 923 1 1883
2 1 730 1 1050
2 1 1434 1 1754
2 1 1754 1 2074
2 1 1434 1 2074
2 1 729 1 2009
2 1 729 1 1049
2 1 1049 1 2009
2 1 922 1 2202
2 1 1753 1 2073
2 1 1433 1 1753
2 1 1433 1 2073
2 1 921 1 2201
2 1 1881 1 2201
2 1 921 1 1881
2 1 728 1 1048
2 1 920 1 1880
2 1 1880 1 2200
2 1 920 1 2200
2 1 1879 1 2199
2 1 919 1 1879
2 1 919 1 2199
2 1 982 1 1302
2 1 855 1 1175
2 1 1878 1 2198
2 1 981 1 1621
2 1 854 1 1494
2 1 725 1 2005
2 1 725 1 1045
2 1 1045 1 2005
2 1 1877 1 2197
2 1 1429 1 2069
2 1 1044 1 2004
2 1 723 1 1043
2 1 723 1 2003
2 1 1043 1 2003
2 1 722 1 1042
2 1 722 1 2002
2 1 1042 1 2002
2 1 915 1 1875
2 1 1041 1 2001
2 1 913 1 1873
2 1 1873 1 2193
2 1 913 1 2193
2 1 720 1 2000
2 1 912 1 2192
2 1 1872 1 2192
2 1 912 1 1872
2 1 848 1 1168
2 1 975 1 1615
2 1 1039 1 1999
2 1 846 1 1486
2 1 846 1 1166
2 1 1166 1 1486
2 1 910 1 2190
2 1 1293 1 1613
2 1 717 1 1997
2 1 972 1 1612
2 1 1292 1 1612
2 1 972 1 1292
2 1 844 1 1484
2 1 1035 1 1995
2 1 714 1 1034
2 1 906 1 2186
2 1 1033 1 1993
2 1 713 1 1993
2 1 713 1 1033
2 1 905 1 2185
2 1 1865 1 2185
2 1 905 1 1865
2 1 712 1 1992
2 1 712 1 1032
2 1 1032 1 1992
2 1 1416 1 1736
2 1 904 1 2184
2 1 1864 1 2184
2 1 904 1 1864
2 1 711 1 1031
2 1 711 1 1991
2 1 1031 1 1991
2 1 1030 1 1990
2 1 710 1 1990
2 1 710 1 1030
2 1 903 1 2183
2 1 1863 1 2183
2 1 903 1 1863
2 1 1734 1 2054
2 1 1414 1 2054
2 1 1414 1 1734
2 1 902 1 2182
2 1 902 1 1862
2 1 1862 1 2182
2 1 1029 1 1989
2 1 1028 1 1988
2 1 708 1 1028
2 1 708 1 1988
2 1 1861 1 2181
2 1 901 1 1861
2 1 901 1 2181
2 1 900 1 1860
2 1 1860 1 2180
2 1 900 1 2180
2 1 1859 1 2179
2 1 899 1 1859
2 1 899 1 2179
2 1 1282 1 1602
2 1 962 1 1282
2 1 962 1 1602
2 1 835 1 1475
2 1 1411 1 1731
2 1 706 1 1026
2 1 1410 1 1730
2 1 1410 1 2050
2 1 1730 1 2050
2 1 1858 1 2178
2 1 897 1 1857
2 1 897 1 2177
2 1 1857 1 2177
