647 2240
2 1 1788 1 2108
2 1 1776 1 2096
2 1 1775 1 2095
2 1 1774 1 2094
2 1 1447 1 2087
2 1 1447 1 1767
2 1 1767 1 2087
2 1 1759 1 2079
2 1 1439 1 1759
2 1 1439 1 2079
2 1 1437 1 2077
2 1 1437 1 1757
2 1 1757 1 2077
2 1 1756 1 2076
2 1 1436 1 1756
2 1 1436 1 2076
2 1 1435 1 1755
2 1 1755 1 2075
2 1 1435 1 2075
2 1 1434 1 2074
2 1 1753 1 2073
2 1 1433 1 1753
2 1 1433 1 2073
2 1 1432 1 2072
2 1 1432 1 1752
2 1 1752 1 2072
2 1 1431 1 2071
2 1 1751 1 2071
2 1 1431 1 1751
2 1 1749 1 2069
2 1 1429 1 2069
2 1 1429 1 1749
2 1 1743 1 2063
2 1 1418 1 2058
2 1 1736 1 2056
2 1 1416 1 1736
2 1 1416 1 2056
2 1 1413 1 2053
2 1 1415 1 1735
2 1 1286 1 1606
2 1 966 1 1286
2 1 966 1 1606
2 1 1285 1 1605
2 1 964 1 1604
2 1 1283 1 1603
2 1 1409 1 1729
2 1 1012 1 1652
2 1 961 1 1281
2 1 1000 1 1320
2 1 1004 1 1644
2 1 999 1 1639
2 1 1012 1 1332
2 1 1332 1 1652
2 1 993 1 1633
2 1 992 1 1632
2 1 1440 1 1760
2 1 1310 1 1630
2 1 990 1 1630
2 1 990 1 1310
2 1 988 1 1308
2 1 985 1 1625
2 1 1304 1 1624
2 1 984 1 1304
2 1 984 1 1624
2 1 1428 1 1748
2 1 979 1 1619
2 1 1427 1 1747
2 1 1426 1 1746
2 1 1154 1 1474
2 1 1155 1 1475
2 1 1153 1 1473
2 1 1023 1 1343
2 1 1343 1 1663
2 1 832 1 1152
2 1 1023 1 1663
2 1 1212 1 1532
2 1 891 1 1211
2 1 1211 1 1531
2 1 891 1 1531
2 1 1210 1 1530
2 1 1338 1 1658
2 1 1017 1 1657
2 1 1017 1 1337
2 1 1337 1 1657
2 1 1206 1 1526
2 1 1780 1 2100
2 1 1205 1 1525
2 1 1333 1 1653
2 1 1013 1 1653
2 1 1013 1 1333
2 1 1330 1 1650
2 1 1203 1 1523
2 1 883 1 1523
2 1 883 1 1203
2 1 879 1 1519
2 1 880 1 1520
2 1 1200 1 1520
2 1 880 1 1200
2 1 877 1 1197
2 1 878 1 1518
2 1 1197 1 1517
2 1 877 1 1517
2 1 1452 1 2092
2 1 1325 1 1645
2 1 1195 1 1515
2 1 875 1 1195
2 1 875 1 1515
2 1 1191 1 1511
2 1 1190 1 1510
2 1 870 1 1510
2 1 870 1 1190
2 1 1764 1 2084
2 1 997 1 1637
2 1 866 1 1186
2 1 864 1 1184
2 1 865 1 1185
2 1 991 1 1311
2 1 863 1 1183
2 1 991 1 1631
2 1 1311 1 1631
2 1 860 1 1500
2 1 859 1 1179
2 1 1179 1 1499
2 1 859 1 1499
2 1 1178 1 1498
2 1 858 1 1498
2 1 858 1 1178
2 1 857 1 1497
2 1 856 1 1176
2 1 1176 1 1496
2 1 856 1 1496
2 1 855 1 1495
2 1 983 1 1623
2 1 1303 1 1623
2 1 983 1 1303
2 1 977 1 1297
2 1 852 1 1172
2 1 1172 1 1492
2 1 852 1 1492
2 1 851 1 1171
2 1 850 1 1170
2 1 1425 1 1745
2 1 1425 1 2065
2 1 1745 1 2065
2 1 978 1 1618
2 1 848 1 1488
2 1 1167 1 1487
2 1 975 1 1295
2 1 1419 1 2059
2 1 839 1 1479
2 1 836 1 1156
2 1 838 1 1158
2 1 1156 1 1476
2 1 836 1 1476
2 1 842 1 1482
2 1 1408 1 2048
2 1 1856 1 2176
2 1 896 1 2176
2 1 896 1 1856
2 1 1215 1 1535
2 1 767 1 2047
2 1 1022 1 1342
2 1 1342 1 1662
2 1 1022 1 1662
2 1 959 1 1919
2 1 1341 1 1661
2 1 1470 1 1790
2 1 1790 1 2110
2 1 1470 1 2110
2 1 1340 1 1660
2 1 1789 1 2109
2 1 1213 1 1533
2 1 1084 1 2044
2 1 764 1 2044
2 1 764 1 1084
2 1 1917 1 2237
2 1 763 1 2043
2 1 763 1 1083
2 1 1083 1 2043
2 1 1916 1 2236
2 1 1787 1 2107
2 1 955 1 2235
2 1 1915 1 2235
2 1 955 1 1915
2 1 762 1 2042
2 1 1082 1 2042
2 1 762 1 1082
2 1 1914 1 2234
2 1 761 1 2041
2 1 954 1 2234
2 1 954 1 1914
2 1 889 1 1209
2 1 1016 1 1336
2 1 1336 1 1656
2 1 1016 1 1656
2 1 760 1 2040
2 1 1335 1 1655
2 1 888 1 1208
2 1 1014 1 1654
2 1 1334 1 1654
2 1 1014 1 1334
2 1 1783 1 2103
2 1 758 1 1078
2 1 1078 1 2038
2 1 758 1 2038
2 1 1782 1 2102
2 1 1077 1 2037
2 1 757 1 2037
2 1 1461 1 2101
2 1 756 1 2036
2 1 949 1 2229
2 1 757 1 1077
2 1 1204 1 1524
2 1 755 1 2035
2 1 755 1 1075
2 1 1075 1 2035
2 1 1011 1 1331
2 1 1907 1 2227
2 1 754 1 2034
2 1 946 1 1906
2 1 1009 1 1329
2 1 1329 1 1649
2 1 1009 1 1649
2 1 1458 1 2098
2 1 753 1 2033
2 1 1328 1 1648
2 1 1072 1 2032
2 1 752 1 1072
2 1 752 1 2032
2 1 751 1 1071
2 1 751 1 2031
2 1 1071 1 2031
2 1 943 1 2223
2 1 943 1 1903
2 1 1903 1 2223
2 1 750 1 1070
2 1 942 1 1902
2 1 942 1 2222
2 1 1902 1 2222
2 1 1069 1 2029
2 1 749 1 1069
2 1 749 1 2029
2 1 941 1 1901
2 1 1901 1 2221
2 1 941 1 2221
2 1 1453 1 1773
2 1 1453 1 2093
2 1 1773 1 2093
2 1 748 1 2028
2 1 1196 1 1516
2 1 1067 1 2027
2 1 940 1 2220
2 1 940 1 1900
2 1 1900 1 2220
2 1 1001 1 1321
2 1 1770 1 2090
2 1 1450 1 2090
2 1 1450 1 1770
2 1 1420 1 1740
2 1 745 1 2025
2 1 1065 1 2025
2 1 745 1 1065
2 1 938 1 1898
2 1 1898 1 2218
2 1 938 1 2218
2 1 1449 1 1769
2 1 1449 1 2089
2 1 1769 1 2089
2 1 1897 1 2217
2 1 1448 1 2088
2 1 1448 1 1768
2 1 1768 1 2088
2 1 1063 1 2023
2 1 936 1 1896
2 1 1896 1 2216
2 1 936 1 2216
2 1 742 1 1062
2 1 742 1 2022
2 1 1062 1 2022
2 1 935 1 2215
2 1 1895 1 2215
2 1 935 1 1895
2 1 1894 1 2214
2 1 934 1 1894
2 1 934 1 2214
2 1 741 1 2021
2 1 933 1 1893
2 1 1445 1 1765
2 1 1765 1 2085
2 1 1445 1 2085
2 1 869 1 1189
2 1 996 1 1316
2 1 996 1 1636
2 1 1316 1 1636
2 1 740 1 2020
2 1 1315 1 1635
2 1 995 1 1315
2 1 995 1 1635
2 1 1892 1 2212
2 1 1891 1 2211
2 1 994 1 1634
2 1 994 1 1314
2 1 1314 1 1634
2 1 867 1 1507
2 1 1058 1 2018
2 1 929 1 1889
2 1 929 1 2209
2 1 1889 1 2209
2 1 736 1 2016
2 1 736 1 1056
2 1 1056 1 2016
2 1 928 1 1888
2 1 1055 1 2015
2 1 735 1 2015
2 1 735 1 1055
2 1 1887 1 2207
2 1 927 1 1887
2 1 927 1 2207
2 1 734 1 2014
2 1 1886 1 2206
2 1 926 1 2206
2 1 926 1 1886
2 1 989 1 1629
2 1 1309 1 1629
2 1 989 1 1309
2 1 862 1 1502
2 1 1053 1 2013
2 1 1885 1 2205
2 1 924 1 2204
2 1 731 1 1051
2 1 923 1 2203
2 1 923 1 1883
2 1 1883 1 2203
2 1 730 1 1050
2 1 922 1 2202
2 1 1882 1 2202
2 1 922 1 1882
2 1 1049 1 2009
2 1 729 1 1049
2 1 729 1 2009
2 1 921 1 1881
2 1 728 1 1048
2 1 1880 1 2200
2 1 920 1 2200
2 1 920 1 1880
2 1 1047 1 2007
2 1 1879 1 2199
2 1 919 1 1879
2 1 919 1 2199
2 1 1750 1 2070
2 1 1430 1 1750
2 1 1430 1 2070
2 1 854 1 1494
2 1 918 1 2198
2 1 1878 1 2198
2 1 918 1 1878
2 1 724 1 2004
2 1 724 1 1044
2 1 1044 1 2004
2 1 916 1 1876
2 1 1876 1 2196
2 1 916 1 2196
2 1 723 1 1043
2 1 915 1 2195
2 1 1875 1 2195
2 1 915 1 1875
2 1 1042 1 2002
2 1 914 1 2194
2 1 1874 1 2194
2 1 914 1 1874
2 1 721 1 2001
2 1 913 1 1873
2 1 913 1 2193
2 1 1873 1 2193
2 1 976 1 1296
2 1 1296 1 1616
2 1 976 1 1616
2 1 849 1 1169
2 1 1424 1 1744
2 1 1424 1 2064
2 1 1744 1 2064
2 1 911 1 2191
2 1 910 1 2190
2 1 846 1 1166
2 1 846 1 1486
2 1 1166 1 1486
2 1 973 1 1613
2 1 845 1 1165
2 1 716 1 1996
2 1 972 1 1612
2 1 1292 1 1612
2 1 972 1 1292
2 1 1291 1 1611
2 1 971 1 1611
2 1 971 1 1291
2 1 844 1 1164
2 1 715 1 1995
2 1 1867 1 2187
2 1 843 1 1163
2 1 970 1 1290
2 1 970 1 1610
2 1 1290 1 1610
2 1 714 1 1034
2 1 1288 1 1608
2 1 841 1 1481
2 1 841 1 1161
2 1 1161 1 1481
2 1 712 1 1032
2 1 1032 1 1992
2 1 712 1 1992
2 1 711 1 1031
2 1 711 1 1991
2 1 1031 1 1991
2 1 1864 1 2184
2 1 903 1 2183
2 1 710 1 1030
2 1 1030 1 1990
2 1 710 1 1990
2 1 1862 1 2182
2 1 902 1 1862
2 1 902 1 2182
2 1 709 1 1029
2 1 901 1 1861
2 1 708 1 1028
2 1 708 1 1988
2 1 1028 1 1988
2 1 1412 1 2052
2 1 1411 1 1731
2 1 1731 1 2051
2 1 1411 1 2051
2 1 706 1 1026
2 1 1730 1 2050
2 1 705 1 1025
2 1 898 1 2178
2 1 897 1 2177
3 1 568 1 828 1 2108
3 1 568 1 828 1 1788
3 1 632 1 860 1 1180
3 1 634 1 1246 1 1886
3 1 639 1 1251 1 2211
3 1 424 1 1153 1 1793
3 1 451 1 1004 1 1964
3 1 572 1 704 1 1024
3 1 573 1 769 1 1409
3 1 632 1 1180 1 1500
3 1 479 1 1608 1 1928
3 1 326 1 1039 1 1359
3 1 497 1 986 1 1946
3 1 350 1 1319 1 1639
3 1 617 1 1229 1 1869
3 1 577 1 933 1 1253
3 1 337 1 986 1 1306
3 1 449 1 1322 1 1962
3 1 503 1 1632 1 1952
3 1 531 1 727 1 2007
3 1 589 1 1201 1 1521
3 1 531 1 727 1 1047
3 1 334 1 1367 1 2007
3 1 479 1 1288 1 1928
3 1 484 1 1869 1 2189
3 1 411 1 1524 1 1844
3 1 634 1 926 1 1246
3 1 424 1 1473 1 1793
3 1 577 1 1253 1 1893
3 1 547 1 807 1 1447
3 1 547 1 807 1 1767
3 1 531 1 791 1 1431
3 1 531 1 791 1 1751
3 1 531 1 791 1 2071
3 1 547 1 807 1 2087
3 1 539 1 799 1 1439
3 1 556 1 816 1 2096
3 1 539 1 799 1 1759
3 1 539 1 799 1 2079
3 1 554 1 814 1 2094
3 1 533 1 793 1 2073
3 1 533 1 793 1 1433
3 1 555 1 815 1 2095
3 1 533 1 793 1 1753
3 1 532 1 792 1 2072
3 1 532 1 792 1 1752
3 1 532 1 792 1 1432
3 1 630 1 1242 1 2202
3 1 536 1 796 1 1756
3 1 536 1 796 1 2076
3 1 536 1 796 1 1436
3 1 537 1 797 1 1437
3 1 501 1 1630 1 1950
3 1 537 1 797 1 1757
3 1 537 1 797 1 2077
3 1 535 1 795 1 1755
3 1 554 1 814 1 1774
3 1 501 1 990 1 1950
3 1 535 1 795 1 2075
3 1 534 1 794 1 2074
3 1 535 1 795 1 1435
3 1 555 1 815 1 1775
3 1 556 1 816 1 1776
3 1 630 1 922 1 1242
3 1 385 1 1434 1 1754
3 1 385 1 1754 1 2074
3 1 534 1 794 1 1434
3 1 630 1 1242 1 1882
3 1 620 1 1168 1 1488
3 1 611 1 1223 1 2183
3 1 350 1 999 1 1319
3 1 597 1 953 1 1273
3 1 639 1 1251 1 1891
3 1 334 1 1047 1 1367
3 1 343 1 736 1 1376
3 1 634 1 1246 1 2206
3 1 343 1 1376 1 2016
3 1 464 1 953 1 2233
3 1 611 1 903 1 1223
3 1 511 1 1320 1 1960
3 1 416 1 1209 1 1849
3 1 628 1 1240 1 2200
3 1 520 1 780 1 1740
3 1 432 1 841 1 1801
3 1 504 1 993 1 1953
3 1 634 1 862 1 1182
3 1 352 1 1065 1 1385
3 1 587 1 879 1 1199
3 1 343 1 1056 1 1376
3 1 494 1 1303 1 1943
3 1 324 1 717 1 1357
3 1 354 1 1067 1 1387
3 1 510 1 1639 1 1959
3 1 537 1 733 1 1053
3 1 628 1 920 1 1240
3 1 510 1 999 1 1959
3 1 365 1 758 1 1398
3 1 335 1 728 1 1368
3 1 634 1 1182 1 1502
3 1 367 1 1400 1 2040
3 1 399 1 1512 1 1832
3 1 436 1 1421 1 1741
3 1 542 1 738 1 2018
3 1 578 1 934 1 1254
3 1 347 1 1380 1 2020
3 1 343 1 992 1 1312
3 1 358 1 1327 1 1647
3 1 439 1 848 1 1808
3 1 446 1 855 1 1815
3 1 587 1 1199 1 1519
3 1 524 1 720 1 1040
3 1 574 1 770 1 2050
3 1 437 1 1422 1 1742
3 1 512 1 772 1 2052
3 1 324 1 973 1 1293
3 1 352 1 745 1 1385
3 1 389 1 1502 1 1822
3 1 411 1 1204 1 1844
3 1 599 1 955 1 1275
3 1 566 1 826 1 1466
3 1 477 1 966 1 1926
3 1 603 1 959 1 1279
3 1 522 1 782 1 1422
3 1 521 1 781 1 1421
3 1 574 1 770 1 1730
3 1 605 1 897 1 1217
3 1 390 1 863 1 1823
3 1 390 1 1183 1 1823
3 1 506 1 1315 1 1955
3 1 323 1 716 1 1356
3 1 376 1 1025 1 1345
3 1 324 1 1293 1 1613
3 1 557 1 817 1 2097
3 1 551 1 747 1 2027
3 1 336 1 1305 1 1625
3 1 506 1 995 1 1955
3 1 608 1 900 1 1220
3 1 417 1 1466 1 1786
3 1 517 1 777 1 1737
3 1 353 1 1386 1 2026
3 1 400 1 1513 1 1833
3 1 599 1 1275 1 1915
3 1 365 1 1078 1 1398
3 1 429 1 1158 1 1798
3 1 435 1 844 1 1804
3 1 613 1 905 1 1225
3 1 445 1 1494 1 1814
3 1 637 1 929 1 1249
3 1 486 1 1295 1 1935
3 1 480 1 905 1 2185
3 1 435 1 1164 1 1804
3 1 599 1 1275 1 2235
3 1 474 1 899 1 2179
3 1 361 1 754 1 1394
3 1 550 1 746 1 2026
3 1 525 1 785 1 1745
3 1 431 1 1160 1 1800
3 1 403 1 1452 1 1772
3 1 572 1 768 1 2048
3 1 470 1 1663 1 1983
3 1 436 1 1165 1 1805
3 1 596 1 1272 1 1912
3 1 631 1 1243 1 1883
3 1 503 1 992 1 1952
3 1 463 1 1912 1 2232
3 1 627 1 1175 1 1495
3 1 451 1 1644 1 1964
3 1 429 1 838 1 1798
3 1 322 1 715 1 1355
3 1 511 1 1000 1 1960
3 1 580 1 1192 1 1512
3 1 330 1 979 1 1299
3 1 367 1 760 1 1400
3 1 426 1 1475 1 1795
3 1 354 1 1387 1 2027
3 1 526 1 722 1 1042
3 1 528 1 788 1 1428
3 1 323 1 1356 1 1996
3 1 456 1 1329 1 1969
3 1 602 1 894 1 1214
3 1 432 1 1161 1 1801
3 1 530 1 790 1 1430
3 1 516 1 776 1 1416
3 1 506 1 1635 1 1955
3 1 373 1 1406 1 2046
3 1 618 1 1230 1 2190
3 1 374 1 1407 1 2047
3 1 625 1 1173 1 1493
3 1 576 1 1252 1 2212
3 1 621 1 913 1 1233
3 1 395 1 1508 1 1828
3 1 515 1 775 1 1415
3 1 445 1 854 1 1814
3 1 573 1 769 1 1729
3 1 352 1 1385 1 2025
3 1 374 1 767 1 1407
3 1 628 1 1240 1 1880
3 1 484 1 1613 1 1933
3 1 626 1 1174 1 1494
3 1 389 1 862 1 1822
3 1 611 1 839 1 1159
3 1 483 1 972 1 1932
3 1 627 1 855 1 1175
3 1 379 1 1348 1 1988
3 1 429 1 1414 1 1734
3 1 468 1 1661 1 1981
3 1 381 1 710 1 1350
3 1 362 1 1395 1 2035
3 1 618 1 910 1 1230
3 1 462 1 1335 1 1975
3 1 501 1 1310 1 1950
3 1 551 1 747 1 1067
