438 2240
2 1 1791 1 2111
2 1 1790 1 2110
2 1 1470 1 2110
2 1 1470 1 1790
2 1 1469 1 2109
2 1 1469 1 1789
2 1 1789 1 2109
2 1 1467 1 2107
2 1 1785 1 2105
2 1 1781 1 2101
2 1 1465 1 2105
2 1 1461 1 1781
2 1 1461 1 2101
2 1 1465 1 1785
2 1 1779 1 2099
2 1 1458 1 2098
2 1 1450 1 2090
2 1 1450 1 1770
2 1 1770 1 2090
2 1 1759 1 2079
2 1 1438 1 2078
2 1 1754 1 2074
2 1 1428 1 2068
2 1 1747 1 2067
2 1 1427 1 2067
2 1 1427 1 1747
2 1 1743 1 2063
2 1 1419 1 1739
2 1 1739 1 2059
2 1 1419 1 2059
2 1 1418 1 1738
2 1 1745 1 2065
2 1 1738 1 2058
2 1 1418 1 2058
2 1 1736 1 2056
2 1 1416 1 2056
2 1 1416 1 1736
2 1 1294 1 1614
2 1 972 1 1292
2 1 964 1 1284
2 1 969 1 1289
2 1 962 1 1282
2 1 1280 1 1600
2 1 960 1 1600
2 1 960 1 1280
2 1 1341 1 1661
2 1 1340 1 1660
2 1 1020 1 1660
2 1 1020 1 1340
2 1 1019 1 1659
2 1 1339 1 1659
2 1 1019 1 1339
2 1 1018 1 1658
2 1 1015 1 1655
2 1 1462 1 1782
2 1 1332 1 1652
2 1 1012 1 1652
2 1 1012 1 1332
2 1 1010 1 1330
2 1 1330 1 1650
2 1 1010 1 1650
2 1 1329 1 1649
2 1 1321 1 1641
2 1 1443 1 1763
2 1 991 1 1311
2 1 1310 1 1630
2 1 988 1 1628
2 1 1302 1 1622
2 1 982 1 1302
2 1 982 1 1622
2 1 1431 1 1751
2 1 981 1 1301
2 1 1301 1 1621
2 1 981 1 1621
2 1 980 1 1300
2 1 1298 1 1618
2 1 835 1 1155
2 1 976 1 1616
2 1 1296 1 1616
2 1 963 1 1283
2 1 976 1 1296
2 1 963 1 1603
2 1 1283 1 1603
2 1 1408 1 1728
2 1 895 1 1215
2 1 894 1 1534
2 1 1214 1 1534
2 1 894 1 1214
2 1 893 1 1533
2 1 888 1 1528
2 1 892 1 1532
2 1 891 1 1211
2 1 892 1 1212
2 1 1016 1 1656
2 1 1336 1 1656
2 1 1016 1 1336
2 1 1463 1 1783
2 1 1212 1 1532
2 1 885 1 1205
2 1 1203 1 1523
2 1 890 1 1530
2 1 881 1 1201
2 1 1201 1 1521
2 1 881 1 1521
2 1 880 1 1200
2 1 1202 1 1522
2 1 882 1 1522
2 1 1455 1 2095
2 1 1455 1 1775
2 1 1775 1 2095
2 1 882 1 1202
2 1 1007 1 1327
2 1 1328 1 1648
2 1 873 1 1513
2 1 872 1 1512
2 1 874 1 1514
2 1 1008 1 1648
2 1 1008 1 1328
2 1 1451 1 2091
2 1 1320 1 1640
2 1 1000 1 1320
2 1 1000 1 1640
2 1 1451 1 1771
2 1 1771 1 2091
2 1 868 1 1188
2 1 1187 1 1507
2 1 994 1 1314
2 1 994 1 1634
2 1 1314 1 1634
2 1 862 1 1502
2 1 1181 1 1501
2 1 861 1 1501
2 1 861 1 1181
2 1 858 1 1178
2 1 1305 1 1625
2 1 985 1 1305
2 1 1306 1 1626
2 1 985 1 1625
2 1 986 1 1626
2 1 986 1 1306
2 1 1175 1 1495
2 1 1173 1 1493
2 1 852 1 1172
2 1 1171 1 1491
2 1 851 1 1491
2 1 851 1 1171
2 1 979 1 1619
2 1 1169 1 1489
2 1 849 1 1169
2 1 849 1 1489
2 1 1424 1 1744
2 1 1744 1 2064
2 1 1424 1 2064
2 1 847 1 1167
2 1 1167 1 1487
2 1 847 1 1487
2 1 1422 1 2062
2 1 1422 1 1742
2 1 1742 1 2062
2 1 845 1 1485
2 1 1164 1 1484
2 1 1162 1 1482
2 1 842 1 1482
2 1 842 1 1162
2 1 1415 1 1735
2 1 1735 1 2055
2 1 1415 1 2055
2 1 967 1 1607
2 1 1287 1 1607
2 1 841 1 1481
2 1 967 1 1287
2 1 1157 1 1477
2 1 836 1 1476
2 1 767 1 1087
2 1 1919 1 2239
2 1 766 1 1086
2 1 1918 1 2238
2 1 958 1 1918
2 1 958 1 2238
2 1 1085 1 2045
2 1 957 1 1917
2 1 957 1 2237
2 1 1917 1 2237
2 1 764 1 1084
2 1 956 1 2236
2 1 1083 1 2043
2 1 955 1 1915
2 1 954 1 1914
2 1 761 1 1081
2 1 760 1 1080
2 1 953 1 1913
2 1 952 1 2232
2 1 1784 1 2104
2 1 1464 1 1784
2 1 1464 1 2104
2 1 759 1 2039
2 1 1207 1 1527
2 1 1078 1 2038
2 1 951 1 2231
2 1 951 1 1911
2 1 1911 1 2231
2 1 1910 1 2230
2 1 757 1 1077
2 1 1077 1 2037
2 1 757 1 2037
2 1 949 1 1909
2 1 1909 1 2229
2 1 949 1 2229
2 1 948 1 2228
2 1 1011 1 1651
2 1 1460 1 2100
2 1 1460 1 1780
2 1 1780 1 2100
2 1 884 1 1204
2 1 884 1 1524
2 1 1204 1 1524
2 1 1075 1 2035
2 1 1074 1 2034
2 1 946 1 2226
2 1 945 1 1905
2 1 752 1 1072
2 1 1456 1 1776
2 1 1456 1 2096
2 1 1776 1 2096
2 1 944 1 2224
2 1 1199 1 1519
2 1 1006 1 1646
2 1 1006 1 1326
2 1 1326 1 1646
2 1 943 1 2223
2 1 1903 1 2223
2 1 943 1 1903
2 1 878 1 1518
2 1 878 1 1198
2 1 1198 1 1518
2 1 749 1 2029
2 1 877 1 1197
2 1 1324 1 1644
2 1 748 1 2028
2 1 1772 1 2092
2 1 1452 1 1772
2 1 1452 1 2092
2 1 876 1 1196
2 1 747 1 2027
2 1 1322 1 1642
2 1 1002 1 1322
2 1 1002 1 1642
2 1 1195 1 1515
2 1 1066 1 2026
2 1 746 1 2026
2 1 746 1 1066
2 1 1899 1 2219
2 1 1898 1 2218
2 1 1065 1 2025
2 1 745 1 2025
2 1 745 1 1065
2 1 937 1 2217
2 1 1897 1 2217
2 1 937 1 1897
2 1 744 1 1064
2 1 1064 1 2024
2 1 744 1 2024
2 1 1768 1 2088
2 1 1448 1 2088
2 1 1448 1 1768
2 1 743 1 2023
2 1 1191 1 1511
2 1 742 1 2022
2 1 1062 1 2022
2 1 742 1 1062
2 1 1895 1 2215
2 1 935 1 2215
2 1 935 1 1895
2 1 1446 1 1766
2 1 1766 1 2086
2 1 1446 1 2086
2 1 1189 1 1509
2 1 996 1 1316
2 1 740 1 1060
2 1 933 1 2213
2 1 1444 1 2084
2 1 1059 1 2019
2 1 931 1 1891
2 1 1313 1 1633
2 1 1442 1 2082
2 1 1442 1 1762
2 1 1762 1 2082
2 1 866 1 1186
2 1 930 1 2210
2 1 1312 1 1632
2 1 992 1 1632
2 1 992 1 1312
2 1 1761 1 2081
2 1 1185 1 1505
2 1 1056 1 2016
2 1 736 1 1056
2 1 736 1 2016
2 1 1889 1 2209
2 1 1055 1 2015
2 1 1888 1 2208
2 1 734 1 1054
2 1 927 1 1887
2 1 1886 1 2206
2 1 926 1 1886
2 1 926 1 2206
2 1 733 1 1053
2 1 733 1 2013
2 1 1053 1 2013
2 1 925 1 1885
2 1 732 1 2012
2 1 1180 1 1500
2 1 860 1 1500
2 1 860 1 1180
2 1 1436 1 1756
2 1 924 1 1884
2 1 731 1 1051
2 1 730 1 1050
2 1 730 1 2010
2 1 1050 1 2010
2 1 1883 1 2203
2 1 1882 1 2202
2 1 922 1 1882
2 1 922 1 2202
2 1 921 1 2201
2 1 984 1 1624
2 1 1304 1 1624
2 1 984 1 1304
2 1 1177 1 1497
2 1 857 1 1177
2 1 857 1 1497
2 1 1432 1 1752
2 1 1752 1 2072
2 1 1432 1 2072
2 1 983 1 1303
2 1 1303 1 1623
2 1 983 1 1623
2 1 1176 1 1496
2 1 1047 1 2007
2 1 726 1 2006
2 1 726 1 1046
2 1 1046 1 2006
2 1 1879 1 2199
2 1 1430 1 2070
2 1 918 1 2198
2 1 1878 1 2198
2 1 918 1 1878
2 1 725 1 2005
2 1 1045 1 2005
2 1 725 1 1045
2 1 724 1 2004
2 1 1044 1 2004
2 1 724 1 1044
2 1 916 1 1876
2 1 723 1 2003
2 1 723 1 1043
2 1 1043 1 2003
2 1 915 1 1875
2 1 850 1 1490
2 1 914 1 2194
2 1 721 1 1041
2 1 721 1 2001
2 1 1041 1 2001
2 1 912 1 2192
2 1 912 1 1872
2 1 1872 1 2192
2 1 848 1 1488
2 1 1168 1 1488
2 1 848 1 1168
2 1 1039 1 1999
2 1 975 1 1615
2 1 718 1 1998
2 1 910 1 2190
2 1 1870 1 2190
2 1 910 1 1870
2 1 1293 1 1613
2 1 973 1 1293
2 1 973 1 1613
2 1 846 1 1166
2 1 846 1 1486
2 1 1166 1 1486
2 1 717 1 1997
2 1 717 1 1037
2 1 1037 1 1997
2 1 1421 1 1741
2 1 1741 1 2061
2 1 1421 1 2061
2 1 716 1 1036
2 1 1420 1 1740
2 1 1035 1 1995
2 1 908 1 1868
2 1 1868 1 2188
2 1 908 1 2188
2 1 1034 1 1994
2 1 714 1 1994
2 1 714 1 1034
2 1 907 1 2187
2 1 1867 1 2187
2 1 907 1 1867
2 1 1866 1 2186
2 1 906 1 2186
2 1 906 1 1866
2 1 713 1 1033
2 1 713 1 1993
2 1 1033 1 1993
2 1 1417 1 1737
2 1 905 1 1865
2 1 905 1 2185
2 1 1865 1 2185
2 1 712 1 1032
2 1 711 1 1991
2 1 904 1 1864
2 1 1864 1 2184
2 1 904 1 2184
2 1 1159 1 1479
2 1 839 1 1479
2 1 839 1 1159
2 1 903 1 1863
2 1 1863 1 2183
2 1 903 1 2183
2 1 965 1 1605
2 1 1158 1 1478
2 1 838 1 1478
2 1 838 1 1158
2 1 709 1 1029
2 1 709 1 1989
2 1 1029 1 1989
2 1 707 1 1987
2 1 1027 1 1987
2 1 707 1 1027
2 1 899 1 1859
2 1 1411 1 1731
2 1 1025 1 1985
2 1 961 1 1601
2 1 898 1 1858
2 1 1858 1 2178
2 1 898 1 2178
2 1 1409 1 1729
2 1 896 1 2176
