665 2240
2 1 1786 1 2106
2 1 1466 1 1786
2 1 1466 1 2106
2 1 1457 1 1777
2 1 1777 1 2097
2 1 1456 1 1776
2 1 1457 1 2097
2 1 1455 1 2095
2 1 1456 1 2096
2 1 1776 1 2096
2 1 1770 1 2090
2 1 1450 1 1770
2 1 1774 1 2094
2 1 1450 1 2090
2 1 1454 1 1774
2 1 1454 1 2094
2 1 1449 1 1769
2 1 1769 1 2089
2 1 1449 1 2089
2 1 1764 1 2084
2 1 1760 1 2080
2 1 1757 1 2077
2 1 1437 1 2077
2 1 1437 1 1757
2 1 1433 1 2073
2 1 1752 1 2072
2 1 1425 1 2065
2 1 1429 1 2069
2 1 1425 1 1745
2 1 1745 1 2065
2 1 1741 1 2061
2 1 1743 1 2063
2 1 1740 1 2060
2 1 1737 1 2057
2 1 1416 1 2056
2 1 1412 1 2052
2 1 1409 1 1729
2 1 1409 1 2049
2 1 1729 1 2049
2 1 1294 1 1614
2 1 974 1 1294
2 1 974 1 1614
2 1 1292 1 1612
2 1 969 1 1609
2 1 970 1 1610
2 1 1291 1 1611
2 1 969 1 1289
2 1 971 1 1291
2 1 971 1 1611
2 1 1290 1 1610
2 1 970 1 1290
2 1 1289 1 1609
2 1 1341 1 1661
2 1 1021 1 1341
2 1 1021 1 1661
2 1 1019 1 1339
2 1 1467 1 1787
2 1 1017 1 1337
2 1 1017 1 1657
2 1 1337 1 1657
2 1 1330 1 1650
2 1 1007 1 1327
2 1 1006 1 1326
2 1 1326 1 1646
2 1 1006 1 1646
2 1 1005 1 1325
2 1 1001 1 1641
2 1 1448 1 1768
2 1 988 1 1308
2 1 988 1 1628
2 1 1308 1 1628
2 1 1436 1 1756
2 1 1307 1 1627
2 1 1304 1 1624
2 1 982 1 1302
2 1 983 1 1623
2 1 976 1 1616
2 1 835 1 1475
2 1 1410 1 2050
2 1 1152 1 1472
2 1 832 1 1152
2 1 1214 1 1534
2 1 832 1 1472
2 1 1212 1 1532
2 1 833 1 1153
2 1 833 1 1473
2 1 1153 1 1473
2 1 1018 1 1658
2 1 1208 1 1528
2 1 887 1 1207
2 1 1015 1 1655
2 1 1781 1 2101
2 1 1461 1 1781
2 1 1461 1 2101
2 1 1014 1 1654
2 1 884 1 1524
2 1 884 1 1204
2 1 1204 1 1524
2 1 883 1 1203
2 1 1011 1 1651
2 1 1331 1 1651
2 1 1011 1 1331
2 1 881 1 1201
2 1 1201 1 1521
2 1 881 1 1521
2 1 880 1 1520
2 1 880 1 1200
2 1 1200 1 1520
2 1 879 1 1519
2 1 878 1 1518
2 1 877 1 1517
2 1 1197 1 1517
2 1 877 1 1197
2 1 1194 1 1514
2 1 872 1 1512
2 1 1000 1 1640
2 1 1193 1 1513
2 1 1320 1 1640
2 1 1000 1 1320
2 1 873 1 1193
2 1 873 1 1513
2 1 1319 1 1639
2 1 1189 1 1509
2 1 868 1 1188
2 1 1441 1 2081
2 1 864 1 1504
2 1 1184 1 1504
2 1 864 1 1184
2 1 859 1 1179
2 1 860 1 1500
2 1 852 1 1172
2 1 1172 1 1492
2 1 856 1 1496
2 1 855 1 1495
2 1 1173 1 1493
2 1 852 1 1492
2 1 980 1 1620
2 1 1426 1 1746
2 1 849 1 1169
2 1 1167 1 1487
2 1 1422 1 1742
2 1 844 1 1164
2 1 1164 1 1484
2 1 844 1 1484
2 1 845 1 1165
2 1 843 1 1163
2 1 843 1 1483
2 1 1163 1 1483
2 1 842 1 1162
2 1 841 1 1161
2 1 840 1 1160
2 1 1160 1 1480
2 1 840 1 1480
2 1 1414 1 2054
2 1 1414 1 1734
2 1 1734 1 2054
2 1 1287 1 1607
2 1 967 1 1607
2 1 967 1 1287
2 1 1156 1 1476
2 1 1413 1 2053
2 1 1733 1 2053
2 1 1413 1 1733
2 1 836 1 1156
2 1 836 1 1476
2 1 1471 1 1791
2 1 1856 1 2176
2 1 896 1 2176
2 1 1791 1 2111
2 1 1471 1 2111
2 1 896 1 1856
2 1 1919 1 2239
2 1 959 1 2239
2 1 959 1 1919
2 1 1470 1 2110
2 1 765 1 2045
2 1 1918 1 2238
2 1 958 1 2238
2 1 958 1 1918
2 1 1789 1 2109
2 1 1469 1 1789
2 1 1469 1 2109
2 1 1084 1 2044
2 1 957 1 1917
2 1 1083 1 2043
2 1 1916 1 2236
2 1 955 1 1915
2 1 1915 1 2235
2 1 955 1 2235
2 1 762 1 1082
2 1 954 1 2234
2 1 954 1 1914
2 1 1914 1 2234
2 1 761 1 2041
2 1 953 1 2233
2 1 1016 1 1656
2 1 889 1 1529
2 1 1080 1 2040
2 1 759 1 1079
2 1 1910 1 2230
2 1 950 1 2230
2 1 950 1 1910
2 1 1333 1 1653
2 1 1013 1 1333
2 1 1013 1 1653
2 1 886 1 1206
2 1 757 1 2037
2 1 1012 1 1332
2 1 1332 1 1652
2 1 1012 1 1652
2 1 885 1 1205
2 1 1076 1 2036
2 1 1908 1 2228
2 1 1075 1 2035
2 1 1329 1 1649
2 1 882 1 1202
2 1 1073 1 2033
2 1 753 1 2033
2 1 753 1 1073
2 1 752 1 1072
2 1 752 1 2032
2 1 1072 1 2032
2 1 944 1 1904
2 1 1904 1 2224
2 1 944 1 2224
2 1 751 1 2031
2 1 751 1 1071
2 1 1071 1 2031
2 1 943 1 2223
2 1 943 1 1903
2 1 1903 1 2223
2 1 750 1 1070
2 1 749 1 2029
2 1 1069 1 2029
2 1 749 1 1069
2 1 1453 1 2093
2 1 1453 1 1773
2 1 1773 1 2093
2 1 941 1 2221
2 1 941 1 1901
2 1 1901 1 2221
2 1 748 1 1068
2 1 1772 1 2092
2 1 1452 1 1772
2 1 1452 1 2092
2 1 1900 1 2220
2 1 940 1 1900
2 1 940 1 2220
2 1 1322 1 1642
2 1 1002 1 1642
2 1 1002 1 1322
2 1 1771 1 2091
2 1 1451 1 2091
2 1 1451 1 1771
2 1 1195 1 1515
2 1 746 1 2026
2 1 1066 1 2026
2 1 746 1 1066
2 1 939 1 2219
2 1 1065 1 2025
2 1 745 1 1065
2 1 745 1 2025
2 1 937 1 1897
2 1 1897 1 2217
2 1 937 1 2217
2 1 1896 1 2216
2 1 936 1 2216
2 1 936 1 1896
2 1 935 1 1895
2 1 1895 1 2215
2 1 935 1 2215
2 1 998 1 1318
2 1 998 1 1638
2 1 1318 1 1638
2 1 1447 1 1767
2 1 871 1 1191
2 1 742 1 2022
2 1 997 1 1637
2 1 1766 1 2086
2 1 1061 1 2021
2 1 1060 1 2020
2 1 740 1 1060
2 1 740 1 2020
2 1 1893 1 2213
2 1 1892 1 2212
2 1 932 1 2212
2 1 932 1 1892
2 1 739 1 2019
2 1 931 1 1891
2 1 1891 1 2211
2 1 931 1 2211
2 1 867 1 1507
2 1 1187 1 1507
2 1 867 1 1187
2 1 738 1 2018
2 1 994 1 1314
2 1 993 1 1313
2 1 1313 1 1633
2 1 993 1 1633
2 1 1442 1 2082
2 1 1185 1 1505
2 1 1312 1 1632
2 1 992 1 1632
2 1 992 1 1312
2 1 736 1 1056
2 1 736 1 2016
2 1 1056 1 2016
2 1 927 1 2207
2 1 1310 1 1630
2 1 990 1 1630
2 1 990 1 1310
2 1 1183 1 1503
2 1 863 1 1503
2 1 863 1 1183
2 1 734 1 2014
2 1 989 1 1309
2 1 1309 1 1629
2 1 989 1 1629
2 1 1438 1 2078
2 1 1182 1 1502
2 1 733 1 1053
2 1 1053 1 2013
2 1 733 1 2013
2 1 732 1 1052
2 1 732 1 2012
2 1 1052 1 2012
2 1 924 1 2204
2 1 923 1 2203
2 1 1883 1 2203
2 1 923 1 1883
2 1 1050 1 2010
2 1 730 1 1050
2 1 730 1 2010
2 1 1434 1 1754
2 1 922 1 1882
2 1 729 1 1049
2 1 1049 1 2009
2 1 729 1 2009
2 1 728 1 1048
2 1 921 1 2201
2 1 921 1 1881
2 1 1881 1 2201
2 1 920 1 1880
2 1 727 1 1047
2 1 1879 1 2199
2 1 919 1 1879
2 1 919 1 2199
2 1 1430 1 2070
2 1 918 1 1878
2 1 724 1 1044
2 1 724 1 2004
2 1 1044 1 2004
2 1 917 1 1877
2 1 1428 1 1748
2 1 1428 1 2068
2 1 1748 1 2068
2 1 916 1 1876
2 1 978 1 1298
2 1 1747 1 2067
2 1 722 1 2002
2 1 915 1 2195
2 1 1170 1 1490
2 1 977 1 1617
2 1 977 1 1297
2 1 1297 1 1617
2 1 1874 1 2194
2 1 1873 1 2193
2 1 912 1 2192
2 1 912 1 1872
2 1 1872 1 2192
2 1 1424 1 1744
2 1 1424 1 2064
2 1 1744 1 2064
2 1 848 1 1488
2 1 848 1 1168
2 1 1168 1 1488
2 1 1039 1 1999
2 1 975 1 1295
2 1 718 1 1998
2 1 910 1 2190
2 1 1870 1 2190
2 1 910 1 1870
2 1 973 1 1613
2 1 973 1 1293
2 1 1293 1 1613
2 1 846 1 1166
2 1 846 1 1486
2 1 1166 1 1486
2 1 1037 1 1997
2 1 717 1 1037
2 1 717 1 1997
2 1 1869 1 2189
2 1 1036 1 1996
2 1 908 1 2188
2 1 715 1 1035
2 1 1035 1 1995
2 1 715 1 1995
2 1 907 1 2187
2 1 714 1 1994
2 1 1034 1 1994
2 1 714 1 1034
2 1 713 1 1033
2 1 713 1 1993
2 1 1033 1 1993
2 1 1032 1 1992
2 1 712 1 1992
2 1 712 1 1032
2 1 904 1 2184
2 1 1864 1 2184
2 1 904 1 1864
2 1 711 1 1991
2 1 903 1 1863
2 1 839 1 1479
2 1 1415 1 1735
2 1 710 1 1990
2 1 966 1 1606
2 1 966 1 1286
2 1 1286 1 1606
2 1 1285 1 1605
2 1 1862 1 2182
2 1 837 1 1477
2 1 708 1 1028
2 1 1860 1 2180
2 1 707 1 1027
2 1 1731 1 2051
2 1 1411 1 1731
2 1 1411 1 2051
2 1 899 1 1859
2 1 706 1 1986
2 1 961 1 1281
2 1 961 1 1601
2 1 1281 1 1601
2 1 705 1 1025
2 1 705 1 1985
2 1 1025 1 1985
2 1 898 1 2178
2 1 898 1 1858
2 1 1858 1 2178
2 1 1024 1 1984
3 1 544 1 804 1 1764
3 1 381 1 710 1 1350
3 1 523 1 783 1 1743
3 1 523 1 783 1 2063
3 1 618 1 910 1 1230
3 1 566 1 826 1 2106
3 1 498 1 1627 1 1947
3 1 566 1 826 1 1466
3 1 498 1 1307 1 1947
3 1 573 1 769 1 2049
3 1 618 1 1230 1 1870
3 1 573 1 769 1 1409
3 1 573 1 769 1 1729
3 1 525 1 721 1 1041
3 1 566 1 826 1 1786
3 1 611 1 1223 1 1863
3 1 622 1 1234 1 2194
3 1 544 1 804 1 2084
3 1 395 1 1188 1 1828
3 1 622 1 1234 1 1874
3 1 537 1 797 1 1437
3 1 540 1 800 1 1760
3 1 540 1 800 1 2080
3 1 441 1 1490 1 1810
3 1 611 1 903 1 1223
3 1 441 1 1170 1 1810
3 1 328 1 1041 1 1361
3 1 557 1 817 1 1777
3 1 557 1 817 1 1457
3 1 611 1 1159 1 1479
3 1 339 1 1052 1 1372
3 1 618 1 1230 1 2190
3 1 381 1 1350 1 1990
3 1 579 1 935 1 1255
3 1 557 1 817 1 2097
3 1 579 1 1255 1 1895
3 1 468 1 1661 1 1981
3 1 550 1 810 1 1450
3 1 478 1 1863 1 2183
3 1 579 1 1255 1 2215
3 1 537 1 797 1 2077
3 1 537 1 797 1 1757
3 1 460 1 1909 1 2229
3 1 384 1 1433 1 1753
3 1 532 1 792 1 1752
3 1 532 1 792 1 2072
3 1 384 1 1753 1 2073
3 1 533 1 793 1 2073
3 1 529 1 789 1 1429
3 1 529 1 789 1 2069
3 1 550 1 810 1 1770
3 1 533 1 793 1 1433
3 1 548 1 808 1 1448
3 1 406 1 1775 1 2095
3 1 555 1 815 1 1455
3 1 604 1 896 1 1216
3 1 604 1 1216 1 1856
3 1 604 1 1216 1 2176
3 1 609 1 837 1 1157
3 1 474 1 899 1 2179
3 1 609 1 1157 1 1477
3 1 474 1 1859 1 2179
3 1 607 1 1155 1 1475
3 1 399 1 872 1 1832
3 1 406 1 1455 1 1775
3 1 382 1 1351 1 1991
3 1 489 1 1298 1 1938
3 1 555 1 815 1 2095
3 1 563 1 823 1 1783
3 1 549 1 809 1 1449
3 1 427 1 1732 1 2052
3 1 549 1 809 1 2089
3 1 549 1 809 1 1769
3 1 594 1 1270 1 2230
3 1 550 1 810 1 2090
3 1 599 1 891 1 1211
3 1 428 1 837 1 1797
3 1 554 1 814 1 2094
3 1 575 1 771 1 1411
3 1 556 1 816 1 1456
3 1 447 1 856 1 1816
3 1 575 1 771 1 1731
3 1 606 1 1218 1 2178
3 1 575 1 771 1 2051
3 1 607 1 1219 1 1859
3 1 556 1 816 1 1776
3 1 607 1 899 1 1219
3 1 556 1 816 1 2096
3 1 428 1 1477 1 1797
3 1 630 1 922 1 1242
3 1 554 1 814 1 1454
3 1 437 1 1486 1 1806
3 1 554 1 814 1 1774
3 1 377 1 706 1 1346
3 1 594 1 1270 1 1910
3 1 530 1 790 1 1430
3 1 570 1 766 1 1086
3 1 403 1 1516 1 1836
3 1 582 1 1258 1 2218
3 1 421 1 1214 1 1854
3 1 442 1 1491 1 1811
3 1 594 1 950 1 1270
3 1 632 1 1244 1 2204
3 1 329 1 722 1 1362
3 1 461 1 1014 1 1974
3 1 607 1 835 1 1155
3 1 623 1 1171 1 1491
3 1 488 1 977 1 1937
3 1 632 1 924 1 1244
3 1 492 1 1877 1 2197
3 1 395 1 868 1 1828
3 1 615 1 907 1 1227
3 1 366 1 759 1 1399
3 1 507 1 1316 1 1956
3 1 348 1 1381 1 2021
3 1 581 1 937 1 1257
3 1 587 1 1263 1 2223
3 1 489 1 978 1 1938
3 1 356 1 1389 1 2029
3 1 360 1 1073 1 1393
3 1 638 1 866 1 1186
3 1 478 1 903 1 2183
3 1 585 1 941 1 1261
3 1 421 1 1534 1 1854
3 1 514 1 774 1 2054
3 1 522 1 782 1 1742
3 1 536 1 796 1 1436
3 1 348 1 1061 1 1381
3 1 341 1 1374 1 2014
3 1 617 1 1229 1 1869
3 1 444 1 1749 1 2069
3 1 390 1 863 1 1823
3 1 499 1 1308 1 1948
3 1 461 1 1654 1 1974
3 1 448 1 1641 1 1961
3 1 388 1 1501 1 1821
3 1 382 1 711 1 1351
3 1 545 1 741 1 2021
3 1 457 1 946 1 2226
3 1 437 1 846 1 1806
3 1 327 1 1296 1 1616
3 1 580 1 1192 1 1512
3 1 453 1 1006 1 1966
3 1 633 1 1245 1 1885
3 1 468 1 1021 1 1981
3 1 520 1 780 1 1740
3 1 438 1 1487 1 1807
3 1 606 1 898 1 1218
3 1 614 1 906 1 1226
3 1 357 1 750 1 1390
3 1 516 1 776 1 2056
3 1 377 1 1346 1 1986
3 1 631 1 1243 1 2203
3 1 338 1 1051 1 1371
3 1 370 1 1083 1 1403
3 1 437 1 1166 1 1806
3 1 391 1 1184 1 1824
3 1 511 1 1640 1 1960
3 1 522 1 782 1 1422
3 1 520 1 780 1 2060
3 1 456 1 1329 1 1969
3 1 606 1 1218 1 1858
3 1 615 1 1227 1 2187
3 1 393 1 1762 1 2082
3 1 623 1 915 1 1235
3 1 468 1 1341 1 1981
3 1 477 1 1286 1 1926
3 1 356 1 749 1 1389
3 1 427 1 1412 1 1732
3 1 580 1 1256 1 1896
3 1 621 1 1233 1 1873
3 1 376 1 1025 1 1345
3 1 517 1 777 1 1737
3 1 483 1 1292 1 1932
3 1 517 1 777 1 2057
3 1 377 1 1282 1 1602
3 1 616 1 908 1 1228
3 1 454 1 1007 1 1967
3 1 454 1 1327 1 1967
3 1 481 1 1610 1 1930
3 1 581 1 1257 1 1897
3 1 405 1 1518 1 1838
3 1 581 1 1257 1 2217
3 1 455 1 1328 1 1968
3 1 412 1 885 1 1845
3 1 400 1 1193 1 1833
3 1 339 1 732 1 1372
3 1 572 1 768 1 1728
3 1 592 1 1268 1 2228
3 1 637 1 1249 1 1889
3 1 364 1 1397 1 2037
3 1 490 1 979 1 1939
3 1 462 1 951 1 2231
3 1 511 1 1320 1 1960
3 1 431 1 1480 1 1800
3 1 587 1 1263 1 1903
3 1 545 1 805 1 1765
3 1 405 1 878 1 1838
3 1 341 1 734 1 1374
3 1 564 1 760 1 2040
3 1 570 1 830 1 2110
3 1 570 1 830 1 1470
3 1 421 1 1470 1 1790
3 1 421 1 1790 1 2110
3 1 394 1 1507 1 1827
3 1 487 1 976 1 1936
3 1 419 1 1532 1 1852
3 1 514 1 774 1 1734
3 1 418 1 891 1 1851
3 1 447 1 1496 1 1816
3 1 541 1 801 1 2081
3 1 568 1 828 1 1788
3 1 431 1 1416 1 1736
3 1 353 1 746 1 1386
3 1 419 1 1212 1 1852
3 1 348 1 997 1 1317
3 1 404 1 1197 1 1837
3 1 548 1 744 1 1064
3 1 408 1 881 1 1841
3 1 601 1 1213 1 1533
3 1 626 1 854 1 1174
3 1 467 1 1020 1 1980
3 1 536 1 796 1 1756
3 1 564 1 760 1 1080
3 1 545 1 741 1 1061
3 1 631 1 1243 1 1883
