443 2240
2 1 1469 1 2109
2 1 1469 1 1789
2 1 1789 1 2109
2 1 1781 1 2101
2 1 1457 1 2097
2 1 1777 1 2097
2 1 1457 1 1777
2 1 1456 1 2096
2 1 1454 1 2094
2 1 1772 1 2092
2 1 1450 1 1770
2 1 1450 1 2090
2 1 1770 1 2090
2 1 1444 1 2084
2 1 1754 1 2074
2 1 1434 1 2074
2 1 1434 1 1754
2 1 1755 1 2075
2 1 1753 1 2073
2 1 1435 1 1755
2 1 1435 1 2075
2 1 1430 1 1750
2 1 1430 1 2070
2 1 1752 1 2072
2 1 1750 1 2070
2 1 1428 1 2068
2 1 1729 1 2049
2 1 1418 1 2058
2 1 1409 1 2049
2 1 1412 1 2052
2 1 1732 1 2052
2 1 1412 1 1732
2 1 1409 1 1729
2 1 965 1 1605
2 1 962 1 1282
2 1 1281 1 1601
2 1 960 1 1600
2 1 1341 1 1661
2 1 1291 1 1611
2 1 1021 1 1661
2 1 1021 1 1341
2 1 1462 1 1782
2 1 1335 1 1655
2 1 1013 1 1653
2 1 1011 1 1331
2 1 1331 1 1651
2 1 1011 1 1651
2 1 1329 1 1649
2 1 1009 1 1649
2 1 1009 1 1329
2 1 1007 1 1327
2 1 1005 1 1645
2 1 1325 1 1645
2 1 1005 1 1325
2 1 995 1 1635
2 1 1001 1 1641
2 1 1319 1 1639
2 1 1443 1 1763
2 1 993 1 1633
2 1 987 1 1307
2 1 987 1 1627
2 1 999 1 1639
2 1 999 1 1319
2 1 1307 1 1627
2 1 985 1 1625
2 1 983 1 1303
2 1 1436 1 1756
2 1 1302 1 1622
2 1 981 1 1621
2 1 835 1 1475
2 1 833 1 1153
2 1 832 1 1152
2 1 832 1 1472
2 1 982 1 1302
2 1 982 1 1622
2 1 1152 1 1472
2 1 895 1 1215
2 1 1214 1 1534
2 1 1213 1 1533
2 1 1467 1 2107
2 1 1212 1 1532
2 1 892 1 1212
2 1 892 1 1532
2 1 1020 1 1340
2 1 1019 1 1339
2 1 1783 1 2103
2 1 1336 1 1656
2 1 1206 1 1526
2 1 886 1 1526
2 1 886 1 1206
2 1 1204 1 1524
2 1 884 1 1524
2 1 884 1 1204
2 1 885 1 1205
2 1 1332 1 1652
2 1 1200 1 1520
2 1 880 1 1200
2 1 880 1 1520
2 1 879 1 1519
2 1 1453 1 2093
2 1 1453 1 1773
2 1 1773 1 2093
2 1 876 1 1516
2 1 1771 1 2091
2 1 1194 1 1514
2 1 874 1 1194
2 1 874 1 1514
2 1 1192 1 1512
2 1 873 1 1193
2 1 1193 1 1513
2 1 873 1 1513
2 1 1000 1 1320
2 1 867 1 1507
2 1 866 1 1186
2 1 1441 1 2081
2 1 1761 1 2081
2 1 1441 1 1761
2 1 994 1 1314
2 1 1314 1 1634
2 1 994 1 1634
2 1 1184 1 1504
2 1 864 1 1504
2 1 864 1 1184
2 1 991 1 1631
2 1 1311 1 1631
2 1 991 1 1311
2 1 1437 1 1757
2 1 859 1 1179
2 1 858 1 1178
2 1 1178 1 1498
2 1 858 1 1498
2 1 857 1 1177
2 1 1177 1 1497
2 1 857 1 1497
2 1 856 1 1496
2 1 855 1 1495
2 1 853 1 1493
2 1 1173 1 1493
2 1 853 1 1173
2 1 1746 1 2066
2 1 1426 1 2066
2 1 1426 1 1746
2 1 979 1 1619
2 1 1425 1 1745
2 1 1425 1 2065
2 1 1745 1 2065
2 1 848 1 1488
2 1 1168 1 1488
2 1 848 1 1168
2 1 847 1 1167
2 1 1742 1 2062
2 1 975 1 1615
2 1 1421 1 1741
2 1 1741 1 2061
2 1 1421 1 2061
2 1 974 1 1614
2 1 1294 1 1614
2 1 974 1 1294
2 1 844 1 1484
2 1 1164 1 1484
2 1 844 1 1164
2 1 1419 1 2059
2 1 842 1 1162
2 1 842 1 1482
2 1 1162 1 1482
2 1 1417 1 2057
2 1 969 1 1289
2 1 969 1 1609
2 1 1289 1 1609
2 1 1415 1 2055
2 1 1735 1 2055
2 1 1415 1 1735
2 1 838 1 1478
2 1 1157 1 1477
2 1 1156 1 1476
2 1 896 1 2176
2 1 896 1 1856
2 1 1856 1 2176
2 1 766 1 1086
2 1 1790 1 2110
2 1 765 1 1085
2 1 1084 1 2044
2 1 957 1 2237
2 1 1917 1 2237
2 1 957 1 1917
2 1 1916 1 2236
2 1 956 1 2236
2 1 956 1 1916
2 1 1018 1 1338
2 1 762 1 2042
2 1 955 1 2235
2 1 1017 1 1657
2 1 1017 1 1337
2 1 1337 1 1657
2 1 890 1 1210
2 1 890 1 1530
2 1 1210 1 1530
2 1 1466 1 1786
2 1 1081 1 2041
2 1 761 1 2041
2 1 761 1 1081
2 1 1465 1 2105
2 1 760 1 1080
2 1 1913 1 2233
2 1 952 1 1912
2 1 951 1 1911
2 1 1334 1 1654
2 1 1014 1 1654
2 1 1014 1 1334
2 1 887 1 1207
2 1 1207 1 1527
2 1 887 1 1527
2 1 758 1 1078
2 1 1078 1 2038
2 1 758 1 2038
2 1 1910 1 2230
2 1 757 1 2037
2 1 757 1 1077
2 1 1077 1 2037
2 1 949 1 2229
2 1 756 1 2036
2 1 1076 1 2036
2 1 756 1 1076
2 1 1908 1 2228
2 1 948 1 1908
2 1 948 1 2228
2 1 755 1 2035
2 1 1330 1 1650
2 1 1010 1 1650
2 1 1010 1 1330
2 1 754 1 1074
2 1 1074 1 2034
2 1 754 1 2034
2 1 1073 1 2033
2 1 1072 1 2032
2 1 752 1 1072
2 1 752 1 2032
2 1 944 1 2224
2 1 1904 1 2224
2 1 944 1 1904
2 1 751 1 1071
2 1 1775 1 2095
2 1 1455 1 1775
2 1 1455 1 2095
2 1 943 1 1903
2 1 750 1 2030
2 1 750 1 1070
2 1 1070 1 2030
2 1 942 1 2222
2 1 1902 1 2222
2 1 942 1 1902
2 1 877 1 1517
2 1 941 1 1901
2 1 1068 1 2028
2 1 875 1 1515
2 1 1195 1 1515
2 1 875 1 1195
2 1 939 1 2219
2 1 746 1 2026
2 1 746 1 1066
2 1 1066 1 2026
2 1 1898 1 2218
2 1 745 1 2025
2 1 1065 1 2025
2 1 745 1 1065
2 1 1769 1 2089
2 1 1449 1 2089
2 1 1449 1 1769
2 1 937 1 1897
2 1 937 1 2217
2 1 1897 1 2217
2 1 1064 1 2024
2 1 1896 1 2216
2 1 936 1 2216
2 1 936 1 1896
2 1 1895 1 2215
2 1 935 1 2215
2 1 935 1 1895
2 1 1447 1 1767
2 1 1062 1 2022
2 1 998 1 1318
2 1 1446 1 1766
2 1 1894 1 2214
2 1 1765 1 2085
2 1 1445 1 1765
2 1 1445 1 2085
2 1 740 1 1060
2 1 1060 1 2020
2 1 740 1 2020
2 1 933 1 2213
2 1 933 1 1893
2 1 1893 1 2213
2 1 1059 1 2019
2 1 739 1 1059
2 1 739 1 2019
2 1 1892 1 2212
2 1 738 1 2018
2 1 1058 1 2018
2 1 738 1 1058
2 1 930 1 1890
2 1 930 1 2210
2 1 1890 1 2210
2 1 737 1 2017
2 1 865 1 1185
2 1 992 1 1632
2 1 1056 1 2016
2 1 1888 1 2208
2 1 1310 1 1630
2 1 990 1 1310
2 1 990 1 1630
2 1 927 1 2207
2 1 1309 1 1629
2 1 989 1 1629
2 1 989 1 1309
2 1 1182 1 1502
2 1 1052 1 2012
2 1 1884 1 2204
2 1 731 1 1051
2 1 923 1 2203
2 1 730 1 2010
2 1 1050 1 2010
2 1 730 1 1050
2 1 922 1 2202
2 1 1882 1 2202
2 1 922 1 1882
2 1 729 1 2009
2 1 1049 1 2009
2 1 729 1 1049
2 1 921 1 2201
2 1 1881 1 2201
2 1 921 1 1881
2 1 1048 1 2008
2 1 920 1 2200
2 1 1880 1 2200
2 1 920 1 1880
2 1 727 1 1047
2 1 1879 1 2199
2 1 919 1 2199
2 1 919 1 1879
2 1 1751 1 2071
2 1 1431 1 2071
2 1 1431 1 1751
2 1 1045 1 2005
2 1 1878 1 2198
2 1 918 1 2198
2 1 918 1 1878
2 1 1749 1 2069
2 1 1429 1 2069
2 1 1429 1 1749
2 1 917 1 2197
2 1 917 1 1877
2 1 1877 1 2197
2 1 724 1 1044
2 1 723 1 2003
2 1 1876 1 2196
2 1 916 1 1876
2 1 916 1 2196
2 1 915 1 1875
2 1 1747 1 2067
2 1 1427 1 1747
2 1 1427 1 2067
2 1 851 1 1171
2 1 1171 1 1491
2 1 851 1 1491
2 1 1298 1 1618
2 1 978 1 1618
2 1 978 1 1298
2 1 977 1 1617
2 1 976 1 1296
2 1 849 1 1489
2 1 849 1 1169
2 1 1169 1 1489
2 1 1040 1 2000
2 1 1872 1 2192
2 1 1039 1 1999
2 1 911 1 2191
2 1 718 1 1998
2 1 973 1 1293
2 1 973 1 1613
2 1 1293 1 1613
2 1 910 1 1870
2 1 1869 1 2189
2 1 845 1 1165
2 1 1165 1 1485
2 1 845 1 1485
2 1 716 1 1036
2 1 1036 1 1996
2 1 716 1 1996
2 1 972 1 1612
2 1 1292 1 1612
2 1 972 1 1292
2 1 1868 1 2188
2 1 843 1 1163
2 1 907 1 2187
2 1 714 1 1034
2 1 713 1 1993
2 1 841 1 1161
2 1 1161 1 1481
2 1 841 1 1481
2 1 905 1 1865
2 1 712 1 1992
2 1 967 1 1287
2 1 1287 1 1607
2 1 967 1 1607
2 1 840 1 1480
2 1 966 1 1606
2 1 1286 1 1606
2 1 966 1 1286
2 1 839 1 1159
2 1 1030 1 1990
2 1 710 1 1990
2 1 710 1 1030
2 1 1414 1 2054
2 1 1734 1 2054
2 1 1414 1 1734
2 1 1029 1 1989
2 1 709 1 1989
2 1 709 1 1029
2 1 1733 1 2053
2 1 1413 1 2053
2 1 1413 1 1733
2 1 708 1 1028
2 1 1028 1 1988
2 1 708 1 1988
2 1 901 1 2181
2 1 707 1 1027
2 1 1027 1 1987
2 1 707 1 1987
2 1 900 1 1860
2 1 1860 1 2180
2 1 900 1 2180
2 1 1411 1 2051
2 1 899 1 1859
2 1 1859 1 2179
2 1 899 1 2179
2 1 706 1 1986
2 1 1026 1 1986
2 1 706 1 1026
2 1 898 1 1858
2 1 897 1 1857
2 1 1024 1 1984
2 1 704 1 1024
2 1 704 1 1984
