588 2240
2 1 1463 1 2103
2 1 1783 1 2103
2 1 1463 1 1783
2 1 1459 1 2099
2 1 1779 1 2099
2 1 1459 1 1779
2 1 1775 1 2095
2 1 1454 1 2094
2 1 1761 1 2081
2 1 1441 1 2081
2 1 1774 1 2094
2 1 1454 1 1774
2 1 1441 1 1761
2 1 1749 1 2069
2 1 1742 1 2062
2 1 1420 1 2060
2 1 1442 1 2082
2 1 1736 1 2056
2 1 1411 1 1731
2 1 1762 1 2082
2 1 1442 1 1762
2 1 1411 1 2051
2 1 1731 1 2051
2 1 1730 1 2050
2 1 1422 1 1742
2 1 1422 1 2062
2 1 1410 1 1730
2 1 1410 1 2050
2 1 1409 1 2049
2 1 1409 1 1729
2 1 1729 1 2049
2 1 973 1 1293
2 1 975 1 1295
2 1 1415 1 1735
2 1 963 1 1283
2 1 1408 1 1728
2 1 1468 1 1788
2 1 1467 1 1787
2 1 1466 1 1786
2 1 1337 1 1657
2 1 1017 1 1657
2 1 1017 1 1337
2 1 1465 1 1785
2 1 1018 1 1338
2 1 1016 1 1336
2 1 1016 1 1656
2 1 1336 1 1656
2 1 1015 1 1655
2 1 1006 1 1326
2 1 1005 1 1645
2 1 1453 1 1773
2 1 1452 1 1772
2 1 1313 1 1633
2 1 1311 1 1631
2 1 986 1 1306
2 1 1300 1 1620
2 1 834 1 1474
2 1 1154 1 1474
2 1 834 1 1154
2 1 833 1 1153
2 1 833 1 1473
2 1 1153 1 1473
2 1 832 1 1152
2 1 1023 1 1663
2 1 1152 1 1472
2 1 1023 1 1343
2 1 989 1 1629
2 1 1309 1 1629
2 1 832 1 1472
2 1 1343 1 1663
2 1 891 1 1211
2 1 889 1 1209
2 1 888 1 1208
2 1 887 1 1207
2 1 886 1 1526
2 1 886 1 1206
2 1 1206 1 1526
2 1 1461 1 1781
2 1 1781 1 2101
2 1 1461 1 2101
2 1 1334 1 1654
2 1 1460 1 1780
2 1 883 1 1203
2 1 989 1 1309
2 1 1010 1 1330
2 1 1330 1 1650
2 1 1010 1 1650
2 1 878 1 1518
2 1 876 1 1196
2 1 1448 1 2088
2 1 1458 1 1778
2 1 877 1 1197
2 1 877 1 1517
2 1 1197 1 1517
2 1 1001 1 1641
2 1 1001 1 1321
2 1 1321 1 1641
2 1 1445 1 2085
2 1 866 1 1186
2 1 866 1 1506
2 1 1186 1 1506
2 1 865 1 1185
2 1 1185 1 1505
2 1 865 1 1505
2 1 864 1 1504
2 1 1184 1 1504
2 1 864 1 1184
2 1 1312 1 1632
2 1 862 1 1182
2 1 1180 1 1500
2 1 1179 1 1499
2 1 1432 1 1752
2 1 1432 1 2072
2 1 1752 1 2072
2 1 985 1 1625
2 1 1305 1 1625
2 1 985 1 1305
2 1 1751 1 2071
2 1 984 1 1304
2 1 984 1 1624
2 1 1304 1 1624
2 1 1174 1 1494
2 1 854 1 1494
2 1 854 1 1174
2 1 1173 1 1493
2 1 1301 1 1621
2 1 851 1 1171
2 1 1168 1 1488
2 1 1165 1 1485
2 1 845 1 1165
2 1 845 1 1485
2 1 972 1 1612
2 1 1292 1 1612
2 1 972 1 1292
2 1 971 1 1611
2 1 840 1 1160
2 1 839 1 1479
2 1 1287 1 1607
2 1 967 1 1287
2 1 967 1 1607
2 1 896 1 1856
2 1 1856 1 2176
2 1 896 1 2176
2 1 959 1 2239
2 1 959 1 1919
2 1 1919 1 2239
2 1 1471 1 1791
2 1 1471 1 2111
2 1 1791 1 2111
2 1 895 1 1215
2 1 1342 1 1662
2 1 1022 1 1662
2 1 1022 1 1342
2 1 1021 1 1341
2 1 1021 1 1661
2 1 1341 1 1661
2 1 1918 1 2238
2 1 1020 1 1340
2 1 893 1 1213
2 1 1084 1 2044
2 1 763 1 1083
2 1 1083 1 2043
2 1 763 1 2043
2 1 955 1 1915
2 1 1915 1 2235
2 1 955 1 2235
2 1 762 1 2042
2 1 1082 1 2042
2 1 762 1 1082
2 1 954 1 1914
2 1 954 1 2234
2 1 1914 1 2234
2 1 1081 1 2041
2 1 761 1 1081
2 1 761 1 2041
2 1 953 1 1913
2 1 1913 1 2233
2 1 953 1 2233
2 1 760 1 1080
2 1 760 1 2040
2 1 1080 1 2040
2 1 952 1 1912
2 1 1912 1 2232
2 1 952 1 2232
2 1 1079 1 2039
2 1 951 1 2231
2 1 758 1 1078
2 1 1782 1 2102
2 1 950 1 2230
2 1 1012 1 1332
2 1 1205 1 1525
2 1 1909 1 2229
2 1 949 1 1909
2 1 949 1 2229
2 1 1908 1 2228
2 1 884 1 1204
2 1 1204 1 1524
2 1 884 1 1524
2 1 1331 1 1651
2 1 1011 1 1331
2 1 1011 1 1651
2 1 882 1 1522
2 1 946 1 2226
2 1 1202 1 1522
2 1 882 1 1202
2 1 1009 1 1329
2 1 1328 1 1648
2 1 1457 1 2097
2 1 1457 1 1777
2 1 1777 1 2097
2 1 881 1 1201
2 1 1905 1 2225
2 1 752 1 2032
2 1 1456 1 2096
2 1 1456 1 1776
2 1 1776 1 2096
2 1 751 1 2031
2 1 1071 1 2031
2 1 751 1 1071
2 1 1904 1 2224
2 1 750 1 1070
2 1 1903 1 2223
2 1 942 1 1902
2 1 942 1 2222
2 1 1902 1 2222
2 1 749 1 2029
2 1 749 1 1069
2 1 1069 1 2029
2 1 941 1 1901
2 1 941 1 2221
2 1 1901 1 2221
2 1 748 1 1068
2 1 748 1 2028
2 1 1068 1 2028
2 1 1900 1 2220
2 1 940 1 1900
2 1 940 1 2220
2 1 747 1 2027
2 1 1899 1 2219
2 1 939 1 2219
2 1 939 1 1899
2 1 1451 1 2091
2 1 1771 1 2091
2 1 1451 1 1771
2 1 875 1 1195
2 1 1002 1 1642
2 1 1322 1 1642
2 1 1002 1 1322
2 1 746 1 1066
2 1 1193 1 1513
2 1 1000 1 1320
2 1 872 1 1192
2 1 1447 1 1767
2 1 871 1 1511
2 1 871 1 1191
2 1 1191 1 1511
2 1 742 1 2022
2 1 998 1 1318
2 1 1446 1 1766
2 1 997 1 1637
2 1 1317 1 1637
2 1 997 1 1317
2 1 996 1 1316
2 1 996 1 1636
2 1 1316 1 1636
2 1 740 1 2020
2 1 1188 1 1508
2 1 868 1 1188
2 1 868 1 1508
2 1 867 1 1187
2 1 1891 1 2211
2 1 1058 1 2018
2 1 738 1 2018
2 1 738 1 1058
2 1 737 1 2017
2 1 737 1 1057
2 1 1057 1 2017
2 1 1889 1 2209
2 1 929 1 1889
2 1 929 1 2209
2 1 736 1 2016
2 1 1056 1 2016
2 1 736 1 1056
2 1 1888 1 2208
2 1 928 1 1888
2 1 928 1 2208
2 1 735 1 2015
2 1 863 1 1183
2 1 927 1 1887
2 1 1310 1 1630
2 1 1054 1 2014
2 1 734 1 1054
2 1 734 1 2014
2 1 1438 1 1758
2 1 988 1 1308
2 1 1757 1 2077
2 1 1437 1 1757
2 1 1437 1 2077
2 1 732 1 1052
2 1 925 1 2205
2 1 1436 1 1756
2 1 1436 1 2076
2 1 1756 1 2076
2 1 1051 1 2011
2 1 731 1 1051
2 1 731 1 2011
2 1 1435 1 1755
2 1 730 1 1050
2 1 730 1 2010
2 1 1050 1 2010
2 1 923 1 2203
2 1 1049 1 2009
2 1 729 1 2009
2 1 729 1 1049
2 1 922 1 1882
2 1 1882 1 2202
2 1 922 1 2202
2 1 1433 1 1753
2 1 1433 1 2073
2 1 1753 1 2073
2 1 728 1 2008
2 1 1303 1 1623
2 1 1176 1 1496
2 1 1880 1 2200
2 1 920 1 2200
2 1 920 1 1880
2 1 1302 1 1622
2 1 855 1 1175
2 1 855 1 1495
2 1 1175 1 1495
2 1 1879 1 2199
2 1 726 1 1046
2 1 726 1 2006
2 1 1046 1 2006
2 1 1878 1 2198
2 1 725 1 1045
2 1 724 1 2004
2 1 917 1 1877
2 1 1876 1 2196
2 1 916 1 2196
2 1 916 1 1876
2 1 852 1 1492
2 1 852 1 1172
2 1 1172 1 1492
2 1 979 1 1299
2 1 1299 1 1619
2 1 979 1 1619
2 1 1043 1 2003
2 1 723 1 1043
2 1 723 1 2003
2 1 1875 1 2195
2 1 722 1 2002
2 1 1874 1 2194
2 1 914 1 1874
2 1 914 1 2194
2 1 977 1 1297
2 1 850 1 1170
2 1 721 1 2001
2 1 1745 1 2065
2 1 1425 1 2065
2 1 1425 1 1745
2 1 720 1 1040
2 1 1040 1 2000
2 1 720 1 2000
2 1 976 1 1616
2 1 976 1 1296
2 1 1296 1 1616
2 1 1424 1 1744
2 1 1744 1 2064
2 1 1424 1 2064
2 1 719 1 1999
2 1 974 1 1294
2 1 1743 1 2063
2 1 1167 1 1487
2 1 718 1 1038
2 1 1871 1 2191
2 1 911 1 2191
2 1 911 1 1871
2 1 1037 1 1997
2 1 717 1 1037
2 1 717 1 1997
2 1 1870 1 2190
2 1 909 1 1869
2 1 1869 1 2189
2 1 909 1 2189
2 1 1741 1 2061
2 1 1421 1 1741
2 1 1421 1 2061
2 1 1036 1 1996
2 1 716 1 1996
2 1 716 1 1036
2 1 715 1 1995
2 1 908 1 1868
2 1 1868 1 2188
2 1 908 1 2188
2 1 843 1 1163
2 1 843 1 1483
2 1 1163 1 1483
2 1 1290 1 1610
2 1 714 1 1994
2 1 842 1 1162
2 1 1162 1 1482
2 1 842 1 1482
2 1 968 1 1288
2 1 712 1 1032
2 1 1864 1 2184
2 1 1031 1 1991
2 1 1863 1 2183
2 1 903 1 2183
2 1 903 1 1863
2 1 710 1 1990
2 1 1862 1 2182
2 1 902 1 2182
2 1 902 1 1862
2 1 965 1 1285
2 1 838 1 1158
2 1 837 1 1157
2 1 1413 1 1733
2 1 1028 1 1988
2 1 708 1 1988
2 1 708 1 1028
2 1 1412 1 1732
2 1 1412 1 2052
2 1 1732 1 2052
2 1 707 1 1027
2 1 1860 1 2180
2 1 899 1 1859
2 1 899 1 2179
2 1 1859 1 2179
2 1 898 1 2178
2 1 705 1 1985
2 1 705 1 1025
2 1 1025 1 1985
2 1 897 1 1857
2 1 897 1 2177
2 1 1857 1 2177
2 1 1024 1 1984
3 1 452 1 1005 1 1965
3 1 624 1 916 1 1236
3 1 452 1 1645 1 1965
3 1 484 1 1293 1 1933
3 1 466 1 1659 1 1979
3 1 520 1 780 1 2060
3 1 542 1 802 1 1442
3 1 542 1 802 1 2082
3 1 506 1 1315 1 1955
3 1 542 1 802 1 1762
3 1 370 1 1339 1 1659
3 1 356 1 1005 1 1325
3 1 403 1 1196 1 1836
3 1 624 1 1236 1 2196
3 1 445 1 1750 1 2070
3 1 563 1 823 1 2103
3 1 563 1 823 1 1783
3 1 435 1 1420 1 1740
3 1 541 1 801 1 2081
3 1 439 1 1488 1 1808
3 1 575 1 771 1 1731
3 1 563 1 823 1 1463
3 1 624 1 1236 1 1876
3 1 395 1 1188 1 1828
3 1 416 1 889 1 1849
3 1 606 1 898 1 1218
3 1 359 1 752 1 1392
3 1 615 1 907 1 1227
3 1 541 1 801 1 1441
3 1 541 1 801 1 1761
3 1 502 1 1631 1 1951
3 1 356 1 1325 1 1645
3 1 559 1 819 1 2099
3 1 592 1 1268 1 1908
3 1 592 1 1268 1 2228
3 1 554 1 814 1 1774
3 1 335 1 1368 1 2008
3 1 597 1 1273 1 1913
3 1 604 1 1216 1 2176
3 1 573 1 769 1 1409
3 1 394 1 867 1 1827
3 1 611 1 839 1 1159
3 1 347 1 1380 1 2020
3 1 425 1 834 1 1794
3 1 500 1 1309 1 1949
3 1 617 1 909 1 1229
3 1 560 1 820 1 1460
3 1 472 1 961 1 1921
3 1 327 1 1360 1 2000
3 1 465 1 1338 1 1978
3 1 573 1 769 1 2049
3 1 573 1 769 1 1729
3 1 360 1 753 1 1393
3 1 522 1 782 1 2062
3 1 416 1 1209 1 1849
3 1 486 1 1295 1 1935
3 1 590 1 946 1 1266
3 1 590 1 1266 1 2226
3 1 555 1 815 1 2095
3 1 482 1 907 1 2187
3 1 477 1 966 1 1926
3 1 497 1 1306 1 1946
3 1 586 1 942 1 1262
3 1 353 1 1066 1 1386
3 1 346 1 1379 1 2019
3 1 574 1 770 1 1730
3 1 554 1 814 1 1454
3 1 559 1 819 1 1459
3 1 548 1 808 1 1448
3 1 555 1 815 1 1775
3 1 455 1 1648 1 1968
3 1 516 1 776 1 2056
3 1 604 1 896 1 1216
3 1 600 1 1276 1 2236
3 1 554 1 814 1 2094
3 1 473 1 1282 1 1922
3 1 435 1 1740 1 2060
3 1 405 1 878 1 1838
3 1 516 1 776 1 1736
3 1 543 1 739 1 2019
3 1 568 1 828 1 1468
3 1 543 1 803 1 2083
3 1 520 1 780 1 1420
3 1 359 1 1392 1 2032
3 1 502 1 1311 1 1951
3 1 575 1 771 1 2051
3 1 575 1 771 1 1411
3 1 559 1 819 1 1779
3 1 529 1 789 1 2069
3 1 529 1 789 1 1749
3 1 522 1 782 1 1742
3 1 522 1 782 1 1422
3 1 439 1 1168 1 1808
3 1 603 1 959 1 1279
3 1 569 1 765 1 2045
3 1 599 1 1275 1 1915
3 1 407 1 1520 1 1840
3 1 435 1 1484 1 1804
3 1 486 1 975 1 1935
3 1 557 1 817 1 1457
3 1 425 1 1154 1 1794
3 1 408 1 1201 1 1841
3 1 559 1 755 1 1075
3 1 335 1 728 1 1368
3 1 586 1 1198 1 1518
3 1 618 1 1166 1 1486
3 1 572 1 704 1 1984
3 1 394 1 1187 1 1827
3 1 611 1 1223 1 2183
3 1 574 1 770 1 1410
3 1 440 1 1169 1 1809
3 1 611 1 903 1 1223
3 1 611 1 1223 1 1863
3 1 327 1 720 1 1360
3 1 327 1 1040 1 1360
3 1 519 1 779 1 2059
3 1 370 1 763 1 1403
3 1 361 1 754 1 1394
3 1 572 1 704 1 1024
3 1 491 1 1300 1 1940
3 1 428 1 837 1 1797
3 1 604 1 1216 1 1856
3 1 606 1 1218 1 2178
3 1 484 1 973 1 1933
3 1 497 1 986 1 1946
3 1 491 1 1620 1 1940
3 1 507 1 1892 1 2212
3 1 372 1 1405 1 2045
3 1 399 1 872 1 1832
3 1 536 1 796 1 2076
3 1 617 1 1229 1 1869
3 1 384 1 1177 1 1817
3 1 347 1 740 1 1380
3 1 385 1 1434 1 1754
3 1 617 1 1229 1 2189
3 1 418 1 891 1 1851
3 1 370 1 1083 1 1403
3 1 566 1 826 1 1786
3 1 418 1 1211 1 1851
3 1 394 1 1763 1 2083
3 1 434 1 1739 1 2059
3 1 628 1 1240 1 1880
3 1 476 1 1285 1 1925
3 1 498 1 1307 1 1947
3 1 574 1 770 1 2050
3 1 419 1 1212 1 1852
3 1 423 1 832 1 1792
3 1 576 1 1252 1 1892
3 1 389 1 1182 1 1822
3 1 607 1 1155 1 1475
3 1 488 1 977 1 1937
