586 2240
2 1 1785 1 2105
2 1 1464 1 2104
2 1 1783 1 2103
2 1 1463 1 2103
2 1 1463 1 1783
2 1 1462 1 2102
2 1 1782 1 2102
2 1 1462 1 1782
2 1 1461 1 2101
2 1 1459 1 2099
2 1 1777 1 2097
2 1 1457 1 1777
2 1 1464 1 1784
2 1 1457 1 2097
2 1 1784 1 2104
2 1 1451 1 2091
2 1 1451 1 1771
2 1 1771 1 2091
2 1 1446 1 2086
2 1 1761 1 2081
2 1 1440 1 2080
2 1 1439 1 2079
2 1 1759 1 2079
2 1 1439 1 1759
2 1 1758 1 2078
2 1 1421 1 2061
2 1 1437 1 2077
2 1 1420 1 2060
2 1 1755 1 2075
2 1 1420 1 1740
2 1 1740 1 2060
2 1 1739 1 2059
2 1 1736 1 2056
2 1 1418 1 2058
2 1 1418 1 1738
2 1 1414 1 1734
2 1 1734 1 2054
2 1 1414 1 2054
2 1 1738 1 2058
2 1 1733 1 2053
2 1 1413 1 1733
2 1 1413 1 2053
2 1 972 1 1292
2 1 970 1 1290
2 1 972 1 1612
2 1 1292 1 1612
2 1 1289 1 1609
2 1 968 1 1608
2 1 1288 1 1608
2 1 968 1 1288
2 1 1411 1 1731
2 1 964 1 1284
2 1 1415 1 1735
2 1 1471 1 1791
2 1 1016 1 1336
2 1 1016 1 1656
2 1 1336 1 1656
2 1 1014 1 1334
2 1 1008 1 1328
2 1 1008 1 1648
2 1 1328 1 1648
2 1 1322 1 1642
2 1 1319 1 1639
2 1 1010 1 1330
2 1 997 1 1637
2 1 1317 1 1637
2 1 997 1 1317
2 1 1444 1 1764
2 1 996 1 1636
2 1 995 1 1635
2 1 996 1 1316
2 1 1316 1 1636
2 1 992 1 1312
2 1 1312 1 1632
2 1 992 1 1632
2 1 1311 1 1631
2 1 990 1 1310
2 1 978 1 1618
2 1 1298 1 1618
2 1 978 1 1298
2 1 961 1 1601
2 1 834 1 1154
2 1 1215 1 1535
2 1 1790 1 2110
2 1 994 1 1634
2 1 1314 1 1634
2 1 1470 1 1790
2 1 1470 1 2110
2 1 1789 1 2109
2 1 994 1 1314
2 1 1022 1 1662
2 1 1209 1 1529
2 1 889 1 1209
2 1 889 1 1529
2 1 888 1 1528
2 1 962 1 1602
2 1 887 1 1527
2 1 1155 1 1475
2 1 886 1 1526
2 1 1282 1 1602
2 1 885 1 1525
2 1 885 1 1205
2 1 1205 1 1525
2 1 884 1 1524
2 1 1203 1 1523
2 1 1458 1 2098
2 1 881 1 1521
2 1 880 1 1520
2 1 1200 1 1520
2 1 880 1 1200
2 1 1199 1 1519
2 1 1006 1 1646
2 1 876 1 1196
2 1 875 1 1195
2 1 1003 1 1323
2 1 872 1 1192
2 1 1000 1 1640
2 1 1000 1 1320
2 1 1320 1 1640
2 1 869 1 1509
2 1 1189 1 1509
2 1 869 1 1189
2 1 866 1 1186
2 1 867 1 1187
2 1 1185 1 1505
2 1 864 1 1504
2 1 864 1 1184
2 1 1184 1 1504
2 1 863 1 1503
2 1 862 1 1502
2 1 861 1 1181
2 1 861 1 1501
2 1 1181 1 1501
2 1 860 1 1180
2 1 1180 1 1500
2 1 860 1 1500
2 1 1179 1 1499
2 1 986 1 1306
2 1 1433 1 1753
2 1 1428 1 2068
2 1 981 1 1621
2 1 1301 1 1621
2 1 981 1 1301
2 1 851 1 1491
2 1 976 1 1616
2 1 1422 1 1742
2 1 1422 1 2062
2 1 1742 1 2062
2 1 845 1 1485
2 1 845 1 1165
2 1 1165 1 1485
2 1 962 1 1282
2 1 844 1 1484
2 1 1164 1 1484
2 1 844 1 1164
2 1 843 1 1163
2 1 843 1 1483
2 1 1163 1 1483
2 1 842 1 1482
2 1 841 1 1481
2 1 1160 1 1480
2 1 1159 1 1479
2 1 839 1 1479
2 1 839 1 1159
2 1 837 1 1477
2 1 837 1 1157
2 1 1157 1 1477
2 1 1285 1 1605
2 1 838 1 1158
2 1 1408 1 2048
2 1 1152 1 1472
2 1 1087 1 2047
2 1 767 1 2047
2 1 767 1 1087
2 1 1023 1 1663
2 1 1023 1 1343
2 1 1343 1 1663
2 1 766 1 2046
2 1 958 1 2238
2 1 1918 1 2238
2 1 958 1 1918
2 1 894 1 1214
2 1 1021 1 1661
2 1 1341 1 1661
2 1 1021 1 1341
2 1 1917 1 2237
2 1 893 1 1533
2 1 1213 1 1533
2 1 893 1 1213
2 1 1020 1 1340
2 1 1340 1 1660
2 1 1020 1 1660
2 1 1468 1 1788
2 1 764 1 2044
2 1 892 1 1212
2 1 1212 1 1532
2 1 892 1 1532
2 1 1339 1 1659
2 1 1019 1 1339
2 1 1019 1 1659
2 1 763 1 2043
2 1 1915 1 2235
2 1 1338 1 1658
2 1 1018 1 1658
2 1 1018 1 1338
2 1 891 1 1211
2 1 1337 1 1657
2 1 890 1 1530
2 1 1081 1 2041
2 1 761 1 1081
2 1 761 1 2041
2 1 760 1 1080
2 1 1080 1 2040
2 1 760 1 2040
2 1 952 1 1912
2 1 1912 1 2232
2 1 952 1 2232
2 1 759 1 1079
2 1 1079 1 2039
2 1 759 1 2039
2 1 951 1 1911
2 1 1911 1 2231
2 1 951 1 2231
2 1 758 1 2038
2 1 758 1 1078
2 1 1078 1 2038
2 1 950 1 2230
2 1 757 1 1077
2 1 1077 1 2037
2 1 757 1 2037
2 1 949 1 2229
2 1 1909 1 2229
2 1 949 1 1909
2 1 756 1 1076
2 1 1460 1 2100
2 1 1460 1 1780
2 1 1780 1 2100
2 1 1075 1 2035
2 1 947 1 1907
2 1 1907 1 2227
2 1 947 1 2227
2 1 946 1 1906
2 1 1202 1 1522
2 1 882 1 1202
2 1 882 1 1522
2 1 1073 1 2033
2 1 1456 1 2096
2 1 1456 1 1776
2 1 1776 1 2096
2 1 944 1 2224
2 1 1904 1 2224
2 1 944 1 1904
2 1 943 1 2223
2 1 1903 1 2223
2 1 943 1 1903
2 1 878 1 1198
2 1 1004 1 1324
2 1 748 1 1068
2 1 1068 1 2028
2 1 748 1 2028
2 1 1067 1 2027
2 1 747 1 2027
2 1 747 1 1067
2 1 939 1 1899
2 1 938 1 1898
2 1 938 1 2218
2 1 1898 1 2218
2 1 1001 1 1641
2 1 1321 1 1641
2 1 1001 1 1321
2 1 874 1 1514
2 1 874 1 1194
2 1 1194 1 1514
2 1 745 1 1065
2 1 1065 1 2025
2 1 745 1 2025
2 1 744 1 2024
2 1 744 1 1064
2 1 1064 1 2024
2 1 1768 1 2088
2 1 1448 1 1768
2 1 1448 1 2088
2 1 936 1 2216
2 1 998 1 1318
2 1 998 1 1638
2 1 1318 1 1638
2 1 1191 1 1511
2 1 1062 1 2022
2 1 742 1 1062
2 1 742 1 2022
2 1 935 1 1895
2 1 1895 1 2215
2 1 935 1 2215
2 1 1061 1 2021
2 1 741 1 2021
2 1 741 1 1061
2 1 933 1 1893
2 1 740 1 2020
2 1 1060 1 2020
2 1 740 1 1060
2 1 1059 1 2019
2 1 739 1 1059
2 1 739 1 2019
2 1 931 1 2211
2 1 738 1 2018
2 1 1058 1 2018
2 1 738 1 1058
2 1 1442 1 2082
2 1 1762 1 2082
2 1 1442 1 1762
2 1 930 1 2210
2 1 737 1 1057
2 1 736 1 1056
2 1 736 1 2016
2 1 1056 1 2016
2 1 929 1 1889
2 1 1889 1 2209
2 1 929 1 2209
2 1 928 1 1888
2 1 928 1 2208
2 1 1888 1 2208
2 1 1055 1 2015
2 1 927 1 1887
2 1 734 1 2014
2 1 1054 1 2014
2 1 734 1 1054
2 1 926 1 2206
2 1 1053 1 2013
2 1 1885 1 2205
2 1 925 1 1885
2 1 925 1 2205
2 1 732 1 1052
2 1 1756 1 2076
2 1 1436 1 2076
2 1 1436 1 1756
2 1 924 1 1884
2 1 731 1 2011
2 1 731 1 1051
2 1 1051 1 2011
2 1 923 1 2203
2 1 922 1 2202
2 1 922 1 1882
2 1 1882 1 2202
2 1 1434 1 2074
2 1 1434 1 1754
2 1 1754 1 2074
2 1 858 1 1498
2 1 1178 1 1498
2 1 858 1 1178
2 1 985 1 1305
2 1 984 1 1304
2 1 1881 1 2201
2 1 1752 1 2072
2 1 1432 1 1752
2 1 1432 1 2072
2 1 856 1 1176
2 1 1880 1 2200
2 1 1751 1 2071
2 1 1431 1 2071
2 1 1431 1 1751
2 1 982 1 1622
2 1 726 1 1046
2 1 726 1 2006
2 1 1046 1 2006
2 1 1879 1 2199
2 1 725 1 2005
2 1 1878 1 2198
2 1 724 1 2004
2 1 1876 1 2196
2 1 852 1 1172
2 1 1043 1 2003
2 1 723 1 1043
2 1 723 1 2003
2 1 979 1 1619
2 1 914 1 1874
2 1 1297 1 1617
2 1 977 1 1297
2 1 977 1 1617
2 1 1041 1 2001
2 1 721 1 2001
2 1 721 1 1041
2 1 912 1 2192
2 1 847 1 1167
2 1 718 1 1998
2 1 973 1 1613
2 1 1037 1 1997
2 1 717 1 1997
2 1 717 1 1037
2 1 1035 1 1995
2 1 907 1 2187
2 1 907 1 1867
2 1 1867 1 2187
2 1 1034 1 1994
2 1 1866 1 2186
2 1 906 1 2186
2 1 906 1 1866
2 1 1033 1 1993
2 1 905 1 2185
2 1 905 1 1865
2 1 1865 1 2185
2 1 1417 1 2057
2 1 1737 1 2057
2 1 1417 1 1737
2 1 712 1 1032
2 1 1031 1 1991
2 1 904 1 1864
2 1 904 1 2184
2 1 1864 1 2184
2 1 903 1 1863
2 1 903 1 2183
2 1 1863 1 2183
2 1 710 1 1030
2 1 902 1 1862
2 1 1862 1 2182
2 1 902 1 2182
2 1 1029 1 1989
2 1 709 1 1029
2 1 709 1 1989
2 1 1861 1 2181
2 1 901 1 1861
2 1 901 1 2181
2 1 708 1 1988
2 1 900 1 2180
2 1 900 1 1860
2 1 1860 1 2180
2 1 1283 1 1603
2 1 963 1 1603
2 1 963 1 1283
2 1 1027 1 1987
2 1 1412 1 1732
2 1 1412 1 2052
2 1 1732 1 2052
2 1 836 1 1476
2 1 1859 1 2179
2 1 898 1 1858
2 1 1858 1 2178
2 1 898 1 2178
2 1 705 1 1985
2 1 960 1 1600
2 1 1280 1 1600
2 1 960 1 1280
2 1 897 1 1857
2 1 1409 1 1729
2 1 1409 1 2049
2 1 1729 1 2049
3 1 489 1 1618 1 1938
3 1 574 1 706 1 1026
3 1 462 1 1015 1 1975
3 1 551 1 811 1 2091
3 1 563 1 823 1 2103
3 1 364 1 1397 1 2037
3 1 617 1 1229 1 2189
3 1 565 1 825 1 1785
3 1 374 1 767 1 1407
3 1 565 1 825 1 2105
3 1 535 1 795 1 1755
3 1 366 1 1015 1 1335
3 1 614 1 842 1 1162
3 1 535 1 795 1 2075
3 1 491 1 1620 1 1940
3 1 551 1 811 1 1451
3 1 563 1 823 1 1783
3 1 397 1 1446 1 1766
3 1 582 1 1258 1 1898
3 1 374 1 1087 1 1407
3 1 582 1 938 1 1258
3 1 546 1 806 1 2086
3 1 582 1 1258 1 2218
3 1 551 1 811 1 1771
3 1 546 1 806 1 1446
3 1 557 1 817 1 1457
3 1 601 1 1277 1 2237
3 1 564 1 824 1 1784
3 1 331 1 1300 1 1620
3 1 352 1 1385 1 2025
3 1 336 1 729 1 1369
3 1 600 1 1276 1 2236
3 1 563 1 823 1 1463
3 1 601 1 1277 1 1917
3 1 412 1 1461 1 1781
3 1 397 1 1766 1 2086
3 1 564 1 824 1 1464
3 1 377 1 1026 1 1346
3 1 557 1 817 1 1777
3 1 557 1 817 1 2097
3 1 564 1 824 1 2104
3 1 489 1 1874 1 2194
3 1 412 1 1781 1 2101
3 1 510 1 1319 1 1959
3 1 561 1 821 1 1461
3 1 393 1 866 1 1826
3 1 391 1 1760 1 2080
3 1 521 1 781 1 1421
3 1 413 1 1526 1 1846
3 1 324 1 1037 1 1357
3 1 559 1 819 1 1459
3 1 608 1 900 1 1220
3 1 421 1 1214 1 1854
3 1 559 1 819 1 2099
3 1 608 1 1220 1 2180
3 1 410 1 1779 1 2099
3 1 391 1 1440 1 1760
3 1 410 1 1459 1 1779
3 1 360 1 1073 1 1393
3 1 477 1 1606 1 1926
3 1 608 1 1220 1 1860
3 1 608 1 1156 1 1476
3 1 436 1 1741 1 2061
3 1 517 1 713 1 1033
3 1 561 1 821 1 2101
3 1 436 1 1421 1 1741
3 1 445 1 1430 1 1750
3 1 391 1 1504 1 1824
3 1 623 1 1235 1 1875
3 1 510 1 1639 1 1959
3 1 352 1 1065 1 1385
3 1 562 1 822 1 1782
3 1 562 1 822 1 2102
3 1 562 1 822 1 1462
3 1 521 1 781 1 2061
3 1 613 1 1161 1 1481
3 1 495 1 984 1 1944
3 1 593 1 949 1 1269
3 1 541 1 801 1 2081
3 1 541 1 801 1 1761
3 1 457 1 946 1 2226
3 1 352 1 745 1 1385
3 1 495 1 1304 1 1944
3 1 374 1 1407 1 2047
3 1 328 1 721 1 1361
3 1 540 1 800 1 1440
3 1 458 1 1651 1 1971
3 1 449 1 1322 1 1962
3 1 449 1 1642 1 1962
3 1 467 1 1340 1 1980
3 1 622 1 914 1 1234
3 1 497 1 1306 1 1946
3 1 385 1 1498 1 1818
3 1 629 1 1177 1 1497
3 1 337 1 730 1 1370
3 1 590 1 1266 1 1906
3 1 575 1 707 1 1027
3 1 415 1 888 1 1848
3 1 549 1 809 1 1769
3 1 596 1 1208 1 1528
3 1 613 1 841 1 1161
3 1 394 1 1187 1 1827
3 1 590 1 946 1 1266
3 1 607 1 1219 1 2179
3 1 467 1 1020 1 1980
3 1 520 1 716 1 1036
3 1 334 1 1367 1 2007
3 1 529 1 789 1 1749
3 1 447 1 1176 1 1816
3 1 611 1 903 1 1223
3 1 381 1 710 1 1350
3 1 428 1 1477 1 1797
3 1 433 1 1482 1 1802
3 1 630 1 1242 1 2202
3 1 485 1 1614 1 1934
3 1 573 1 769 1 2049
3 1 401 1 1514 1 1834
3 1 486 1 1871 1 2191
3 1 607 1 1219 1 1859
3 1 630 1 1242 1 1882
3 1 630 1 922 1 1242
3 1 636 1 1248 1 1888
3 1 627 1 1175 1 1495
3 1 354 1 1067 1 1387
3 1 518 1 778 1 1418
3 1 531 1 727 1 2007
3 1 403 1 1196 1 1836
3 1 497 1 986 1 1946
3 1 384 1 1497 1 1817
3 1 457 1 1010 1 1970
3 1 538 1 798 1 2078
3 1 540 1 800 1 2080
3 1 457 1 1906 1 2226
3 1 421 1 894 1 1854
3 1 469 1 1662 1 1982
3 1 467 1 1660 1 1980
3 1 599 1 1275 1 2235
3 1 596 1 888 1 1208
3 1 533 1 793 1 1433
3 1 532 1 792 1 2072
3 1 375 1 704 1 1344
