562 2240
2 1 1471 1 2111
2 1 1470 1 2110
2 1 1773 1 2093
2 1 1440 1 2080
2 1 1438 1 2078
2 1 1760 1 2080
2 1 1434 1 2074
2 1 1752 1 2072
2 1 1440 1 1760
2 1 1430 1 1750
2 1 1430 1 2070
2 1 1750 1 2070
2 1 1427 1 2067
2 1 1427 1 1747
2 1 1747 1 2067
2 1 1425 1 1745
2 1 1425 1 2065
2 1 1745 1 2065
2 1 1421 1 1741
2 1 1741 1 2061
2 1 1421 1 2061
2 1 1739 1 2059
2 1 1419 1 1739
2 1 1419 1 2059
2 1 1418 1 2058
2 1 1737 1 2057
2 1 1733 1 2053
2 1 1735 1 2055
2 1 1415 1 2055
2 1 1413 1 1733
2 1 1415 1 1735
2 1 1412 1 2052
2 1 1732 1 2052
2 1 1413 1 2053
2 1 1412 1 1732
2 1 975 1 1295
2 1 1295 1 1615
2 1 975 1 1615
2 1 974 1 1294
2 1 973 1 1613
2 1 972 1 1292
2 1 1292 1 1612
2 1 972 1 1612
2 1 1420 1 1740
2 1 971 1 1611
2 1 971 1 1291
2 1 1291 1 1611
2 1 970 1 1610
2 1 969 1 1609
2 1 969 1 1289
2 1 1289 1 1609
2 1 1288 1 1608
2 1 967 1 1287
2 1 967 1 1607
2 1 1287 1 1607
2 1 1414 1 1734
2 1 964 1 1284
2 1 962 1 1282
2 1 1282 1 1602
2 1 962 1 1602
2 1 960 1 1280
2 1 1021 1 1661
2 1 1021 1 1341
2 1 1335 1 1655
2 1 1341 1 1661
2 1 1462 1 1782
2 1 1332 1 1652
2 1 1331 1 1651
2 1 1326 1 1646
2 1 1329 1 1649
2 1 1325 1 1645
2 1 1002 1 1322
2 1 1002 1 1642
2 1 1322 1 1642
2 1 993 1 1313
2 1 1324 1 1644
2 1 1313 1 1633
2 1 993 1 1633
2 1 988 1 1308
2 1 988 1 1628
2 1 1308 1 1628
2 1 1004 1 1644
2 1 985 1 1625
2 1 984 1 1304
2 1 1004 1 1324
2 1 983 1 1303
2 1 1431 1 1751
2 1 978 1 1298
2 1 978 1 1618
2 1 1298 1 1618
2 1 976 1 1616
2 1 835 1 1475
2 1 835 1 1155
2 1 1155 1 1475
2 1 1730 1 2050
2 1 1410 1 1730
2 1 1410 1 2050
2 1 833 1 1473
2 1 1152 1 1472
2 1 1215 1 1535
2 1 894 1 1534
2 1 1467 1 1787
2 1 892 1 1212
2 1 1019 1 1659
2 1 1463 1 2103
2 1 1463 1 1783
2 1 1783 1 2103
2 1 886 1 1206
2 1 886 1 1526
2 1 1206 1 1526
2 1 885 1 1205
2 1 884 1 1524
2 1 1204 1 1524
2 1 884 1 1204
2 1 1203 1 1523
2 1 882 1 1522
2 1 1010 1 1330
2 1 1199 1 1519
2 1 1197 1 1517
2 1 1195 1 1515
2 1 1320 1 1640
2 1 1000 1 1640
2 1 1000 1 1320
2 1 1763 1 2083
2 1 1316 1 1636
2 1 1194 1 1514
2 1 876 1 1516
2 1 1761 1 2081
2 1 1189 1 1509
2 1 864 1 1504
2 1 863 1 1183
2 1 863 1 1503
2 1 1183 1 1503
2 1 866 1 1506
2 1 861 1 1501
2 1 1436 1 2076
2 1 1756 1 2076
2 1 1436 1 1756
2 1 989 1 1629
2 1 859 1 1179
2 1 859 1 1499
2 1 1179 1 1499
2 1 1178 1 1498
2 1 857 1 1497
2 1 855 1 1495
2 1 854 1 1174
2 1 1749 1 2069
2 1 1429 1 1749
2 1 1429 1 2069
2 1 851 1 1491
2 1 979 1 1299
2 1 979 1 1619
2 1 1299 1 1619
2 1 1172 1 1492
2 1 852 1 1492
2 1 852 1 1172
2 1 849 1 1169
2 1 848 1 1488
2 1 1164 1 1484
2 1 843 1 1163
2 1 844 1 1164
2 1 844 1 1484
2 1 842 1 1162
2 1 1162 1 1482
2 1 841 1 1481
2 1 842 1 1482
2 1 840 1 1480
2 1 1159 1 1479
2 1 839 1 1159
2 1 839 1 1479
2 1 838 1 1478
2 1 837 1 1157
2 1 836 1 1476
2 1 836 1 1156
2 1 1156 1 1476
2 1 1408 1 2048
2 1 1728 1 2048
2 1 1408 1 1728
2 1 1087 1 2047
2 1 766 1 1086
2 1 959 1 1919
2 1 1919 1 2239
2 1 959 1 2239
2 1 765 1 2045
2 1 893 1 1533
2 1 1213 1 1533
2 1 893 1 1213
2 1 764 1 1084
2 1 1020 1 1660
2 1 1340 1 1660
2 1 1020 1 1340
2 1 1338 1 1658
2 1 1018 1 1658
2 1 1018 1 1338
2 1 890 1 1210
2 1 761 1 2041
2 1 1209 1 1529
2 1 1080 1 2040
2 1 760 1 1080
2 1 760 1 2040
2 1 1336 1 1656
2 1 1016 1 1336
2 1 1016 1 1656
2 1 1334 1 1654
2 1 887 1 1207
2 1 758 1 2038
2 1 1078 1 2038
2 1 758 1 1078
2 1 757 1 2037
2 1 1077 1 2037
2 1 757 1 1077
2 1 949 1 2229
2 1 756 1 2036
2 1 1076 1 2036
2 1 756 1 1076
2 1 1460 1 2100
2 1 755 1 1075
2 1 754 1 2034
2 1 754 1 1074
2 1 1074 1 2034
2 1 947 1 1907
2 1 1778 1 2098
2 1 1328 1 1648
2 1 1457 1 1777
2 1 1201 1 1521
2 1 752 1 1072
2 1 752 1 2032
2 1 1072 1 2032
2 1 945 1 1905
2 1 945 1 2225
2 1 1905 1 2225
2 1 1456 1 1776
2 1 1776 1 2096
2 1 1456 1 2096
2 1 1071 1 2031
2 1 751 1 1071
2 1 751 1 2031
2 1 1455 1 2095
2 1 750 1 2030
2 1 750 1 1070
2 1 1070 1 2030
2 1 1903 1 2223
2 1 943 1 1903
2 1 943 1 2223
2 1 1454 1 1774
2 1 1774 1 2094
2 1 1454 1 2094
2 1 749 1 1069
2 1 1069 1 2029
2 1 749 1 2029
2 1 748 1 2028
2 1 1068 1 2028
2 1 748 1 1068
2 1 1901 1 2221
2 1 941 1 1901
2 1 941 1 2221
2 1 1452 1 2092
2 1 940 1 1900
2 1 940 1 2220
2 1 1900 1 2220
2 1 1067 1 2027
2 1 1771 1 2091
2 1 1066 1 2026
2 1 746 1 1066
2 1 746 1 2026
2 1 745 1 2025
2 1 745 1 1065
2 1 1065 1 2025
2 1 938 1 1898
2 1 938 1 2218
2 1 1898 1 2218
2 1 937 1 1897
2 1 1897 1 2217
2 1 937 1 2217
2 1 1768 1 2088
2 1 1192 1 1512
2 1 1319 1 1639
2 1 936 1 1896
2 1 1318 1 1638
2 1 998 1 1638
2 1 998 1 1318
2 1 1191 1 1511
2 1 742 1 2022
2 1 1894 1 2214
2 1 1766 1 2086
2 1 1446 1 2086
2 1 1446 1 1766
2 1 870 1 1190
2 1 997 1 1317
2 1 997 1 1637
2 1 1317 1 1637
2 1 1061 1 2021
2 1 740 1 2020
2 1 932 1 1892
2 1 1315 1 1635
2 1 995 1 1315
2 1 995 1 1635
2 1 868 1 1188
2 1 1188 1 1508
2 1 868 1 1508
2 1 739 1 2019
2 1 1314 1 1634
2 1 994 1 1314
2 1 994 1 1634
2 1 1058 1 2018
2 1 738 1 1058
2 1 738 1 2018
2 1 1890 1 2210
2 1 737 1 2017
2 1 1056 1 2016
2 1 736 1 1056
2 1 736 1 2016
2 1 929 1 1889
2 1 1888 1 2208
2 1 735 1 1055
2 1 735 1 2015
2 1 1055 1 2015
2 1 1759 1 2079
2 1 1887 1 2207
2 1 927 1 2207
2 1 927 1 1887
2 1 1054 1 2014
2 1 734 1 1054
2 1 734 1 2014
2 1 1053 1 2013
2 1 733 1 1053
2 1 733 1 2013
2 1 926 1 1886
2 1 1886 1 2206
2 1 926 1 2206
2 1 925 1 1885
2 1 987 1 1627
2 1 860 1 1500
2 1 1755 1 2075
2 1 1050 1 2010
2 1 922 1 1882
2 1 1882 1 2202
2 1 922 1 2202
2 1 1753 1 2073
2 1 1433 1 1753
2 1 1433 1 2073
2 1 921 1 1881
2 1 728 1 1048
2 1 1047 1 2007
2 1 920 1 1880
2 1 920 1 2200
2 1 1880 1 2200
2 1 919 1 1879
2 1 1879 1 2199
2 1 919 1 2199
2 1 1046 1 2006
2 1 918 1 2198
2 1 918 1 1878
2 1 1878 1 2198
2 1 1173 1 1493
2 1 853 1 1493
2 1 853 1 1173
2 1 917 1 1877
2 1 1877 1 2197
2 1 917 1 2197
2 1 724 1 1044
2 1 1876 1 2196
2 1 1043 1 2003
2 1 723 1 1043
2 1 723 1 2003
2 1 915 1 1875
2 1 914 1 1874
2 1 1874 1 2194
2 1 914 1 2194
2 1 1170 1 1490
2 1 850 1 1490
2 1 850 1 1170
2 1 1297 1 1617
2 1 977 1 1617
2 1 977 1 1297
2 1 1873 1 2193
2 1 1040 1 2000
2 1 1872 1 2192
2 1 912 1 2192
2 1 912 1 1872
2 1 1424 1 1744
2 1 719 1 1999
2 1 1039 1 1999
2 1 719 1 1039
2 1 1423 1 1743
2 1 718 1 1038
2 1 1038 1 1998
2 1 718 1 1998
2 1 911 1 2191
2 1 717 1 1037
2 1 717 1 1997
2 1 1037 1 1997
2 1 910 1 1870
2 1 910 1 2190
2 1 1870 1 2190
2 1 908 1 2188
2 1 715 1 1995
2 1 1035 1 1995
2 1 715 1 1035
2 1 1867 1 2187
2 1 907 1 2187
2 1 907 1 1867
2 1 714 1 1034
2 1 906 1 1866
2 1 906 1 2186
2 1 1866 1 2186
2 1 905 1 1865
2 1 712 1 1032
2 1 904 1 2184
2 1 711 1 1031
2 1 903 1 1863
2 1 902 1 2182
2 1 709 1 1029
2 1 709 1 1989
2 1 1029 1 1989
2 1 901 1 2181
2 1 708 1 1028
2 1 900 1 1860
2 1 900 1 2180
2 1 1860 1 2180
2 1 707 1 1027
2 1 899 1 2179
2 1 899 1 1859
2 1 1859 1 2179
2 1 1731 1 2051
2 1 1411 1 2051
2 1 1411 1 1731
2 1 1858 1 2178
2 1 898 1 1858
2 1 898 1 2178
2 1 1409 1 1729
2 1 1729 1 2049
2 1 1409 1 2049
2 1 1857 1 2177
2 1 704 1 1024
2 1 896 1 2176
3 1 371 1 764 1 1404
3 1 601 1 957 1 1277
3 1 468 1 957 1 2237
3 1 367 1 760 1 1400
3 1 411 1 1460 1 1780
3 1 606 1 1154 1 1474
3 1 553 1 813 1 1773
3 1 464 1 1913 1 2233
3 1 622 1 914 1 1234
3 1 571 1 831 1 1471
3 1 571 1 831 1 2111
3 1 511 1 936 1 2216
3 1 570 1 830 1 1470
3 1 553 1 813 1 2093
3 1 597 1 1273 1 1913
3 1 367 1 1080 1 1400
3 1 580 1 1256 1 1896
3 1 579 1 1255 1 2215
3 1 622 1 1234 1 1874
3 1 612 1 840 1 1160
3 1 605 1 833 1 1153
3 1 627 1 855 1 1175
3 1 513 1 773 1 1733
3 1 367 1 1400 1 2040
3 1 510 1 1639 1 1959
3 1 368 1 1401 1 2041
3 1 530 1 790 1 1750
3 1 467 1 1660 1 1980
3 1 560 1 820 1 2100
3 1 398 1 1191 1 1831
3 1 503 1 1632 1 1952
3 1 412 1 1781 1 2101
3 1 561 1 821 1 2101
3 1 569 1 829 1 1469
3 1 534 1 794 1 2074
3 1 530 1 790 1 1430
3 1 623 1 851 1 1171
3 1 570 1 830 1 2110
3 1 605 1 1153 1 1473
3 1 559 1 819 1 2099
3 1 607 1 1219 1 1859
3 1 636 1 864 1 1184
3 1 468 1 1341 1 1981
3 1 622 1 1234 1 2194
3 1 607 1 899 1 1219
3 1 607 1 1219 1 2179
3 1 410 1 1779 1 2099
3 1 456 1 1649 1 1969
3 1 521 1 781 1 1741
3 1 608 1 1220 1 1860
3 1 456 1 1329 1 1969
3 1 364 1 1333 1 1653
3 1 334 1 1367 1 2007
3 1 634 1 1182 1 1502
3 1 562 1 822 1 1782
3 1 385 1 1434 1 1754
3 1 510 1 1319 1 1959
3 1 545 1 805 1 2085
3 1 449 1 1322 1 1962
3 1 460 1 1653 1 1973
3 1 420 1 1469 1 1789
3 1 617 1 845 1 1165
3 1 595 1 951 1 1271
3 1 540 1 800 1 2080
3 1 435 1 1164 1 1804
3 1 543 1 803 1 2083
3 1 341 1 1310 1 1630
3 1 562 1 822 1 1462
3 1 540 1 800 1 1760
3 1 540 1 800 1 1440
3 1 396 1 1765 1 2085
3 1 421 1 1470 1 1790
3 1 576 1 1252 1 1892
3 1 381 1 1286 1 1606
3 1 336 1 1049 1 1369
3 1 422 1 1791 1 2111
3 1 421 1 1790 1 2110
3 1 575 1 771 1 1731
3 1 383 1 712 1 1352
3 1 502 1 991 1 1951
3 1 421 1 1534 1 1854
3 1 608 1 900 1 1220
3 1 608 1 1220 1 2180
3 1 575 1 771 1 1411
3 1 575 1 771 1 2051
3 1 603 1 1279 1 1919
3 1 441 1 1170 1 1810
3 1 538 1 798 1 2078
3 1 422 1 1471 1 1791
3 1 352 1 745 1 1385
3 1 621 1 1233 1 2193
3 1 439 1 1488 1 1808
3 1 543 1 803 1 1763
3 1 428 1 837 1 1797
3 1 563 1 823 1 1783
3 1 378 1 1027 1 1347
3 1 638 1 1250 1 1890
3 1 421 1 894 1 1854
3 1 416 1 1529 1 1849
3 1 414 1 887 1 1847
3 1 378 1 707 1 1347
3 1 563 1 823 1 2103
3 1 507 1 932 1 2212
3 1 620 1 912 1 1232
3 1 482 1 1611 1 1931
3 1 583 1 939 1 1259
3 1 426 1 835 1 1795
3 1 397 1 1190 1 1830
3 1 576 1 932 1 1252
3 1 398 1 1511 1 1831
3 1 613 1 905 1 1225
3 1 388 1 1757 1 2077
3 1 566 1 826 1 2106
3 1 512 1 772 1 2052
3 1 389 1 1438 1 1758
3 1 537 1 797 1 2077
3 1 512 1 772 1 1732
3 1 520 1 716 1 1036
3 1 385 1 1754 1 2074
3 1 351 1 744 1 1384
3 1 563 1 823 1 1463
3 1 389 1 1758 1 2078
3 1 507 1 1892 1 2212
3 1 538 1 798 1 1438
3 1 512 1 772 1 1412
3 1 466 1 1659 1 1979
