619 2240
2 1 1465 1 1785
2 1 1784 1 2104
2 1 1465 1 2105
2 1 1464 1 1784
2 1 1785 1 2105
2 1 1464 1 2104
2 1 1463 1 1783
2 1 1463 1 2103
2 1 1783 1 2103
2 1 1766 1 2086
2 1 1442 1 2082
2 1 1443 1 1763
2 1 1443 1 2083
2 1 1763 1 2083
2 1 1442 1 1762
2 1 1762 1 2082
2 1 1440 1 2080
2 1 1751 1 2071
2 1 1425 1 2065
2 1 1743 1 2063
2 1 1729 1 2049
2 1 1409 1 2049
2 1 1409 1 1729
2 1 1418 1 1738
2 1 1418 1 2058
2 1 1738 1 2058
2 1 1288 1 1608
2 1 968 1 1288
2 1 974 1 1294
2 1 968 1 1608
2 1 966 1 1286
2 1 1410 1 1730
2 1 1280 1 1600
2 1 1469 1 1789
2 1 1342 1 1662
2 1 1022 1 1342
2 1 1022 1 1662
2 1 1020 1 1660
2 1 1019 1 1339
2 1 1016 1 1336
2 1 1014 1 1654
2 1 1012 1 1332
2 1 1012 1 1652
2 1 1334 1 1654
2 1 1332 1 1652
2 1 1455 1 1775
2 1 1003 1 1643
2 1 1003 1 1323
2 1 1323 1 1643
2 1 994 1 1314
2 1 1314 1 1634
2 1 1014 1 1334
2 1 994 1 1634
2 1 993 1 1313
2 1 1433 1 1753
2 1 1304 1 1624
2 1 984 1 1624
2 1 984 1 1304
2 1 964 1 1284
2 1 834 1 1154
2 1 1728 1 2048
2 1 1296 1 1616
2 1 833 1 1153
2 1 895 1 1535
2 1 976 1 1616
2 1 976 1 1296
2 1 1210 1 1530
2 1 893 1 1213
2 1 888 1 1528
2 1 1208 1 1528
2 1 888 1 1208
2 1 1207 1 1527
2 1 887 1 1207
2 1 887 1 1527
2 1 1462 1 2102
2 1 885 1 1525
2 1 1780 1 2100
2 1 1457 1 1777
2 1 883 1 1203
2 1 1203 1 1523
2 1 883 1 1523
2 1 1006 1 1646
2 1 1326 1 1646
2 1 1006 1 1326
2 1 1196 1 1516
2 1 1194 1 1514
2 1 1767 1 2087
2 1 874 1 1194
2 1 870 1 1190
2 1 1190 1 1510
2 1 874 1 1514
2 1 870 1 1510
2 1 866 1 1186
2 1 866 1 1506
2 1 1186 1 1506
2 1 865 1 1185
2 1 865 1 1505
2 1 1185 1 1505
2 1 1183 1 1503
2 1 863 1 1503
2 1 863 1 1183
2 1 1311 1 1631
2 1 864 1 1184
2 1 1436 1 1756
2 1 1756 1 2076
2 1 1436 1 2076
2 1 1310 1 1630
2 1 1177 1 1497
2 1 990 1 1630
2 1 855 1 1175
2 1 990 1 1310
2 1 856 1 1176
2 1 854 1 1174
2 1 1174 1 1494
2 1 854 1 1494
2 1 1302 1 1622
2 1 982 1 1622
2 1 982 1 1302
2 1 1429 1 1749
2 1 1748 1 2068
2 1 981 1 1621
2 1 1301 1 1621
2 1 981 1 1301
2 1 850 1 1170
2 1 1169 1 1489
2 1 1424 1 2064
2 1 1744 1 2064
2 1 1424 1 1744
2 1 847 1 1487
2 1 846 1 1486
2 1 1420 1 1740
2 1 1740 1 2060
2 1 1420 1 2060
2 1 973 1 1293
2 1 1163 1 1483
2 1 843 1 1163
2 1 843 1 1483
2 1 842 1 1162
2 1 841 1 1161
2 1 841 1 1481
2 1 1161 1 1481
2 1 1416 1 1736
2 1 1736 1 2056
2 1 1416 1 2056
2 1 1289 1 1609
2 1 969 1 1289
2 1 969 1 1609
2 1 1159 1 1479
2 1 839 1 1159
2 1 839 1 1479
2 1 1412 1 2052
2 1 832 1 1472
2 1 1152 1 1472
2 1 832 1 1152
2 1 896 1 1856
2 1 896 1 2176
2 1 1856 1 2176
2 1 1343 1 1663
2 1 1087 1 2047
2 1 767 1 1087
2 1 767 1 2047
2 1 1919 1 2239
2 1 766 1 2046
2 1 894 1 1214
2 1 1214 1 1534
2 1 894 1 1534
2 1 1021 1 1341
2 1 1341 1 1661
2 1 1021 1 1661
2 1 1917 1 2237
2 1 764 1 1084
2 1 956 1 2236
2 1 1468 1 1788
2 1 1467 1 2107
2 1 1467 1 1787
2 1 1787 1 2107
2 1 763 1 2043
2 1 1083 1 2043
2 1 763 1 1083
2 1 1082 1 2042
2 1 762 1 2042
2 1 762 1 1082
2 1 955 1 2235
2 1 955 1 1915
2 1 1915 1 2235
2 1 1466 1 1786
2 1 1081 1 2041
2 1 761 1 2041
2 1 761 1 1081
2 1 954 1 2234
2 1 1080 1 2040
2 1 953 1 2233
2 1 952 1 2232
2 1 759 1 1079
2 1 951 1 2231
2 1 951 1 1911
2 1 1911 1 2231
2 1 886 1 1206
2 1 1206 1 1526
2 1 886 1 1526
2 1 1910 1 2230
2 1 950 1 2230
2 1 950 1 1910
2 1 1333 1 1653
2 1 1077 1 2037
2 1 1781 1 2101
2 1 756 1 2036
2 1 1204 1 1524
2 1 1331 1 1651
2 1 755 1 1075
2 1 948 1 2228
2 1 1907 1 2227
2 1 1458 1 1778
2 1 882 1 1202
2 1 1906 1 2226
2 1 946 1 2226
2 1 946 1 1906
2 1 753 1 2033
2 1 1008 1 1328
2 1 752 1 2032
2 1 880 1 1200
2 1 1007 1 1327
2 1 1007 1 1647
2 1 1327 1 1647
2 1 1071 1 2031
2 1 751 1 1071
2 1 751 1 2031
2 1 1774 1 2094
2 1 878 1 1198
2 1 942 1 2222
2 1 942 1 1902
2 1 1902 1 2222
2 1 749 1 2029
2 1 1004 1 1324
2 1 1004 1 1644
2 1 1324 1 1644
2 1 1453 1 1773
2 1 1773 1 2093
2 1 1453 1 2093
2 1 748 1 2028
2 1 748 1 1068
2 1 1068 1 2028
2 1 1901 1 2221
2 1 1772 1 2092
2 1 1452 1 1772
2 1 1452 1 2092
2 1 747 1 1067
2 1 747 1 2027
2 1 1067 1 2027
2 1 1900 1 2220
2 1 746 1 1066
2 1 939 1 2219
2 1 745 1 2025
2 1 937 1 1897
2 1 873 1 1193
2 1 1000 1 1640
2 1 744 1 2024
2 1 999 1 1639
2 1 1319 1 1639
2 1 999 1 1319
2 1 1448 1 1768
2 1 743 1 2023
2 1 1318 1 1638
2 1 998 1 1638
2 1 998 1 1318
2 1 869 1 1189
2 1 869 1 1509
2 1 1189 1 1509
2 1 933 1 1893
2 1 933 1 2213
2 1 1893 1 2213
2 1 1060 1 2020
2 1 1764 1 2084
2 1 1444 1 2084
2 1 1444 1 1764
2 1 1059 1 2019
2 1 739 1 2019
2 1 739 1 1059
2 1 1892 1 2212
2 1 738 1 1058
2 1 738 1 2018
2 1 1058 1 2018
2 1 1891 1 2211
2 1 931 1 2211
2 1 931 1 1891
2 1 930 1 2210
2 1 1057 1 2017
2 1 1889 1 2209
2 1 929 1 2209
2 1 929 1 1889
2 1 1056 1 2016
2 1 928 1 1888
2 1 928 1 2208
2 1 1888 1 2208
2 1 735 1 1055
2 1 927 1 1887
2 1 1439 1 2079
2 1 1759 1 2079
2 1 1439 1 1759
2 1 1758 1 2078
2 1 1182 1 1502
2 1 989 1 1309
2 1 926 1 2206
2 1 1181 1 1501
2 1 988 1 1628
2 1 1308 1 1628
2 1 988 1 1308
2 1 1885 1 2205
2 1 860 1 1180
2 1 1884 1 2204
2 1 731 1 2011
2 1 1883 1 2203
2 1 1306 1 1626
2 1 986 1 1306
2 1 986 1 1626
2 1 859 1 1179
2 1 1179 1 1499
2 1 859 1 1499
2 1 730 1 2010
2 1 985 1 1625
2 1 1305 1 1625
2 1 985 1 1305
2 1 1434 1 2074
2 1 1754 1 2074
2 1 1434 1 1754
2 1 1049 1 2009
2 1 729 1 1049
2 1 729 1 2009
2 1 728 1 1048
2 1 728 1 2008
2 1 1048 1 2008
2 1 920 1 2200
2 1 1880 1 2200
2 1 920 1 1880
2 1 727 1 1047
2 1 1047 1 2007
2 1 727 1 2007
2 1 919 1 1879
2 1 1046 1 2006
2 1 726 1 2006
2 1 726 1 1046
2 1 1878 1 2198
2 1 918 1 2198
2 1 918 1 1878
2 1 1430 1 2070
2 1 1750 1 2070
2 1 1430 1 1750
2 1 725 1 2005
2 1 1173 1 1493
2 1 980 1 1620
2 1 980 1 1300
2 1 1300 1 1620
2 1 917 1 2197
2 1 917 1 1877
2 1 1877 1 2197
2 1 1876 1 2196
2 1 1298 1 1618
2 1 851 1 1171
2 1 1171 1 1491
2 1 851 1 1491
2 1 722 1 1042
2 1 1426 1 2066
2 1 1426 1 1746
2 1 1746 1 2066
2 1 721 1 1041
2 1 1041 1 2001
2 1 721 1 2001
2 1 720 1 2000
2 1 913 1 2193
2 1 912 1 1872
2 1 975 1 1295
2 1 848 1 1168
2 1 848 1 1488
2 1 1168 1 1488
2 1 719 1 1999
2 1 719 1 1039
2 1 1039 1 1999
2 1 1871 1 2191
2 1 718 1 1038
2 1 1038 1 1998
2 1 718 1 1998
2 1 1422 1 1742
2 1 1742 1 2062
2 1 1422 1 2062
2 1 910 1 1870
2 1 1870 1 2190
2 1 910 1 2190
2 1 1741 1 2061
2 1 1421 1 1741
2 1 1421 1 2061
2 1 716 1 1996
2 1 1869 1 2189
2 1 909 1 2189
2 1 909 1 1869
2 1 1164 1 1484
2 1 1035 1 1995
2 1 715 1 1035
2 1 715 1 1995
2 1 1868 1 2188
2 1 908 1 1868
2 1 908 1 2188
2 1 1867 1 2187
2 1 714 1 1034
2 1 906 1 2186
2 1 1866 1 2186
2 1 906 1 1866
2 1 713 1 1033
2 1 1033 1 1993
2 1 713 1 1993
2 1 1865 1 2185
2 1 905 1 1865
2 1 905 1 2185
2 1 840 1 1160
2 1 967 1 1607
2 1 967 1 1287
2 1 1287 1 1607
2 1 1031 1 1991
2 1 709 1 1029
2 1 965 1 1285
2 1 1413 1 1733
2 1 1861 1 2181
2 1 963 1 1283
2 1 963 1 1603
2 1 1283 1 1603
2 1 707 1 1987
2 1 1860 1 2180
2 1 900 1 1860
2 1 900 1 2180
2 1 962 1 1282
2 1 835 1 1155
2 1 835 1 1475
2 1 1155 1 1475
2 1 706 1 1986
2 1 706 1 1026
2 1 1026 1 1986
2 1 897 1 2177
2 1 705 1 1025
2 1 1025 1 1985
2 1 705 1 1985
3 1 574 1 770 1 1730
3 1 633 1 1245 1 2205
3 1 551 1 811 1 2091
3 1 633 1 1245 1 1885
3 1 483 1 1612 1 1932
3 1 487 1 1296 1 1936
3 1 543 1 803 1 1763
3 1 323 1 1292 1 1612
3 1 402 1 1771 1 2091
3 1 543 1 803 1 1443
3 1 602 1 958 1 1278
3 1 603 1 1279 1 2239
3 1 507 1 1636 1 1956
3 1 543 1 803 1 2083
3 1 540 1 800 1 2080
3 1 347 1 1316 1 1636
3 1 631 1 1243 1 1883
3 1 469 1 958 1 2238
3 1 606 1 1218 1 1858
3 1 422 1 1791 1 2111
3 1 607 1 1219 1 1859
3 1 474 1 1859 1 2179
3 1 466 1 1019 1 1979
3 1 511 1 1896 1 2216
3 1 445 1 1174 1 1814
3 1 466 1 1339 1 1979
3 1 355 1 1068 1 1388
3 1 525 1 785 1 1425
3 1 588 1 1264 1 2224
3 1 455 1 1008 1 1968
3 1 578 1 1254 1 2214
3 1 340 1 733 1 1373
3 1 346 1 739 1 1379
3 1 623 1 1235 1 2195
3 1 571 1 831 1 2111
3 1 375 1 704 1 1344
3 1 433 1 842 1 1802
3 1 589 1 1265 1 2225
3 1 424 1 1153 1 1793
3 1 387 1 860 1 1820
3 1 619 1 1231 1 2191
3 1 501 1 990 1 1950
3 1 525 1 785 1 2065
3 1 359 1 1392 1 2032
3 1 433 1 1162 1 1802
3 1 565 1 825 1 2105
3 1 487 1 976 1 1936
3 1 546 1 806 1 2086
3 1 498 1 1307 1 1947
3 1 565 1 825 1 1785
3 1 546 1 806 1 1766
3 1 557 1 817 1 1457
3 1 542 1 802 1 2082
3 1 542 1 802 1 1762
3 1 542 1 802 1 1442
3 1 600 1 892 1 1212
3 1 389 1 1502 1 1822
3 1 564 1 824 1 1464
3 1 539 1 799 1 1759
3 1 502 1 927 1 2207
3 1 467 1 1660 1 1980
3 1 351 1 744 1 1384
3 1 474 1 963 1 1923
3 1 564 1 824 1 1784
3 1 376 1 1025 1 1345
3 1 501 1 1630 1 1950
3 1 564 1 824 1 2104
3 1 634 1 1246 1 2206
3 1 487 1 1616 1 1936
3 1 576 1 1252 1 2212
3 1 631 1 1243 1 2203
3 1 489 1 1618 1 1938
3 1 635 1 1247 1 1887
3 1 502 1 1631 1 1951
3 1 617 1 1165 1 1485
3 1 565 1 825 1 1465
3 1 454 1 1647 1 1967
3 1 611 1 1223 1 2183
3 1 584 1 1260 1 2220
3 1 450 1 1323 1 1963
3 1 585 1 1261 1 2221
3 1 514 1 774 1 1734
3 1 391 1 1440 1 1760
3 1 427 1 1412 1 1732
3 1 356 1 1389 1 2029
3 1 599 1 1275 1 1915
3 1 407 1 880 1 1840
3 1 323 1 1356 1 1996
3 1 617 1 1229 1 1869
3 1 372 1 1085 1 1405
3 1 502 1 1311 1 1951
3 1 391 1 1760 1 2080
3 1 540 1 800 1 1440
3 1 491 1 980 1 1940
3 1 531 1 791 1 1751
3 1 629 1 1241 1 2201
3 1 573 1 769 1 1729
3 1 531 1 791 1 2071
3 1 573 1 769 1 2049
3 1 573 1 769 1 1409
3 1 617 1 909 1 1229
3 1 632 1 1244 1 2204
3 1 563 1 823 1 2103
3 1 563 1 823 1 1463
3 1 494 1 1623 1 1943
3 1 563 1 823 1 1783
3 1 440 1 1425 1 1745
3 1 382 1 1031 1 1351
3 1 487 1 1872 1 2192
3 1 441 1 1170 1 1810
3 1 425 1 834 1 1794
3 1 380 1 709 1 1349
3 1 440 1 1745 1 2065
3 1 331 1 724 1 1364
3 1 339 1 1372 1 2012
3 1 536 1 796 1 2076
3 1 360 1 753 1 1393
3 1 516 1 776 1 1736
3 1 390 1 1503 1 1823
3 1 380 1 1029 1 1349
3 1 426 1 835 1 1795
3 1 636 1 928 1 1248
3 1 469 1 1022 1 1982
3 1 519 1 779 1 1739
3 1 396 1 1509 1 1829
3 1 403 1 1196 1 1836
3 1 419 1 892 1 1852
3 1 424 1 833 1 1793
3 1 469 1 1662 1 1982
3 1 537 1 797 1 1757
3 1 450 1 1643 1 1963
3 1 516 1 776 1 1416
3 1 469 1 1342 1 1982
3 1 552 1 812 1 1452
3 1 396 1 869 1 1829
3 1 618 1 1166 1 1486
3 1 499 1 1308 1 1948
3 1 427 1 1732 1 2052
3 1 449 1 1642 1 1962
3 1 455 1 1328 1 1968
3 1 470 1 1663 1 1983
3 1 570 1 830 1 1790
3 1 603 1 895 1 1215
3 1 523 1 783 1 1743
3 1 556 1 816 1 1456
3 1 504 1 993 1 1953
3 1 377 1 706 1 1346
3 1 338 1 731 1 1371
3 1 379 1 708 1 1348
3 1 521 1 781 1 2061
3 1 448 1 1321 1 1961
3 1 601 1 1277 1 2237
3 1 404 1 1517 1 1837
3 1 500 1 1309 1 1949
3 1 396 1 1189 1 1829
3 1 341 1 734 1 1374
3 1 577 1 933 1 1253
3 1 360 1 1393 1 2033
3 1 355 1 1388 1 2028
3 1 635 1 927 1 1247
3 1 613 1 905 1 1225
3 1 356 1 749 1 1389
3 1 634 1 926 1 1246
3 1 403 1 1516 1 1836
3 1 625 1 917 1 1237
3 1 566 1 826 1 1466
3 1 445 1 854 1 1814
3 1 390 1 863 1 1823
3 1 454 1 1903 1 2223
3 1 592 1 948 1 1268
3 1 365 1 758 1 1398
3 1 577 1 1253 1 1893
3 1 414 1 887 1 1847
3 1 581 1 937 1 1257
3 1 448 1 1897 1 2217
3 1 486 1 975 1 1935
3 1 515 1 711 1 1991
3 1 567 1 827 1 2107
3 1 567 1 827 1 1787
3 1 567 1 827 1 1467
