595 2240
2 1 1471 1 2111
2 1 1791 1 2111
2 1 1471 1 1791
2 1 1470 1 2110
2 1 1468 1 1788
2 1 1468 1 2108
2 1 1788 1 2108
2 1 1787 1 2107
2 1 1467 1 2107
2 1 1467 1 1787
2 1 1466 1 2106
2 1 1465 1 1785
2 1 1465 1 2105
2 1 1785 1 2105
2 1 1453 1 1773
2 1 1453 1 2093
2 1 1773 1 2093
2 1 1452 1 1772
2 1 1452 1 2092
2 1 1772 1 2092
2 1 1451 1 2091
2 1 1771 1 2091
2 1 1451 1 1771
2 1 1437 1 2077
2 1 1437 1 1757
2 1 1757 1 2077
2 1 1433 1 2073
2 1 1433 1 1753
2 1 1753 1 2073
2 1 1752 1 2072
2 1 1751 1 2071
2 1 1750 1 2070
2 1 1430 1 1750
2 1 1430 1 2070
2 1 1741 1 2061
2 1 1737 1 2057
2 1 1736 1 2056
2 1 1414 1 1734
2 1 1749 1 2069
2 1 1414 1 2054
2 1 1734 1 2054
2 1 1733 1 2053
2 1 1413 1 1733
2 1 1413 1 2053
2 1 1731 1 2051
2 1 1730 1 2050
2 1 1410 1 2050
2 1 1410 1 1730
2 1 1409 1 2049
2 1 1729 1 2049
2 1 1409 1 1729
2 1 1408 1 1728
2 1 1728 1 2048
2 1 1408 1 2048
2 1 1420 1 1740
2 1 973 1 1293
2 1 973 1 1613
2 1 1293 1 1613
2 1 968 1 1608
2 1 967 1 1287
2 1 967 1 1607
2 1 1287 1 1607
2 1 966 1 1606
2 1 965 1 1605
2 1 965 1 1285
2 1 1285 1 1605
2 1 964 1 1604
2 1 963 1 1603
2 1 962 1 1602
2 1 1023 1 1343
2 1 961 1 1601
2 1 1341 1 1661
2 1 1021 1 1341
2 1 1021 1 1661
2 1 1338 1 1658
2 1 1017 1 1337
2 1 1464 1 1784
2 1 1008 1 1328
2 1 1010 1 1330
2 1 1010 1 1650
2 1 1330 1 1650
2 1 1327 1 1647
2 1 1326 1 1646
2 1 1325 1 1645
2 1 1323 1 1643
2 1 1001 1 1321
2 1 1321 1 1641
2 1 1001 1 1641
2 1 1318 1 1638
2 1 1444 1 1764
2 1 997 1 1637
2 1 986 1 1306
2 1 988 1 1628
2 1 988 1 1308
2 1 1308 1 1628
2 1 984 1 1304
2 1 984 1 1624
2 1 1304 1 1624
2 1 1303 1 1623
2 1 1302 1 1622
2 1 977 1 1617
2 1 1154 1 1474
2 1 834 1 1154
2 1 834 1 1474
2 1 1153 1 1473
2 1 833 1 1153
2 1 833 1 1473
2 1 832 1 1152
2 1 1152 1 1472
2 1 832 1 1472
2 1 895 1 1535
2 1 894 1 1534
2 1 1022 1 1342
2 1 1342 1 1662
2 1 1022 1 1662
2 1 892 1 1212
2 1 892 1 1532
2 1 1212 1 1532
2 1 1211 1 1531
2 1 891 1 1211
2 1 891 1 1531
2 1 1322 1 1642
2 1 890 1 1530
2 1 1210 1 1530
2 1 890 1 1210
2 1 1209 1 1529
2 1 889 1 1529
2 1 1336 1 1656
2 1 889 1 1209
2 1 888 1 1528
2 1 888 1 1208
2 1 1208 1 1528
2 1 1016 1 1656
2 1 1016 1 1336
2 1 1462 1 1782
2 1 1462 1 2102
2 1 1782 1 2102
2 1 883 1 1203
2 1 1458 1 2098
2 1 1204 1 1524
2 1 1011 1 1651
2 1 881 1 1521
2 1 881 1 1201
2 1 1201 1 1521
2 1 1015 1 1335
2 1 877 1 1197
2 1 877 1 1517
2 1 1197 1 1517
2 1 876 1 1196
2 1 876 1 1516
2 1 1196 1 1516
2 1 1195 1 1515
2 1 875 1 1515
2 1 875 1 1195
2 1 1193 1 1513
2 1 1190 1 1510
2 1 874 1 1514
2 1 1194 1 1514
2 1 874 1 1194
2 1 1189 1 1509
2 1 1188 1 1508
2 1 1316 1 1636
2 1 1315 1 1635
2 1 1184 1 1504
2 1 1312 1 1632
2 1 991 1 1631
2 1 1181 1 1501
2 1 1179 1 1499
2 1 1177 1 1497
2 1 856 1 1496
2 1 857 1 1497
2 1 857 1 1177
2 1 855 1 1495
2 1 854 1 1494
2 1 853 1 1173
2 1 852 1 1492
2 1 1173 1 1493
2 1 1427 1 2067
2 1 850 1 1490
2 1 1168 1 1488
2 1 853 1 1493
2 1 976 1 1616
2 1 1165 1 1485
2 1 1164 1 1484
2 1 844 1 1164
2 1 844 1 1484
2 1 972 1 1612
2 1 1292 1 1612
2 1 972 1 1292
2 1 971 1 1611
2 1 1160 1 1480
2 1 840 1 1160
2 1 840 1 1480
2 1 839 1 1479
2 1 837 1 1477
2 1 836 1 1476
2 1 896 1 2176
2 1 1856 1 2176
2 1 896 1 1856
2 1 959 1 1919
2 1 959 1 2239
2 1 1919 1 2239
2 1 1918 1 2238
2 1 958 1 2238
2 1 958 1 1918
2 1 893 1 1533
2 1 1213 1 1533
2 1 893 1 1213
2 1 1084 1 2044
2 1 763 1 1083
2 1 955 1 2235
2 1 762 1 1082
2 1 954 1 1914
2 1 954 1 2234
2 1 1914 1 2234
2 1 761 1 1081
2 1 953 1 1913
2 1 1080 1 2040
2 1 1912 1 2232
2 1 952 1 2232
2 1 952 1 1912
2 1 1463 1 1783
2 1 1911 1 2231
2 1 951 1 2231
2 1 951 1 1911
2 1 1334 1 1654
2 1 1333 1 1653
2 1 757 1 2037
2 1 1781 1 2101
2 1 1461 1 2101
2 1 1461 1 1781
2 1 885 1 1525
2 1 885 1 1205
2 1 1205 1 1525
2 1 756 1 1076
2 1 755 1 1075
2 1 754 1 2034
2 1 1329 1 1649
2 1 1009 1 1329
2 1 1009 1 1649
2 1 882 1 1202
2 1 1073 1 2033
2 1 753 1 2033
2 1 753 1 1073
2 1 1457 1 1777
2 1 1072 1 2032
2 1 1071 1 2031
2 1 944 1 1904
2 1 944 1 2224
2 1 1904 1 2224
2 1 1070 1 2030
2 1 750 1 1070
2 1 750 1 2030
2 1 749 1 2029
2 1 749 1 1069
2 1 1069 1 2029
2 1 748 1 1068
2 1 940 1 1900
2 1 1900 1 2220
2 1 940 1 2220
2 1 747 1 2027
2 1 1067 1 2027
2 1 747 1 1067
2 1 939 1 2219
2 1 746 1 1066
2 1 938 1 2218
2 1 745 1 1065
2 1 1769 1 2089
2 1 937 1 1897
2 1 743 1 1063
2 1 936 1 2216
2 1 1447 1 2087
2 1 742 1 1062
2 1 935 1 2215
2 1 1446 1 2086
2 1 1446 1 1766
2 1 1766 1 2086
2 1 1061 1 2021
2 1 741 1 1061
2 1 741 1 2021
2 1 934 1 1894
2 1 1445 1 2085
2 1 740 1 2020
2 1 740 1 1060
2 1 1060 1 2020
2 1 933 1 1893
2 1 1893 1 2213
2 1 933 1 2213
2 1 739 1 2019
2 1 932 1 1892
2 1 1891 1 2211
2 1 931 1 2211
2 1 931 1 1891
2 1 994 1 1634
2 1 1314 1 1634
2 1 994 1 1314
2 1 867 1 1187
2 1 1313 1 1633
2 1 1057 1 2017
2 1 1056 1 2016
2 1 736 1 2016
2 1 736 1 1056
2 1 735 1 2015
2 1 927 1 1887
2 1 990 1 1630
2 1 863 1 1183
2 1 734 1 2014
2 1 1758 1 2078
2 1 989 1 1309
2 1 1309 1 1629
2 1 989 1 1629
2 1 733 1 1053
2 1 733 1 2013
2 1 1053 1 2013
2 1 924 1 2204
2 1 1756 1 2076
2 1 860 1 1180
2 1 1180 1 1500
2 1 860 1 1500
2 1 987 1 1627
2 1 1051 1 2011
2 1 1305 1 1625
2 1 1178 1 1498
2 1 1049 1 2009
2 1 729 1 1049
2 1 729 1 2009
2 1 728 1 2008
2 1 728 1 1048
2 1 1048 1 2008
2 1 920 1 2200
2 1 920 1 1880
2 1 1880 1 2200
2 1 1047 1 2007
2 1 919 1 2199
2 1 1879 1 2199
2 1 919 1 1879
2 1 726 1 1046
2 1 726 1 2006
2 1 1046 1 2006
2 1 918 1 2198
2 1 725 1 2005
2 1 725 1 1045
2 1 1045 1 2005
2 1 917 1 2197
2 1 1877 1 2197
2 1 917 1 1877
2 1 1044 1 2004
2 1 724 1 2004
2 1 724 1 1044
2 1 1748 1 2068
2 1 916 1 2196
2 1 916 1 1876
2 1 1876 1 2196
2 1 723 1 2003
2 1 978 1 1298
2 1 722 1 2002
2 1 1042 1 2002
2 1 722 1 1042
2 1 1875 1 2195
2 1 915 1 2195
2 1 915 1 1875
2 1 1041 1 2001
2 1 1425 1 2065
2 1 1745 1 2065
2 1 1425 1 1745
2 1 1040 1 2000
2 1 913 1 1873
2 1 1744 1 2064
2 1 1424 1 1744
2 1 1424 1 2064
2 1 912 1 2192
2 1 1294 1 1614
2 1 974 1 1294
2 1 974 1 1614
2 1 1743 1 2063
2 1 1423 1 2063
2 1 1423 1 1743
2 1 1167 1 1487
2 1 718 1 1038
2 1 1038 1 1998
2 1 718 1 1998
2 1 911 1 1871
2 1 911 1 2191
2 1 1871 1 2191
2 1 1422 1 1742
2 1 1742 1 2062
2 1 1422 1 2062
2 1 1870 1 2190
2 1 1036 1 1996
2 1 1869 1 2189
2 1 909 1 1869
2 1 909 1 2189
2 1 1868 1 2188
2 1 908 1 2188
2 1 908 1 1868
2 1 1867 1 2187
2 1 907 1 2187
2 1 907 1 1867
2 1 970 1 1610
2 1 1290 1 1610
2 1 970 1 1290
2 1 714 1 1994
2 1 1289 1 1609
2 1 842 1 1162
2 1 713 1 1033
2 1 712 1 1032
2 1 1865 1 2185
2 1 904 1 1864
2 1 1864 1 2184
2 1 904 1 2184
2 1 903 1 1863
2 1 1863 1 2183
2 1 903 1 2183
2 1 710 1 1990
2 1 710 1 1030
2 1 1030 1 1990
2 1 902 1 2182
2 1 1862 1 2182
2 1 902 1 1862
2 1 709 1 1989
2 1 1029 1 1989
2 1 709 1 1029
2 1 1861 1 2181
2 1 901 1 2181
2 1 901 1 1861
2 1 1028 1 1988
2 1 1860 1 2180
2 1 900 1 1860
2 1 900 1 2180
2 1 1412 1 2052
2 1 707 1 1987
2 1 707 1 1027
2 1 1027 1 1987
2 1 1858 1 2178
2 1 898 1 1858
2 1 898 1 2178
2 1 897 1 2177
2 1 705 1 1025
3 1 496 1 1881 1 2201
3 1 537 1 797 1 2077
3 1 537 1 797 1 1757
3 1 611 1 903 1 1223
3 1 492 1 1621 1 1941
3 1 537 1 797 1 1437
3 1 517 1 777 1 2057
3 1 611 1 1223 1 1863
3 1 365 1 758 1 1398
3 1 332 1 1301 1 1621
3 1 471 1 960 1 1920
3 1 556 1 816 1 2096
3 1 557 1 817 1 1457
3 1 612 1 1224 1 1864
3 1 629 1 1241 1 1881
3 1 436 1 1165 1 1805
3 1 595 1 951 1 1271
3 1 515 1 711 1 1031
3 1 412 1 1525 1 1845
3 1 611 1 1223 1 2183
3 1 612 1 904 1 1224
3 1 375 1 960 1 1280
3 1 476 1 1285 1 1925
3 1 382 1 1031 1 1351
3 1 341 1 734 1 1374
3 1 562 1 822 1 1462
3 1 444 1 853 1 1813
3 1 595 1 887 1 1207
3 1 612 1 1224 1 2184
3 1 565 1 825 1 1465
3 1 517 1 777 1 1737
3 1 571 1 831 1 2111
3 1 449 1 1642 1 1962
3 1 568 1 828 1 1788
3 1 480 1 1609 1 1929
3 1 622 1 1234 1 1874
3 1 436 1 1485 1 1805
3 1 341 1 1374 1 2014
3 1 325 1 1358 1 1998
3 1 626 1 1174 1 1494
3 1 521 1 717 1 1037
3 1 609 1 837 1 1157
3 1 552 1 812 1 1772
3 1 443 1 852 1 1812
3 1 320 1 713 1 1353
3 1 552 1 812 1 1452
3 1 568 1 828 1 2108
3 1 493 1 1302 1 1942
3 1 618 1 1166 1 1486
3 1 424 1 1153 1 1793
3 1 614 1 1226 1 1866
3 1 561 1 821 1 2101
3 1 443 1 1492 1 1812
3 1 455 1 1008 1 1968
3 1 504 1 1889 1 2209
3 1 571 1 831 1 1471
3 1 535 1 731 1 1051
3 1 609 1 1157 1 1477
3 1 624 1 1172 1 1492
3 1 478 1 1287 1 1927
3 1 616 1 1228 1 2188
3 1 407 1 1776 1 2096
3 1 595 1 1271 1 1911
3 1 488 1 913 1 2193
3 1 567 1 827 1 2107
3 1 405 1 1774 1 2094
3 1 571 1 831 1 1791
3 1 414 1 887 1 1847
3 1 494 1 1623 1 1943
3 1 595 1 1271 1 2231
3 1 416 1 1209 1 1849
3 1 445 1 854 1 1814
3 1 606 1 1218 1 2178
3 1 568 1 828 1 1468
3 1 445 1 1494 1 1814
3 1 566 1 826 1 2106
3 1 458 1 947 1 2227
3 1 524 1 784 1 1744
3 1 562 1 822 1 1782
3 1 610 1 838 1 1158
3 1 510 1 1319 1 1959
3 1 553 1 813 1 1453
3 1 527 1 787 1 1427
3 1 574 1 770 1 1410
3 1 570 1 830 1 2110
3 1 616 1 908 1 1228
3 1 553 1 813 1 1773
3 1 430 1 1479 1 1799
3 1 531 1 791 1 2071
3 1 530 1 790 1 2070
3 1 632 1 1244 1 2204
3 1 574 1 770 1 1730
3 1 606 1 898 1 1218
3 1 454 1 943 1 2223
3 1 545 1 805 1 1445
3 1 431 1 1480 1 1800
3 1 606 1 1218 1 1858
3 1 565 1 825 1 1785
3 1 525 1 721 1 2001
3 1 346 1 739 1 1379
3 1 332 1 1045 1 1365
3 1 417 1 1466 1 1786
3 1 571 1 767 1 1087
3 1 525 1 721 1 1041
3 1 567 1 827 1 1787
3 1 421 1 1470 1 1790
3 1 531 1 791 1 1751
3 1 421 1 1790 1 2110
3 1 570 1 830 1 1470
3 1 594 1 1270 1 2230
3 1 462 1 1015 1 1975
3 1 565 1 825 1 2105
3 1 533 1 793 1 2073
3 1 412 1 885 1 1845
3 1 567 1 827 1 1467
3 1 417 1 1786 1 2106
3 1 461 1 1654 1 1974
3 1 465 1 1338 1 1978
3 1 529 1 789 1 2069
3 1 412 1 1205 1 1845
3 1 566 1 826 1 1466
3 1 553 1 813 1 2093
3 1 554 1 814 1 2094
3 1 552 1 812 1 2092
3 1 551 1 811 1 2091
3 1 551 1 811 1 1771
3 1 551 1 811 1 1451
3 1 335 1 1048 1 1368
3 1 616 1 1228 1 1868
3 1 521 1 781 1 1741
3 1 521 1 781 1 2061
3 1 531 1 727 1 2007
3 1 333 1 726 1 1366
3 1 587 1 1199 1 1519
3 1 503 1 1312 1 1952
3 1 442 1 1747 1 2067
3 1 578 1 934 1 1254
3 1 364 1 757 1 1397
3 1 400 1 1513 1 1833
3 1 505 1 1890 1 2210
3 1 524 1 720 1 2000
3 1 533 1 793 1 1753
3 1 363 1 1332 1 1652
3 1 564 1 824 1 1464
3 1 374 1 1087 1 1407
3 1 321 1 1354 1 1994
3 1 516 1 776 1 2056
3 1 618 1 1230 1 2190
3 1 328 1 1297 1 1617
3 1 438 1 1167 1 1807
3 1 437 1 1486 1 1806
3 1 516 1 776 1 1736
3 1 626 1 854 1 1174
3 1 624 1 852 1 1172
3 1 477 1 966 1 1926
3 1 522 1 782 1 1422
3 1 462 1 1335 1 1975
